,Rs,Rj,Ra,Sj,Sa,Sb,Sga,Sgb,Cj,Ca,Cb,Cga,Cgb,Clupeid adult,Cod adult
0,0.06372296569243488,0.0020201239360146343,0.002829545104335271,0.04775299364696024,0.13677242063834458,0.20345272836201148,0.0031574690709375254,0.028845383164580435,0.021007105958096906,0.014090682594187404,0.00013672411818090692,0.0004101379086306498,2.248412054345933e-05,0.372228001235874,0.014660028741542418
1,0.06227418229662539,0.0020153995408158276,0.002813946488490746,0.04740558752224208,0.13746899848210783,0.20220177949572474,0.003140836951278563,0.028318585560213636,0.02071938168309794,0.013917644718507035,0.00014081963778980175,0.00040833199956835734,2.3364694098149598e-05,0.37113020048932477,0.014490161049963344
2,0.06086262096353384,0.0020108665399900887,0.0027984740591656264,0.04705171082072127,0.13818454609628653,0.20092242621547637,0.0031232298395330415,0.027781957208347686,0.020429706332901774,0.01373881632611437,0.00014488072000776034,0.0004062874278799687,2.4253123176981893e-05,0.37001215935964354,0.014314237597179083
3,0.059486349210522205,0.00200652666679862,0.0027831272149009354,0.046691541203191134,0.13892026639726296,0.19961563396324042,0.003104644542040041,0.027236102044018037,0.020138178290944327,0.013554321888807128,0.00014889743875488685,0.0004040035444670638,2.5147732400400908e-05,0.36887664694656147,0.01413237060442948
4,0.05814309520227851,0.0020023855455203253,0.002767905720959136,0.04632521950967034,0.1396781446994686,0.19828244945935386,0.0030850726406652317,0.02668142003610415,0.0198448192286777,0.01336422429292288,0.00015285898294665424,0.0004014779607445696,2.6046640186788324e-05,0.36772708683559185,0.01394460787680089
5,0.05683074818826256,0.0019984497709821347,0.0027528094216639604,0.04595284916392439,0.1404601826962951,0.19692378113425635,0.003064500139018906,0.026118277231734332,0.019549627168570585,0.01316856459673263,0.00015675378797650719,0.0003987076225633469,2.6947769676234122e-05,0.36656674120130467,0.013750973776948719
6,0.05554734721313741,0.001994726967686369,0.0027378382380814923,0.045574498282465854,0.14126838929184157,0.1955404197305439,0.0030429070040666386,0.025547010875055558,0.019252577229326596,0.012967363284225725,0.00016056949591000861,0.000395688825060888,2.784883481082732e-05,0.36539872690150765,0.01355147044000745
7,0.054291071240947085,0.001991225860447077,0.002722992164787772,0.0451902021585411,0.1421047645443411,0.1941330628780108,0.003020266554476692,0.0249679348497637,0.01895362233391392,0.012760621675497632,0.00016429291716684724,0.00039241723341078744,2.8747326120720944e-05,0.3642260288265923,0.013346079152195989
8,0.053060231254371495,0.0019879563482483073,0.002708271264914385,0.044799965879973536,0.14297127359882492,0.19270234572069406,0.0029965446789938406,0.024381345914000093,0.018652693993948574,0.012548323623505003,0.0001679099961001364,0.0003888879140993211,2.9640496639317224e-05,0.3630515099125129,0.013134762030343776
9,0.051853265040799026,0.001984929578750872,0.002693675662769038,0.04440376734695009,0.14386980598648444,0.19124888051087668,0.0029716988447015045,0.023787531257323653,0.01834970326814484,0.01233043762566223,0.00017140578353169522,0.0003850953810693309,3.0525348503504934e-05,0.36187791659938623,0.012917464138766759
10,0.05066873414928164,0.001982158026406275,0.0026792055330002104,0.04400156140507086,0.14480211575963944,0.18977330839056974,0.0029456768315888502,0.023186777445626486,0.018044542037181043,0.012106919575694748,0.00017476442087233844,0.0003810336641923572,3.139862110052539e-05,0.36070787842742447,0.012694116281859971
11,0.04950532373656473,0.0019796555617104263,0.0026648610847878978,0.04359328516206752,0.1457697369667037,0.18827636721266972,0.00291841516987559,0.022579381149140376,0.017737084815675645,0.011877716432581554,0.0001779691425375565,0.00037669641024818285,3.22567820722886e-05,0.35954390049838936,0.012464638767439582
12,0.04836184600805049,0.001977437501107449,0.0026506425399364392,0.043178864580080224,0.14677386881702775,0.1867589793044129,0.0028898373101838718,0.02196566220587523,0.017427191273668936,0.011642770999143837,0.00018100230401130554,0.0003720770242737741,3.309602269557469e-05,0.35838834763749977,0.01222894635012449
13,0.047237246033159166,0.0019755206416379677,0.0026365501050456355,0.042758222702614715,0.14781523165745053,0.18522235914955024,0.0028598516535379166,0.02134597832055596,0.017114709449437163,0.011402027790820309,0.0001838454406916729,0.00036716885234197436,3.391225884802871e-05,0.3572434207810946,0.011986954342701984
14,0.04613060760295304,0.0019739232920505147,0.002622583941716044,0.042331288096466475,0.14889391446101516,0.18366812886798342,0.002828349933521341,0.020720738906483696,0.016799479081041322,0.011155439215015293,0.00018647935139485923,0.00036196538305620417,3.470113682902204e-05,0.35611113216900364,0.01173858508629538
15,0.04504115200531069,0.001972665371543323,0.0026087441501222827,0.041897998772142786,0.15000928564673188,0.1820983971997274,0.0027952072531675855,0.020090411091823693,0.01648133277623983,0.010902969084491624,0.00018888416223161435,0.0003564603723900035,3.5458036258468895e-05,0.35499330119145056,0.01148377165537171
16,0.04396821024552202,0.00197176881313668,0.0025950308080452352,0.04145828976881619,0.15116016228613635,0.1805156798381042,0.0027602866958594823,0.019455499527528244,0.016160088626804035,0.010644585405305352,0.00019103922673115197,0.00035064762427368314,3.617804322096585e-05,0.3538916283476283,0.011222450299531153
17,0.04291112959356247,0.0019712588344759914,0.002581444159002628,0.04101203726504108,0.15234566779828895,0.17892238892110868,0.002723454200958629,0.018816462307473882,0.015835519788173123,0.010380224537617133,0.000192922505091757,0.00034451981989446964,3.6855825106205005e-05,0.35280797322783014,0.010954522687709568
18,0.04186905834750897,0.001971167094083839,0.0025679850969655953,0.040558917294390914,0.15356744125764424,0.17731946665503956,0.0026846107775198376,0.01817350978282283,0.015507277560321381,0.010109698717023366,0.00019450878434476424,0.0003380654161834897,3.7485280553641616e-05,0.35174502847302647,0.01067975819810526
19,0.04084062402428996,0.0019715372714100665,0.0025546559590494725,0.04009817741580068,0.15483320396614367,0.17570414252148428,0.0026437361855114346,0.01752630223608832,0.015174763745780787,0.009832545372128887,0.00019576642897335816,0.000331263456912164,3.805889074841283e-05,0.3507073849092277,0.010397634148762823
20,0.03982382939078347,0.0019724295602059475,0.0025414609236983124,0.03962852478920016,0.15615838513001226,0.17406888267253512,0.002600892154615274,0.01687385823433132,0.014837056938398978,0.009547953306943528,0.00019665495891631478,0.00032408072928102785,3.8567193197592e-05,0.349702018191494,0.010107256188338463
21,0.03881651340960065,0.0019739183612562674,0.0025284051278893003,0.039148381418482654,0.15756180178557375,0.17240409435164117,0.002556140191437387,0.016215003868372838,0.014493031149284555,0.00925493436170664,0.0001971271643563726,0.00031647711804139904,3.899910540442335e-05,0.34873704019702517,0.009807537749508835
22,0.03782204360080141,0.001976001080178177,0.0025154806404715426,0.03866004154277639,0.15905424927698678,0.1706848994544784,0.0025109253090065758,0.015558547593417165,0.014143634546906321,0.008955109760587138,0.00019718914641444406,0.0003085013391228552,3.935375590241323e-05,0.34780862163388887,0.009500154002026851
23,0.036851980011322394,0.001978523604841188,0.002502658107839462,0.03817204674835156,0.16063044344262767,0.1688659928391681,0.002468869178594355,0.01492798411428612,0.013793345093779798,0.008654315123566904,0.00019694592930575157,0.00030034996733033757,3.965006778549762e-05,0.34689328957467624,0.009191261087988489
24,0.03589633891618064,0.001981694146890352,0.0024899615394187603,0.03767706968084592,0.16231980843334531,0.16696140398826004,0.0024279317620324917,0.01430740827367469,0.013437846746998529,0.00834776736512377,0.00019627097605486507,0.0002918541489255379,3.9860946460139856e-05,0.3460165524573125,0.008875753436564313
25,0.03495036489637336,0.0019856695699490235,0.002477403636926459,0.037171160997397666,0.16414956025599947,0.16496635335819118,0.0023874497085776495,0.01369057516506551,0.013074539693773961,0.00803297634258702,0.00019507817611419544,0.0002829208689070699,3.996660267148855e-05,0.34519393848783386,0.008550941990279774
26,0.03401020932459745,0.001990626224122215,0.0024649961282316025,0.036650638340450896,0.1661517735091947,0.16286878784781145,0.0023470435030636103,0.013073084694314677,0.012700822711521306,0.007707680445007793,0.00019327857415043308,0.00027346260500474257,3.9946009052786536e-05,0.3444406895543844,0.008214367633215756
27,0.03307192758653962,0.0019967879436794808,0.002452752434170551,0.036111275563518314,0.1683671911366033,0.16065025671037728,0.0023063943891728925,0.012450695703784178,0.01231358726436559,0.007369324154169362,0.0001907674129692434,0.00026337891397700436,3.977417403971598e-05,0.3437745379399377,0.007863244655155328
28,0.03213093617960051,0.0020044557786422453,0.002440689336513902,0.03554782313405881,0.17084992161256868,0.15828404090511092,0.002265165344326511,0.011818605759365797,0.011908824150987821,0.007014743449452304,0.000187414136514068,0.0002525446437806772,3.941988726786622e-05,0.3432177336213719,0.007494122117014916
29,0.031180974386469558,0.0020140649302368935,0.0024288296511093535,0.03495345893466592,0.1736765015335982,0.15573055603287167,0.0022229124346917523,0.01117046126869751,0.011480938287505418,0.006639676147379786,0.00018304582699581952,0.00024079111355366795,3.884195475633553e-05,0.3428004312698591,0.007102355042685609
30,0.030207484542632453,0.002026445963560389,0.0024172149565607633,0.03431835205288886,0.17698881359576893,0.15291664676961628,0.0021787591532620517,0.010493346871541891,0.01101936074653983,0.006236469635693646,0.00017737879538905682,0.00022781984255666624,3.797423715000396e-05,0.34257756639018916,0.006679642510789373
31,0.029113914591503143,0.002046027441743353,0.0024060419610546155,0.033615453144735546,0.1815232303064303,0.14946219988946732,0.0021295954575048515,0.009715604332179143,0.010464902896956414,0.005769639777973945,0.00016935671518036318,0.00021229714728508684,3.658441284535271e-05,0.3428306299855816,0.006187878053284748
32,0.02800338968188671,0.0020740951830916943,0.002395291625541548,0.032757406381401795,0.18758985578333887,0.14507194015379438,0.0020915015882377783,0.008917597937975766,0.009795641940790035,0.005240540499600641,0.00015896395942852534,0.00019431091381482297,3.466192919511216e-05,0.3436708954633468,0.005628477302039102
33,0.024031488476000444,0.002295690029249747,0.002392584711744093,0.030052625024507413,0.22454674126262394,0.1236005676596067,0.001972486431999263,0.005834568165215489,0.006818767638719605,0.0032304850883911403,0.0001025356098959241,0.00012069684318593981,2.2644187160945842e-05,0.35595436351944537,0.00347636172863395
34,0.023210318343805034,0.002360854919728174,0.002382904858025171,0.028419391478964922,0.23577124492989443,0.11551069371319067,0.0019175158594079615,0.004991616808965684,0.005891358702524337,0.002526338940874372,8.263276300214918e-05,9.514246697848232e-05,1.842345702500757e-05,0.3581910713114587,0.002722537627880011
35,0.022396771937030872,0.0024339383377669104,0.0023729797327351255,0.026993814008875246,0.24690717253133643,0.10709367040818879,0.0017816835579930132,0.004050426674285979,0.0049935257535064165,0.0018922905851588064,6.358296455965307e-05,7.169434640028847e-05,1.4302382832853356e-05,0.3598329531718042,0.0020418702789516013
36,0.02201231124916436,0.0024793664989538246,0.002361771008927026,0.02593010894698499,0.25341548652436,0.10108983186611394,0.001720297216174818,0.0035775234916968174,0.004411359061070611,0.001520435796411792,5.2566263315619144e-05,5.8031736674531896e-05,1.1930347554618002e-05,0.35980313909834555,0.0016429641439565613
37,0.02123947211676066,0.0026342408373511276,0.002351928164844815,0.024273156572147667,0.2712969110100408,0.08697344471161622,0.0016356907027399573,0.002709994090735622,0.0030399558769330396,0.0009123065639188882,3.257388064368034e-05,3.506276873612584e-05,7.467997654787839e-06,0.3626160405151326,0.0009874112109534822
38,0.020616242619758626,0.0028304474681397586,0.002341558318231423,0.022661260289828337,0.28974453859738986,0.07180627187689109,0.001555218837157003,0.001977234908070228,0.0016132173907917313,0.0004227017250274025,1.5556600356844755e-05,1.6351336297518722e-05,3.602553078229741e-06,0.3650832642195082,0.0004582122147599958
39,0.020279442834538045,0.0029727742859935445,0.0023300381197947128,0.021606098718463893,0.3002928287078107,0.061976812698804944,0.0014990572286371826,0.0015809414036850582,0.0006964501204083334,0.00016690273295911324,6.3175831362911575e-06,6.497709038631983e-06,1.4767521284184762e-06,0.3653496400389379,0.00018119477726245487
40,0.02012270474120624,0.00304122660157771,0.0023178326052417566,0.020985560817133722,0.3040129833431571,0.057073705370781214,0.001464768853720041,0.0014027955511047836,0.0002476458276163646,5.560937429166161e-05,2.16341504382587e-06,2.179489694764945e-06,5.101849505284503e-07,0.3639542531187631,6.046246398078088e-05
41,0.020053800773625844,0.003059785387307423,0.002305331231539345,0.020597148177518062,0.3039785058169011,0.05494153172726971,0.0014434572398761528,0.0013299675822273677,6.931297936928218e-05,1.4653885939901537e-05,5.858966770324984e-07,5.783715592712946e-07,1.3935455020875715e-07,0.3616934623662744,1.595750872641409e-05
42,0.020022136727412706,0.0030540714905595203,0.0022927513299803434,0.020312100188867633,0.3022866986124547,0.05405094366344256,0.0014281705184030387,0.0013013910132571983,1.4412357930040025e-05,2.865344373776183e-06,1.177522276934007e-07,1.1391509868049757e-07,2.8244652008634446e-08,0.35906720380755747,3.1252563521587154e-06
43,0.020002967728900402,0.0030398322479311722,0.0022801983175187186,0.020064113646596504,0.30004189983824237,0.053586831235953,0.0014150233052682552,0.0012876590163380035,2.1161824400639925e-06,3.946963445027856e-07,1.6674125863384125e-08,1.5808567560453015e-08,4.0334040308203064e-09,0.3563314133958016,4.312124419574431e-07
44,0.01998686565546161,0.003023570905221474,0.0022677104643881872,0.01982739341552641,0.29767697800125925,0.053227864282166706,0.0014024933018864138,0.0012775749589975995,2.100049654149448e-07,3.6651024545576975e-08,1.591928399153179e-09,1.4791164903226983e-09,3.8835217774769685e-10,0.35358491054430996,4.011042161280055e-08
45,0.019971345100454396,0.0030070598405533546,0.0022552969640760624,0.01959502581335104,0.2953077492395972,0.05288769737679397,0.0013901787228541628,0.0012681642776921239,1.350535037233704e-08,2.1997995908445318e-09,9.825575445000191e-11,8.946352146438761e-11,2.4174231774823006e-11,0.3508537896169375,2.4116930985337443e-09
46,0.01995597446126783,0.0029906117548363716,0.002242958899577439,0.019365769321014904,0.2929544364683133,0.05255111857545808,0.0013780116177450252,0.0012589077505897866,5.389911385906333e-10,8.172741545028127e-11,3.754677643255378e-12,3.3499418548966714e-12,9.317132789182636e-13,0.3481424744121062,8.976374822735156e-11
47,0.01994070587905919,0.002974261241003185,0.0022306959327349015,0.019139448115689694,0.2906191617918687,0.05221644520812407,0.0013659809397909123,0.0012497451833333461,1.2760285422811411e-11,1.7965680144670884e-12,8.491459159758421e-14,7.422976359372961e-14,2.1253564349236652e-14,0.345451333123117,1.976965934007639e-12
48,0.019925535163451996,0.002958010097623772,0.0022185075732444963,0.018916013140573274,0.2883019496430751,0.05188355944174342,0.0013540840902327809,0.0012406713866892618,1.710501162635344e-13,2.2302924829127677e-14,1.0847925567192395e-15,9.289978102440609e-16,2.738813061275119e-16,0.34278026456174054,2.4590596502218494e-14
49,0.01991046157089538,0.0029418577653352205,0.0022063933240016073,0.01869542421736934,0.28600266254279355,0.05155246884247788,0.0013423180064394819,0.0012316843432362908,1.2381042237241977e-15,1.4908844900077854e-16,7.464386049873416e-18,6.2612594726382444e-18,1.9010921553408916e-18,0.34012913373494724,1.647151866786311e-16
50,0.019895484211529726,0.002925803588110065,0.002194352691082552,0.01847764267446349,0.28372116522429514,0.051223177315950615,0.0013306802284584471,0.0012227825512206058,4.612286659292158e-18,5.113868951369106e-19,2.636266319265027e-20,2.165558927355436e-20,6.773589997925368e-21,0.33749780531992485,5.661787376010406e-19
51,0.019880601989866832,0.002909846912164072,0.0021823851841230543,0.018262630801619387,0.28145732706991844,0.050895684159436815,0.0013191687128337034,0.0012139648035594623,8.425809942821975e-21,8.573767382797216e-22,4.552294571952519e-23,3.661203173117813e-23,1.1800684892381646e-23,0.3348861447457484,9.513124006228067e-22
52,0.01986581405607209,0.00289398708839995,0.002170490316299963,0.01805035086388082,0.2792110057758475,0.050570001790463275,0.0013077802765732818,0.0012052290484321393,7.190370729525269e-24,6.69085729651861e-25,3.660108254697183e-26,2.8812836199332467e-26,9.572907662009914e-27,0.33229401689131627,7.440725560601752e-25
53,0.019851118927861976,0.002878223472405169,0.002158667604303877,0.01784076691103363,0.27698207791691176,0.05024612308757116,0.0012965132695551484,0.0011965742899208648,2.7299477699404346e-27,2.3138985466118464e-28,1.3045175530394166e-29,1.0048768186036354e-29,3.442688105749229e-30,0.3297212885639589,2.5792648648336443e-28
54,0.019836515281729035,0.002862555424415853,0.0021469165683118898,0.01763384307637612,0.27477040699990674,0.04992405523017772,0.0012853648437168874,0.0011879986469463168,4.391042309087529e-31,3.3754429143018344e-32,1.9618937342987787e-33,1.4783181367273798e-33,5.224496146386553e-34,0.32716782572074765,3.7717090628683157e-32
55,0.019822001351588743,0.0028469823092806944,0.0021352367319605213,0.017429544790031327,0.27257586375373277,0.04960379839444006,0.00127433255709042,0.001179500474801064,2.8489663312852223e-35,1.9766873699912047e-36,1.1848772298458965e-37,8.730531256393844e-38,3.1840894194983743e-38,0.32463349518006435,2.2143212997347167e-36
56,0.019807574976624772,0.002831503496425261,0.0021236276223189463,0.017227838539617405,0.2703983153136147,0.04928535668956546,0.0012634135772394606,0.0011710778046305605,7.098851173424471e-40,4.4219439103836574e-41,2.7346190625355263e-42,1.96956944070932e-42,7.416034120378123e-43,0.3221181633850502,4.966523101911924e-41
57,0.019793233337729824,0.0028161183598164937,0.0021120887698623707,0.017028692384419748,0.268237630967955,0.04896873229298978,0.001252605052759667,0.001162728592805527,6.467815846990709e-45,3.595706438394654e-46,2.2949837432258734e-47,1.615030459533263e-47,6.281097329335278e-48,0.31962169690651004,4.04951883196392e-46
58,0.019778972650530725,0.002800826277927556,0.0021006197084456673,0.016832076369349993,0.26609367604711454,0.04865393152246838,0.001241903519513558,0.0011544502359952737,2.0518098134836308e-50,1.0113327083336589e-51,6.664543332553031e-53,4.580421359126655e-53,1.8408704731855858e-53,0.3171439613250918,1.1421910599823115e-51
59,0.019764787725744082,0.0027856266337029575,0.0020892199752772186,0.01663796334857108,0.2639663096283035,0.04834096651710679,0.0012313049607143025,0.0011462396683911576,2.1585680907824645e-56,9.363552265994394e-58,6.373412825679405e-59,4.2759924734987915e-59,1.7767869920939588e-59,0.3146848207745157,1.0606171495121612e-57
60,0.01975067086929055,0.00277051881452398,0.002077889110892985,0.016446331008663287,0.2618553814482572,0.04802985719147338,0.00122080474338905,0.0011380932833846202,7.175150451324943e-63,2.7165788561231448e-64,1.91067394298407e-65,1.2507401921481524e-65,5.376149727104544e-66,0.31224413666650425,3.086481766907412e-64
61,0.019736610506584915,0.002755502212174336,0.0020666266591307524,0.016257164705234712,0.2597607134887696,0.04772064751176342,0.0012103972706666982,0.0011300068872276134,7.183291082915139e-70,2.3517545112062486e-71,1.7098915491668753e-72,1.0915463790369294e-72,4.85604733590219e-73,0.30982176515842735,2.6804587773856506e-71
62,0.019722588316433462,0.0027405762228062155,0.002055432167104662,0.016070463861976334,0.25768207324152226,0.047413427058408925,0.001200076423328316,0.0011219764143012847,2.065846402425106e-77,5.787997477203074e-79,4.3520659366622784e-80,2.707906471018576e-80,1.2475106080837217e-80,0.3074175531375608,6.618745778779532e-79
63,0.019708574184652675,0.002725740246906503,0.0020443051851798777,0.015886254469801332,0.2556191077976324,0.04710838527374949,0.0011898373210748093,0.0011140005219571077,1.6290804686686758e-85,3.8613539260934865e-87,3.003792739752547e-88,1.8207126348002066e-88,8.690689569598055e-89,0.3050313309144138,4.430711359244742e-87
64,0.01969451719255424,0.002710993689263336,0.0020332452669475027,0.01570461400191438,0.253571192757608,0.04680593712760983,0.001179680945762505,0.0011060871665195336,3.3655308723383365e-94,6.665416721210243e-96,5.366378929005946e-97,3.167062336625665e-97,1.5671029442455112e-97,0.30266289799749985,7.675471142197955e-96
65,0.019680331806114417,0.0026963359589329324,0.0020222519691996997,0.015525716268032116,0.25153714522130566,0.046506958077840055,0.0011696283453284237,0.0010982715646522018,1.742261989645872e-103,2.8466036404858022e-105,2.3726904049563083e-106,1.3627054744369652e-106,6.993261173665979e-107,0.3003120032091264,3.290075840161789e-105
66,0.01966588637710879,0.002681766469206639,0.00201132485190498,0.015349887085025138,0.2495147735687973,0.04621315603327317,0.0011597475464379646,0.001090649605891447,2.1644573798177394e-113,2.8821869723447295e-115,2.4876252119252382e-116,1.3897846234030524e-116,7.399959784178955e-117,0.2979783267543999,3.3439275537193482e-115
67,0.01965104105413683,0.0026672846375783562,0.002000463478183768,0.015177550583747635,0.24750094328875544,0.04592701429739341,0.0011501783985272832,0.0010834036801919515,6.187635045829459e-124,6.636645537016129e-126,5.931528151693977e-127,3.2227484192655416e-127,1.7807102204027906e-127,0.29566153966486813,7.730144216152361e-126
68,0.019635889532936237,0.0026528898857121276,0.001989667414284096,0.015008598759409157,0.24549505638923275,0.045648920377138275,0.0011410335052269174,0.0010766605584277807,3.906823068757161e-135,3.313925530186377e-137,3.0667092689527224e-138,1.6203699818091766e-138,9.291009736625345e-139,0.29336167083002573,3.87554355262882e-137
69,0.019621322267207114,0.002638581639410049,0.0019789362295575368,0.014840716526548416,0.24350943272448083,0.04536860033201307,0.001131980175153604,0.0010699294637589063,5.233004494818454e-147,3.3574001125014846e-149,3.2190786841781484e-150,1.6531626939653086e-150,9.84259896766207e-151,0.29107994269540644,3.943050239992451e-149
70,0.019608472464771202,0.0026243593285804378,0.0019682694964353285,0.01467072926834301,0.2415625800388349,0.04507065841056225,0.0011223640756286761,0.0010622927308542073,1.430116928775526e-159,6.461022616624403e-162,6.435408465353988e-163,3.204450543566361e-163,1.9862175910346146e-163,0.28881789525588003,7.6236302766199e-162
71,0.019594621519218997,0.002610222387206219,0.0019576667904046647,0.014505595357571134,0.23961595585364903,0.04478685426426215,0.0011132395512154325,0.0010553294599872486,7.681847625196397e-173,2.3799941985107357e-175,2.4622455573622793e-176,1.188538581533533e-176,7.670244079500235e-177,0.28657137912911385,2.821775053195319e-175
72,0.01959068583055462,0.0025961702533136653,0.0019471276899852494,0.014323396112420988,0.23776287288579076,0.04443920549910695,0.0011053291006168993,0.0010483943553131168,7.865146782713633e-187,1.4771491349171353e-189,1.6123038886267768e-190,7.433125461301642e-191,5.074478633828775e-191,0.28435580184082776,1.7634555647311172e-189
73,0.019478360710896113,0.002582202368941295,0.0019366517767059718,0.014458278994804332,0.2339884718167269,0.04569202984975933,0.0011687369296340682,0.0011437656896855094,2.096699960600732e-201,3.394660042536756e-203,3.696935803875751e-204,1.703261169371735e-204,1.1690524282145e-204,0.2819930042858058,4.051584982682955e-203
74,0.019505684262488467,0.0025683181801090804,0.0019262386350818107,0.014263349222168764,0.2319289486945186,0.04554302534570901,0.0011981714050019168,0.0011801312680467836,2.3235249233376694e-216,3.830911204347934e-218,4.5283087893775104e-219,1.94028457192748e-219,1.4499334442422527e-219,0.27985027671327634,4.622763884902658e-218
75,0.019430235076911783,0.0025545171367879005,0.0019158878525909256,0.014208546844031385,0.22971823379604633,0.045541640188297886,0.0011658086859099943,0.0011557097233803129,6.491238390738859e-232,1.1116384489358814e-233,1.3219403502576003e-234,5.651684903186062e-235,4.2598881982688615e-235,0.2775813923936345,1.3429482149761908e-233
76,0.019464007522272075,0.002540798692869204,0.0019055990196519034,0.014007419716803833,0.22772095349195615,0.045368457248745026,0.0011969154411071012,0.001194093315748371,3.4186651208766657e-248,5.638357051031048e-250,7.201435042298146e-251,2.891116558147423e-251,2.347894612716637e-251,0.27548041949755664,6.882401672347269e-250
77,0.019383420573719876,0.0025271623061350087,0.0018953717296012569,0.01396221954843919,0.22554470830761983,0.04536529671141574,0.0011617097373433848,0.0011666438041102588,4.292801208147779e-265,7.313560873369213e-267,9.419373452524734e-268,3.7665130072171676e-268,3.0912326972466267e-268,0.27323835856048917,8.941272789068066e-267
78,0.019422213683607754,0.0025136074382280573,0.0018852055786710434,0.013757813603079884,0.22359713290805025,0.045177821990133864,0.001194408286989256,0.0012071278294607936,9.848925665800084e-283,1.6223747546914674e-284,2.2418105549095715e-285,8.41962351523751e-286,7.441662823084665e-286,0.27117649101463415,2.0051686735656463e-284
79,0.01933708483986378,0.0025001335546222607,0.001875100165966696,0.013721158199965262,0.22145900469392604,0.04516898916761685,0.0011569219370266312,0.0011770171478025116,5.134826696545705e-301,8.750512055601208e-303,1.2241417988629624e-303,4.564209685915146e-304,4.091301135801057e-304,0.26896193294637205,1.084020493663579e-302
80,0.019380418933622107,0.002486740124593388,0.0018650550934450416,0.013513967158758782,0.21956244376454911,0.04496558648192586,0.0011908943286029815,0.0012191849940297755,4.7297e-320,7.9e-322,1.2e-322,4e-323,4e-323,0.2669381095691077,9.93e-322
81,0.01929128273236528,0.002473426621189945,0.0018550699658924589,0.013484861972017955,0.21746535880855405,0.04494799082158084,0.0011515430554450716,0.0011866643253426127,5e-324,5e-324,0.0,0.0,0.0,0.26475155701092257,5e-324
82,0.019338755331550366,0.0024601925212043825,0.0018451443909032871,0.013275306785358298,0.2156201128608671,0.04472798609367366,0.0011865173835282597,0.0012301546116214518,5e-324,5e-324,0.0,0.0,0.0,0.26276477094969053,5e-324
83,0.01924607792400081,0.0024470373051444544,0.0018352779788583413,0.01325289783971362,0.2135657406749624,0.04469973708503237,0.0011456379311054158,0.00119544101062332,5e-324,5e-324,0.0,0.0,0.0,0.2606065567017235,5e-324
84,0.019297335771892018,0.0024339604572048475,0.001825470342903636,0.013041374022458984,0.2117712080937132,0.04446328809302273,0.0011813858655443476,0.0012399508700917056,5e-324,5e-324,0.0,0.0,0.0,0.25865583292237193,5e-324
85,0.019201520298352075,0.0024209614652390466,0.0018157210989292853,0.013024943043421723,0.2097601637174475,0.04442348012076599,0.0011392586751146948,0.001203246339665213,5e-324,5e-324,0.0,0.0,0.0,0.2565261488529934,5e-324
86,0.019256248243363465,0.002408039820731387,0.0018060298655485408,0.01281182941582265,0.20801509586246705,0.04417133112799481,0.00117558997333451,0.0012485260837442598,5e-324,5e-324,0.0,0.0,0.0,0.25461054304754066,5e-324
87,0.01915764255279751,0.0023951950187694167,0.001796396264077063,0.012800773600801075,0.20604723805608302,0.044119758136807845,0.0011324512873063831,0.0012100221786659105,5e-324,5e-324,0.0,0.0,0.0,0.2525094696588632,5e-324
88,0.019215557748416982,0.0023824265580164,0.0017868199185123005,0.01258643133147738,0.2043499706488042,0.043853024233108655,0.0011692079701228165,0.0012558677213345192,0.0,5e-324,0.0,0.0,0.0,0.2506280705733702,5e-324
89,0.01911446173720198,0.002369733940684091,0.0017773004555130688,0.012580243521158807,0.20242464676909097,0.04378994946338257,0.0011252579242513074,0.0012157459518911404,0.0,5e-324,0.0,0.0,0.0,0.24855560010861602,5e-324
90,0.019175310404198797,0.0023571166725057215,0.0017678375043792913,0.012365011191904886,0.20077329864079616,0.04350993551421655,0.001162308713828596,0.0012619903901970205,0.0,5e-324,0.0,0.0,0.0,0.24670753325903833,5e-324
91,0.01907198323936961,0.002344574262709174,0.001758430697031881,0.01236326072425858,0.19888954505245732,0.04343590652534848,0.0011177173171290644,0.001220421118115242,0.0,5e-324,0.0,0.0,0.0,0.24466359001305013,5e-324
92,0.01913553785663706,0.002332106223990451,0.0017490796679928387,0.01214745106944125,0.19728215501153518,0.043143983973713634,0.0011549530288229289,0.001266927716366787,0.0,5e-324,0.0,0.0,0.0,0.24284801973043854,5e-324
93,0.01903020421096791,0.002319712072487279,0.00173978405436546,0.01214976852291699,0.19543883457219824,0.04305970601881992,0.0011098652623520793,0.001224069779726264,0.0,5e-324,0.0,0.0,0.0,0.2408324756330965,5e-324
94,0.019096260502012494,0.002307391327752971,0.0017305434958147282,0.011933668434498522,0.19387343523026845,0.0427572469916576,0.001147194882826352,0.0012707262990582062,0.0,5e-324,0.0,0.0,0.0,0.23904860340381062,5e-324
95,0.018989115654706727,0.002295143512730492,0.0017213576345478695,0.01193973402064357,0.19206932575273425,0.04266350218290767,0.0011017347066843944,0.0012267268529205296,0.0,5e-324,0.0,0.0,0.0,0.23706128949524688,5e-324
96,0.019057490300485192,0.0022829681537267065,0.00171222611529503,0.011723603950636553,0.19054400246705194,0.04235182786509375,0.0011390822952653023,0.001273440924968768,0.0,5e-324,0.0,0.0,0.0,0.23530835355237975,5e-324
97,0.018948703968730305,0.0022708647803869066,0.0017031485852901803,0.011733139951255562,0.18877784069121742,0.04224943471203767,0.0010933560457913195,0.0012284361550491737,0.0,5e-324,0.0,0.0,0.0,0.23334906760409554,5e-324
98,0.019019232871914798,0.0022588329256694696,0.0016941246942521024,0.01151721310649548,0.187290777023555,0.04192977627842037,0.0011306581183953767,0.0012751311232007479,0.0,5e-324,0.0,0.0,0.0,0.23162634254357148,5e-324
99,0.018908953732270896,0.002246872125820759,0.0016851540943655695,0.01152997372672008,0.18556132226946362,0.04181953311917382,0.0010847571808782002,0.0012292458609192984,0.0,5e-324,0.0,0.0,0.0,0.22969485843043497,5e-324
100,0.01898148899471937,0.002234981920350234,0.0016762364402626757,0.011314460628720694,0.18411078693002023,0.04149304416085453,0.001121960536938009,0.001275858432425446,0.0,5e-324,0.0,0.0,0.0,0.22800165006023826,5e-324
101,0.018869847190326527,0.0022231618520057125,0.0016673713890042847,0.011330228010118976,0.18241682865240502,0.041375722186113253,0.0010759636416546867,0.0012292071634444819,0.0,5e-324,0.0,0.0,0.0,0.22609772164361744,5e-324
102,0.01894425580653361,0.0022114114667489207,0.0016585586000616907,0.011115316434319405,0.18100119743651358,0.0410434605083587,0.0011130237564451883,0.0012756849163434222,0.0,5e-324,0.0,0.0,0.0,0.2244333666176609,5e-324
103,0.018831365285151638,0.002199730313731156,0.0016497977352983673,0.011133896796474987,0.17934156324927053,0.0409197966093846,0.0010669989546933508,0.0012283727750389754,0.0,5e-324,0.0,0.0,0.0,0.22255673158838743,5e-324
104,0.018907527891789767,0.0021881179452691913,0.0016410884589518936,0.010919752262381729,0.17795933044861872,0.04058271548925676,0.001103878370369821,0.0012746715653239307,0.0,5e-324,0.0,0.0,0.0,0.22092059587356924,5e-324
105,0.018793489143492565,0.00217657391682136,0.00163243043761602,0.01094097044588536,0.17633290873661464,0.04045339282687755,0.0010578845008070966,0.0012267943767272163,0.0,5e-324,0.0,0.0,0.0,0.2190709804410265,5e-324
106,0.018871297671268054,0.002165097786963847,0.0016238233402228854,0.010727740930432663,0.17498265827080223,0.0401123669579347,0.0010945518815921097,0.0012728779680806397,0.0,5e-324,0.0,0.0,0.0,0.21746245507840967,5e-324
107,0.018756198910488374,0.00215368911736713,0.001615266838025348,0.010751439412910471,0.17338838520367236,0.03997802642311983,0.0010486399652448388,0.001224523561370001,0.0,5e-324,0.0,0.0,0.0,0.215639575153407,5e-324
108,0.01883555583252952,0.002142347472772687,0.0016067606045795154,0.010539255380855034,0.17206879969497207,0.039633845064427825,0.0010850689247271271,0.0012703615880534068,0.0,5e-324,0.0,0.0,0.0,0.21405807527218043,5e-324
109,0.018719474977499213,0.0021310724209698158,0.0015983043157273623,0.010565290469169732,0.17050567228233407,0.03949507427191491,0.0010392832337204694,0.0012216100528390694,0.0,5e-324,0.0,0.0,0.0,0.21226163984080854,5e-324
110,0.018800292183427318,0.00211986353277268,0.0015898976495795102,0.010354266460429777,0.16921552697563322,0.03914844720927757,0.0010754517574157953,0.001267177472987818,0.0,5e-324,0.0,0.0,0.0,0.21070660341531433,5e-324
111,0.01868329787643838,0.0021087203819975366,0.0015815402864981529,0.010382507270516733,0.16768259347805986,0.0390057892004413,0.0010298306897441288,0.001218101893099988,0.0,5e-324,0.0,0.0,0.0,0.20893631526134523,5e-324
112,0.018765495436711157,0.0020976425454401113,0.0015732319090800838,0.010172744190740251,0.16642074307865282,0.03865735892841293,0.0010657202767571754,0.001263377954331802,0.0,5e-324,0.0,0.0,0.0,0.20740720023815468,5e-324
113,0.01864764829703196,0.0020866296028532313,0.0015649722021399237,0.01020307060583471,0.16491710523559938,0.03851131044675839,0.0010202972691800722,0.0012140451639284318,0.0,5e-324,0.0,0.0,0.0,0.20566275811546628,5e-324
114,0.018731153723626718,0.0020756811369245605,0.0015567608526934203,0.009994656695360387,0.16368248056734352,0.038161655616837445,0.0010558924899705699,0.001259012875658132,0.0,5e-324,0.0,0.0,0.0,0.20415904154980968,5e-324
115,0.018612507219500474,0.002064796733254553,0.0015485975499409147,0.010026958280406737,0.16220728839549609,0.03801267203026908,0.0010106965480986053,0.0012094837879302641,0.0,5e-324,0.0,0.0,0.0,0.20244014076179404,5e-324
116,0.01869725454985569,0.002053975980334583,0.0015404819852509375,0.00981997092991167,0.16099888652700634,0.03766231629616692,0.0010459847397730315,0.0012541296924550365,0.0,5e-324,0.0,0.0,0.0,0.20096131725540128,1e-323
117,0.018577856459962898,0.0020432184695252167,0.0015324138521439128,0.009854144541192291,0.15955134019073636,0.0375108106704933,0.0010010410356980828,0.001204459857391719,0.0,5e-324,0.0,0.0,0.0,0.19926765175431949,1e-323
118,0.018663783549331375,0.0020325237950347234,0.0015243928462760428,0.009648658649127645,0.15836817409711604,0.0371602639930873,0.0010360137466217639,0.0012487774380596014,0.0,5e-324,0.0,0.0,0.0,0.19781322927488468,1e-323
119,0.018543683238046817,0.0020218915538976947,0.0015164186654232712,0.009684593775504903,0.15694757311465404,0.03700656988143837,0.000991343183887969,0.0011990152231712184,0.0,5e-324,0.0,0.0,0.0,0.19614450140315157,1e-323
120,0.018630715983869204,0.002011321345953867,0.0015084910094654003,0.009480740491271436,0.15578830098201543,0.03665662751478779,0.0010260106502988909,0.001243036600719012,0.0,5e-324,0.0,0.0,0.0,0.19471397574782112,1e-323
121,0.018510015067809298,0.0020008127738271137,0.0015006095803703357,0.009518212604992488,0.15439444172587022,0.036500696597426587,0.0009816222969731977,0.00119320477080559,0.0,5e-324,0.0,0.0,0.0,0.1930699653910756,1e-323
122,0.018598203062982068,0.0019903654429045737,0.0014927740821784302,0.00931612852767236,0.15325689810199272,0.03615279159462428,0.0010160863180966847,0.001237153972791227,0.0,5e-324,0.0,0.0,0.0,0.1916629299875049,1e-323
123,0.018477393088552355,0.001979978961316011,0.0014849842209870082,0.009353995757311776,0.15189364425175222,0.03599142079556133,0.0009718738678842756,0.001187015536639531,0.0,5e-324,0.0,0.0,0.0,0.19004395445183733,1e-323
124,0.018571017700251827,0.0019696529399132754,0.0014772397049349563,0.009146371616173592,0.150820806076337,0.035608154348670394,0.0010052799952403153,0.0012291996804326382,0.0,5e-324,0.0,0.0,0.0,0.1886634401006803,1e-323
125,0.01845746457308981,0.0019593869922499584,0.0014695402441874685,0.009168402043125362,0.149593024390664,0.035352385956777935,0.0009580426102926377,0.0011719949825624572,0.0,5e-324,0.0,0.0,0.0,0.187075447940297,1e-323
126,0.01855028365334454,0.0019491807345612135,0.0014618855509209098,0.00896666115489925,0.14853509093605793,0.03497387271788153,0.000990838203977952,0.0012140135426008986,0.0,5e-324,0.0,0.0,0.0,0.1857138154005183,1e-323
127,0.01843844553455624,0.0019390337857437038,0.0014542753393077775,0.008984825544816848,0.14735783450067716,0.0346962666397221,0.0009429127243103838,0.0011546497815064132,0.0,5e-324,0.0,0.0,0.0,0.18415166364621605,1e-323
128,0.01852911985617943,0.001928945767335775,0.001446709325501831,0.008791048163516037,0.14629029306252667,0.03434470843287525,0.0009757433231456499,0.0011978470560801385,0.0,5e-324,0.0,0.0,0.0,0.1828085918746277,1e-323
129,0.01841848602220443,0.0019189163034977227,0.0014391872276232917,0.00880740113899574,0.1451442746890804,0.03406139815743527,0.0009279384700910925,0.001137953567562605,0.0,5e-324,0.0,0.0,0.0,0.18127156488416937,1e-323
130,0.018492959196976768,0.0019089450209922474,0.0014317087657441854,0.008629806951502839,0.14415952901082327,0.03365259147384461,0.0009526049729469961,0.0011650969252259334,0.0,5e-324,0.0,0.0,0.0,0.1799298223828408,1e-323
131,0.018373485186827496,0.001899031549165066,0.0014242736618737995,0.008675608469523614,0.14285920936712,0.03351204481864921,0.0009122882720039133,0.0011212870700360875,0.0,5e-324,0.0,0.0,0.0,0.1784048295278092,1e-323
132,0.018485851372209226,0.0018891755199256482,0.0014168816399442359,0.008453536842945433,0.1418858704469007,0.0331324784753575,0.00094555900703919,0.0011663016753643428,0.0,5e-324,0.0,0.0,0.0,0.17713020960466172,1e-323
133,0.018377613574951324,0.0018793765677281656,0.001409532425796124,0.008467232183529115,0.1407939344740586,0.03284348535073526,0.0008984441868282043,0.0011062007746838538,0.0,5e-324,0.0,0.0,0.0,0.17564206478630595,1e-323
134,0.01844617592161614,0.0018696343295525333,0.0014022257471643998,0.008302810710945043,0.13983377179874526,0.03244933056371922,0.0009210101838507239,0.0011305674906395278,0.0,5e-324,0.0,0.0,0.0,0.1743346800369547,1e-323
135,0.01832626149447871,0.0018599484448856294,0.0013949613336642218,0.008353329432656537,0.13854533055596516,0.03233624005134229,0.0008833867420301502,0.00109093417337441,0.0,5e-324,0.0,0.0,0.0,0.172855891522712,1e-323
136,0.018441309556388456,0.0018503185557026626,0.0013877389167769965,0.008134738855782317,0.13759029869166986,0.031980081445807225,0.0009168016192957689,0.0011374269756622632,0.0,5e-324,0.0,0.0,0.0,0.17162460873243512,1e-323
137,0.018335394991462414,0.001840744306448689,0.0013805582298365166,0.008147015773968284,0.13654428189754114,0.03169009103607009,0.00087139193330882,0.0010785144416603806,0.0,5e-324,0.0,0.0,0.0,0.17018427930858043,1e-323
138,0.018395542099300635,0.0018312253440202503,0.0013734190080151875,0.007999252116554448,0.13559480453209882,0.03132034761105234,0.00089244675800783,0.0011010932183503775,0.0,5e-324,0.0,0.0,0.0,0.16890869211950937,1e-323
139,0.018276925037107053,0.0018217613177472127,0.0013663209883104093,0.00805260741904033,0.13429291870795892,0.03125844070307101,0.000859132451258967,0.0010684804939229719,0.0,5e-324,0.0,0.0,0.0,0.16747897235621187,1e-323
140,0.018391419984643727,0.0018123518793746944,0.0013592639095310207,0.007844965501301766,0.1333180521625183,0.030954225475802243,0.0008941339601901486,0.0011192832866364468,0.0,5e-324,0.0,0.0,0.0,0.16628569488514713,1e-323
141,0.01828807724899116,0.0018029966830451641,0.0013522475122838729,0.007855574722816571,0.13230862548759376,0.03067123581958436,0.0008507687682644296,0.0010618136273414236,0.0,5e-324,0.0,0.0,0.0,0.16489244370278397,1e-323
142,0.018339765876167834,0.0017936953852806816,0.001345271538960511,0.007722644306278698,0.13138023245158903,0.030316811880670466,0.0008695540941027688,0.0010814268391827237,0.0,5e-324,0.0,0.0,0.0,0.163648025265545,1e-323
143,0.018226137548610712,0.00178444764496525,0.0013383357337239373,0.007770946944744916,0.13012580382893327,0.03025215815739229,0.0008378733069723332,0.0010511642916345143,0.0,5e-324,0.0,0.0,0.0,0.16226699958493243,1e-323
144,0.01833901931477171,0.0017752531233273662,0.0013314398424955243,0.007570317049038764,0.12920292223025637,0.029935893767723452,0.000870312826291038,0.0010979520621320381,0.0,5e-324,0.0,0.0,0.0,0.16110708088640288,1e-323
145,0.018236483936382834,0.0017661114839226505,0.0013245836129419876,0.007582216244700169,0.1282481865681933,0.029638309114878882,0.0008275541936092877,0.0010408723445420793,0.0,5e-324,0.0,0.0,0.0,0.1597549222212236,1e-323
146,0.018310225121369525,0.0017570223926166436,0.0013177667944624825,0.0074440059764591645,0.1271054456818101,0.029518604376272163,0.0008618270777972575,0.0010943824344165271,0.0,5e-324,0.0,0.0,0.0,0.15858025957029606,1e-323
147,0.018175446422395037,0.0017479855175677396,0.0013109891381758044,0.007505306741105265,0.12603728768896036,0.029319433276299132,0.0008217477376524063,0.0010399543104718655,0.0,5e-324,0.0,0.0,0.0,0.15721842301338376,1e-323
148,0.018251541929893006,0.0017390005292102237,0.0013042503969076676,0.007362298099320263,0.125005249209445,0.02911727756833606,0.0008527650591212046,0.0010840810453046855,0.0,5e-324,0.0,0.0,0.0,0.15605937288220695,1e-323
149,0.01813924190579742,0.0017300671002375026,0.0012975503251781268,0.007383227368958475,0.12415941561200768,0.028753378789262336,0.0008050965140682277,0.001016921997209111,0.0,5e-324,0.0,0.0,0.0,0.15473481291254734,1e-323
150,0.01821409617165324,0.0017211849055854098,0.001290888679189057,0.007240210307186197,0.12320448188920305,0.028498748188698995,0.0008316526034678271,0.0010566672769930874,0.0,5e-324,0.0,0.0,0.0,0.15359154995836297,1e-323
151,0.018108175161979864,0.001712353622415671,0.0012842652168117532,0.007271239571187019,0.12214916056392576,0.02833732680857085,0.0007962221597317887,0.0010151073433687075,0.0,5e-324,0.0,0.0,0.0,0.1522978168755971,5e-324
152,0.01823315439195906,0.0017035729300995007,0.0012776796975746253,0.007039600031733789,0.12154821238982733,0.02782715103886536,0.000812382133846941,0.0010298932771845677,0.0,5e-324,0.0,0.0,0.0,0.1512176388397242,5e-324
153,0.018090185921669513,0.001694842510201297,0.0012711318826509725,0.00712602811753669,0.12034178432768583,0.027796768762199112,0.0007802850488803219,0.0009940542160927714,0.0,5e-324,0.0,0.0,0.0,0.14991289235485805,5e-324
154,0.018162048484316587,0.0016861620464625247,0.0012646215348468934,0.007005293158365134,0.11927685972386677,0.02766169230739881,0.0008146755762700228,0.0010493584353134244,0.0,5e-324,0.0,0.0,0.0,0.14880258604284902,5e-324
155,0.018133657041600238,0.0016775312247856683,0.001258148418589251,0.006919765299725876,0.11866380560642818,0.02718300590209749,0.0007705595160123507,0.000991946669765865,0.0,5e-324,0.0,0.0,0.0,0.14760931769430388,5e-324
156,0.018285140910370905,0.0016689497332183364,0.0012517122999137521,0.006657311000603231,0.11822579615725655,0.026574661510219026,0.0007648730402429055,0.0009917604879030012,0.0,5e-324,0.0,0.0,0.0,0.1465570911956215,5e-324
157,0.018204815794615775,0.0016604172619374958,0.0012453129464531218,0.006641955316462241,0.11747371421209643,0.026211345785180102,0.0007247437467269212,0.0009296643240895552,0.0,5e-324,0.0,0.0,0.0,0.145339468068093,5e-324
158,0.018221965197003705,0.0016519335032337981,0.0012389501274253484,0.006562186776711507,0.11665410492716793,0.025887104804090028,0.0007331978482003311,0.0009373194568569512,0.0,5e-324,0.0,0.0,0.0,0.14421172703631527,5e-324
159,0.018058572711994562,0.0016434981514960873,0.0012326236136220652,0.006712143040537195,0.11507656834028294,0.026203042659307986,0.0007332428317483743,0.0009528558234358743,0.0,5e-324,0.0,0.0,0.0,0.1429657096547752,5e-324
