,Rs,Rj,Ra,Sj,Sa,Sb,Sga,Sgb,Cj,Ca,Cb,Cga,Cgb,Clupeid adult,Cod adult
0,0.14426582787478195,0.002377436999651338,0.0021572310627981798,0.020347066330270242,0.09708539955405356,0.05272485682161302,0.0017485969609888285,0.008559693028279114,0.004460480755414601,0.005311697113211021,0.0036389990162400483,0.00016001113209670504,0.0007231686660285644,0.16011854636493453,0.00983387592757634
1,0.14371726706400148,0.0023160161476028455,0.0021540241213621305,0.020416215309027007,0.09314552081797353,0.055606162149823855,0.0018264879258226624,0.00945463703991051,0.005002836600981393,0.00588995792962787,0.003904580968402452,0.00018271124915617614,0.0007968469883393536,0.16003280793353053,0.01077409713552585
2,0.14105890885584965,0.002279026578099522,0.002152549965228073,0.021326432224092827,0.09202132534992369,0.057743077407710446,0.0018729017252894981,0.009968069934980226,0.005305775759819212,0.006320323632613009,0.0040469564208022515,0.00019898188912598883,0.0008448310570532953,0.16160537441790387,0.011411092999594545
3,0.1521032565816758,0.0022485815780223664,0.002140653819637049,0.019979805656798834,0.08227152729796591,0.05491411391708907,0.0018019755002726863,0.009958444674360165,0.005361831723757506,0.0067503060819832615,0.004184642341398358,0.00019758635692229007,0.000848346243379113,0.14894606138968783,0.011980881023683023
4,0.13802192376024663,0.0021408595162253773,0.002146549785372077,0.021739989248734156,0.08709204679692041,0.06293580955987316,0.002023853932986483,0.011686461340615469,0.006399060135226679,0.007656372330471495,0.004409007464973354,0.00025044390862816244,0.001011523763246833,0.1637381716303955,0.013327347467319844
5,0.13811706282027544,0.002093451454625111,0.002142755455309325,0.021554857893328498,0.08648290240285102,0.06293348966987597,0.00210073250187971,0.012047012284557432,0.006677399249998636,0.008165794688293941,0.00446353305811781,0.00026720662072608173,0.001047925437027099,0.16356413685916413,0.013944459804164932
6,0.15086148306731806,0.002103674918515025,0.002136657408956055,0.020412349039313764,0.07547703381165455,0.059222675871254994,0.0019243431411656252,0.011996769526685344,0.006426637252462873,0.008297934697214978,0.004313811352683395,0.00025963755596672037,0.000999501741616952,0.1486208223507605,0.013870885347482046
7,0.13386505345631972,0.0020884565476592585,0.0021466177577826855,0.023042731642326987,0.0853820212855309,0.06586882808016688,0.002134344948313761,0.012958273193139065,0.006754495573839515,0.00858947488717754,0.004263846929014217,0.00029431012627338096,0.0010369960015642764,0.16634346750715062,0.014184627944029414
8,0.13870160896380293,0.0020690287092638413,0.0021427924798939394,0.022198826759552693,0.08227624999714753,0.063951409065403,0.002094330305225719,0.0126853243698144,0.006742231188364929,0.008723432600032652,0.004133925009560359,0.00029350485992908073,0.000997264526202098,0.16100731373759064,0.014148126995724188
9,0.13730779920256958,0.0020235103410851355,0.00214227921079475,0.02254914279307407,0.08059618260327853,0.06580661600392884,0.0021310363160856626,0.013444731690957376,0.007161093809472977,0.009159775045703892,0.004190012047825622,0.00031810693632696184,0.0010259916007051427,0.1619785666142504,0.014693885630561615
10,0.13718269631647959,0.0019774038730986316,0.00214149708118456,0.022715863545567268,0.07841696212527367,0.06701313228507623,0.002124907183989609,0.013976526336381573,0.0075543837583644325,0.00950263824692782,0.004213284902720855,0.00033708885496593316,0.0010408062708069225,0.16153152793072106,0.015093818275421528
11,0.13543396498939056,0.0019699570642294877,0.0021450159980598094,0.02291127090215463,0.07822006504109881,0.06840407661658156,0.002201926334098552,0.014598714177445248,0.007649305232641651,0.00953476789541315,0.004078862112992083,0.00034507494054556066,0.0010158757470319984,0.16342478216922418,0.01497458069598279
12,0.13143880914749825,0.0019048379357154825,0.0021441326046897514,0.023610725801293694,0.077582241605297,0.07171631478369318,0.0022512839300207893,0.015587632675401416,0.008358100588620685,0.010103164570258333,0.004224707010500536,0.00037625339928963267,0.0010649922465200998,0.16713747299441242,0.0157691172265686
13,0.12577289021125906,0.001902414931001566,0.002149032932049134,0.024512974740646468,0.08061054083929269,0.07393224280616176,0.002332372692679321,0.015932227055159474,0.008425520197419894,0.01005301591617339,0.004069228023917774,0.00038160094770337607,0.0010328424012478394,0.1728073833932932,0.015536687289042379
14,0.1260827690873828,0.0018329374242153198,0.002148293883220587,0.024636124793081627,0.07584109240351095,0.07634320817011173,0.0023668718515330797,0.01726464423368641,0.009159653563632323,0.010511578812005158,0.0041679880871772265,0.00040724136494925633,0.0010660791951750954,0.17181581665884216,0.016152887459306736
15,0.13064940073164627,0.0018149529747947136,0.0021471958402533423,0.024222954932975462,0.07144660479802722,0.0750713056225282,0.0023269494107012755,0.017525762805002027,0.009256416206549382,0.010524730377805545,0.004052638417321921,0.0004059848941778147,0.0010320763297010506,0.1663706226362587,0.016015430019006332
16,0.1280234898818207,0.0017891043288824613,0.0021474851441396366,0.0245769905509606,0.07107792275830616,0.0773857090429797,0.0023776643572167373,0.018342473104728856,0.00961221477710433,0.01080807712891767,0.004027205232013357,0.00042205576261612884,0.0010303763590437784,0.16918376926323145,0.016287714482590934
17,0.12650464935172676,0.0017708311532857576,0.00214721079776085,0.024816773445677398,0.07061141622046072,0.07880601794038081,0.002404967453989495,0.018907019964280573,0.009865634474202793,0.011036086775700596,0.003976184020247604,0.0004338932841552986,0.0010193169355201851,0.17072942157911158,0.016465481015623683
18,0.12339923694146113,0.0017685116561387993,0.0021492762851109586,0.025302876797815524,0.071309188452949,0.0806519625746302,0.002461839681099526,0.019526790266578834,0.00998262477310347,0.01108593464369852,0.0038583028285227227,0.0004393142961513067,0.0009915811964811897,0.17394978097525757,0.01637513296485374
19,0.12397068319887443,0.0017470376435007344,0.002147277283578978,0.02525632918139618,0.06992734513392806,0.08101752459757254,0.0024480313842505847,0.019851626900232292,0.010224010921591633,0.011367380787307492,0.003828550877324671,0.00045125536724061754,0.0009833314692291246,0.17324452801598347,0.016630518501101903
20,0.12058178118225295,0.001731113296427981,0.002147575867554339,0.025721120185947865,0.07058758725840222,0.08327261946415335,0.002495426206258089,0.020534313192314142,0.010511413797497182,0.011637421244543556,0.0037869926099084908,0.0004661117284803418,0.000975747892787665,0.1768899461211278,0.016866273475720055
21,0.11856183913459198,0.0017220949103207426,0.0021480076627444313,0.02603630247103882,0.07081875417057108,0.08461678082517643,0.00252527780415683,0.021014852241680915,0.010683100478057435,0.011793526024528656,0.0037099260741578015,0.00047475048236662073,0.0009569341562180277,0.17897566504158527,0.016935136737271105
22,0.11709899019877665,0.0017195742344477474,0.0021489813795570723,0.026310798247648124,0.07087732450948978,0.08552674747379568,0.0025503520402306566,0.021445049615616642,0.010764045275249339,0.011850338419857307,0.0036066185880429093,0.0004787611909995107,0.0009305639289722843,0.18039947363913275,0.01686628212787201
23,0.11218511543245671,0.001714198193945199,0.002150762433275346,0.027027130331618455,0.0727508437977671,0.0880982785713531,0.002622287570000594,0.022071547563280697,0.010975791431367734,0.012004282805966634,0.0035270338996381246,0.0004890706561113712,0.0009126448573947476,0.18554295750240146,0.016933032219110876
24,0.11108856942833521,0.0017023912507259065,0.0021502545606804126,0.02718896826339047,0.07254041379738918,0.08907437827011999,0.0026330842006612224,0.022476166218607277,0.011156219722656097,0.012205553939721859,0.0034692047723425233,0.0004987439222708582,0.0008977488757935419,0.18672404248677768,0.01707125151012878
25,0.10809555528089142,0.001701742724549559,0.0021512225081008513,0.02761782718386847,0.07387018354744376,0.09058734666682265,0.0026741068929412633,0.02275869830002338,0.011251876378669262,0.012298387978293194,0.003372663581310662,0.0005043690601405466,0.0008731348087804674,0.18989033540723105,0.017048555428524872
26,0.10563481197315307,0.0017019413438513233,0.0021519111854887895,0.0279543470205497,0.0751064054732215,0.09181676324537036,0.0027054290888581856,0.022908990652893483,0.011318803461909348,0.012376369963350554,0.003273138985826098,0.000508737865976457,0.0008471635756048253,0.1925375884603435,0.017005410390757935
27,0.10309232114417405,0.0017025727638462008,0.0021527146535795607,0.02830022859242533,0.07642960834813274,0.09306804882499324,0.0027375898169725967,0.023040743310259737,0.011382142837210724,0.012440625664131597,0.0031727415561385694,0.0005125197211893767,0.0008209574040153728,0.1952759903003583,0.01694684434547492
28,0.10058258925483449,0.0017034650276329037,0.0021535849181351257,0.028640007416782676,0.07777053989949621,0.09429283513544556,0.002768911167485642,0.02315175961582191,0.011440730508148981,0.012490957368585652,0.0030719613365167604,0.0005156457324971244,0.0007945989773039093,0.19798404581824933,0.01687316341490345
29,0.09810684217405938,0.0017046083351922982,0.002154520552218051,0.028973317253354152,0.07913024137018981,0.09549000242916623,0.002799331090556814,0.02324117687656607,0.011494576795085457,0.012527219539969235,0.0029709539156651844,0.0005181082241279594,0.0007681380043978839,0.20066075176647893,0.01678441968416026
30,0.09566945173410821,0.0017060053650975345,0.0021555202170147275,0.02929942387727105,0.08050826667763561,0.09665659371973588,0.0028287533596001815,0.023308024108146176,0.011543450770941823,0.012549092476641691,0.0028698374829301916,0.0005198904899844389,0.0007416121632490951,0.20330163786511782,0.016680432612805416
31,0.09327524369567397,0.0017076592818797527,0.0021565821742994162,0.029617542444163446,0.08190374951391113,0.097789425475004,0.0028570779289354047,0.0233514760139428,0.011587107436821904,0.01255631472969748,0.0027687469594122457,0.0005209785675964607,0.000715063123516322,0.20590172893179332,0.016561103380222507
32,0.09092881873045568,0.0017095724121751008,0.0021577043020955615,0.029926926113177096,0.08331570702753537,0.09888544583482503,0.002884210232734165,0.023370910007271144,0.011625325029571615,0.01254872459522878,0.0026678393977319493,0.00052136342661516,0.0006885382471926883,0.20845627310236572,0.016426465666768576
33,0.08863442147370278,0.001711745422481866,0.0021588840167591147,0.030226881437081073,0.08474305696294782,0.09994183544226597,0.0029100632612057285,0.023365935324233825,0.011657920133667597,0.012526282002986814,0.002567294648276654,0.000521041987859928,0.0006620907383527416,0.21096089099065332,0.016276709377476137
34,0.08639588212904298,0.0017141770576085116,0.002160118250379706,0.030516777226772165,0.08618460901103071,0.10095605999449157,0.00293455907652759,0.02333641283245216,0.011684753783768683,0.01248907829115726,0.0024673129058628853,0.0005200175659550027,0.000635778926760387,0.21341164091450202,0.016112187689735536
35,0.08421655157083512,0.0017168641005014572,0.0021614034699970887,0.030796055428654677,0.08763907311717234,0.10192591793851342,0.0029576304929939787,0.02328246630450779,0.011705734851004122,0.012437339616487825,0.0023681107343373705,0.0005183000257181072,0.0006096651528146576,0.21580508785318755,0.01593341552935796
36,0.08209924475784287,0.001719801422040463,0.0021627357207673675,0.031064240924039598,0.08910507634515188,0.10284957994214575,0.002979222548420847,0.023204483945935977,0.011720821789833559,0.012371425295000165,0.002269916174381929,0.0005159057008268446,0.0005838144139217206,0.21813836278165444,0.015741061584130658
37,0.08004620295485715,0.001722982100332039,0.0021641106868922053,0.03132094860940834,0.09058118274340397,0.1037256153869804,0.002999293563984534,0.023103109859854847,0.011730022652667635,0.012291821226763141,0.0021729632426270165,0.0005128570773705934,0.0005582928549762564,0.22040920155422372,0.015535934401737004
38,0.07805907748804422,0.0017263976021798624,0.0021655237663461852,0.031565887318744296,0.09206591438805603,0.10455300424690672,0.003017815722488711,0.022979226021194055,0.011733393374807811,0.01219912881611147,0.0020774861426178627,0.0005091822610668928,0.0005331661911497616,0.22261596037864548,0.015318963410945985
39,0.07613893485470717,0.0017300380140812075,0.0021669701546737975,0.03179886054719598,0.09355777238439944,0.10533113443456525,0.003034775149428499,0.022833926112814925,0.011731034506693439,0.012094050176426606,0.001983713533058819,0.0005049142655396738,0.0005084981575301403,0.2247576080812081,0.015091176132555239
40,0.07428628125670476,0.0017338923063438553,0.002168444932621522,0.03201976418851835,0.09505525670749652,0.10605978590096793,0.0030501715218848404,0.02266848317129001,0.011723086689640795,0.011977370667542838,0.0018918631826038753,0.0005000901715764093,0.00048434907489002975,0.2268336973016393,0.014853673096613155
41,0.07250110327847255,0.0017379486126038912,0.0021699431524958026,0.03222858170399265,0.09655688395969064,0.10673910369833563,0.0030640172648570283,0.02248431332395568,0.0117097252426909,0.011849939932708053,0.0018021372879896698,0.0004947502131317715,0.0004607746057829091,0.22884431824683893,0.014607602039612403
42,0.07078292059039497,0.0017421945078036224,0.0021714599187998935,0.032425377276797646,0.09806120240173716,0.1073695627919006,0.0030763364192334325,0.022282937951901918,0.011691154251358913,0.011712652583047265,0.001714718655039767,0.000488936845112917,0.0004378247535217789,0.23079003956477312,0.01435413283672173
43,0.069130846265943,0.0017466172701838302,0.0021729904597346666,0.03261028756471636,0.09956680392311403,0.10795192760499138,0.003087163278235629,0.02206594641776212,0.011667600528033775,0.011566429543092215,0.0016297678537300507,0.0004826938417081928,0.0004155431321731634,0.2326718412241032,0.01409443437070362
44,0.06754365050483226,0.0017512041163498101,0.0021745301873508194,0.03278351265217578,0.10107233290951868,0.10848720914310664,0.003096540890198855,0.021834961120098733,0.011639307759109247,0.011412200858786154,0.0015474213724325715,0.0004760654639846008,0.00039396651213844655,0.2344910440629229,0.013829654207341774
45,0.06601982412206946,0.001755942402410167,0.0021760747453263593,0.03294530673647851,0.1025764922070528,0.10897662215403313,0.0031045195171424127,0.021591606161566527,0.011606531079568138,0.011250890522041172,0.0014677907230979115,0.00046909572370559696,0.0003731246260099088,0.2362492400397948,0.01356090159485459
46,0.06455763893929652,0.001760819787981766,0.0021776200443719526,0.033095968983578514,0.10407804655392235,0.10942154424802565,0.003111155123854447,0.021337480425415483,0.011569532235395887,0.011083403621478418,0.0013909623946676572,0.000461827758630011,0.0003530402048072564,0.23794822635121793,0.013289233979583344
47,0.06315520306319643,0.001765824363022858,0.002179162286055339,0.03323583487615913,0.10557582394773458,0.10982347832376609,0.0031165079543724185,0.02107413540570149,0.011528575418876287,0.010910615915156723,0.0013169985182882545,0.0004543033242804128,0.0003337292058658961,0.2395899456315746,0.013015646963591285
48,0.06181050984453127,0.0017709447398334595,0.0021806979763592444,0.0333652682673655,0.10706871544772287,0.1101840191009309,0.0031206412345967586,0.020803057769900008,0.011483923798812612,0.010733365753664239,0.0012459380934015283,0.0004465623990836431,0.0003152011900876188,0.2411764335531505,0.012741067436237026
49,0.060521480002119425,0.0017761701140642768,0.002182223930565195,0.033484654257879116,0.10855567389032347,0.11050482409778165,0.0031236200232996995,0.0205256563635088,0.011435836720160825,0.01055244816516828,0.001177798624769132,0.0004386428941062689,0.0002974598069114694,0.24270977437491362,0.01246634949095515
50,0.059285996837081606,0.0017814902999562959,0.0021837372711375445,0.033594392937752945,0.11003571194099851,0.11078758904050486,0.0031255102205130707,0.02024325319539597,0.011384567515765198,0.010368610844595155,0.0011125780324541992,0.00043058045519043674,0.0002805033489625196,0.2441920643974124,0.012192272681202309
51,0.058101934990068264,0.00178689574423921,0.0021852354202010586,0.03369489397903909,0.11150789983226239,0.11103402743967336,0.003126377731670045,0.01995707785203096,0.011330361855198867,0.010182551759201684,0.0010502567153673824,0.000422408343774535,0.00026432534368247233,0.24562538285563673,0.011919542162026075
52,0.05696718338156721,0.0017923775235756442,0.00218671608805567,0.033786572027954,0.11297136305771716,0.11124585391181449,0.003126287778301478,0.019668264760663398,0.011273456548758668,0.009994918081416058,0.0009907996703366574,0.0004141573825422094,0.0002489151552851947,0.2470117695084965,0.01164879028958012
53,0.05587966291074076,0.0017979273303022185,0.0021881772589646404,0.0338698428238221,0.11442528021527625,0.11142477077209478,0.0031253043433539175,0.019377852752511904,0.011214078725800108,0.00980630617825455,0.0009341585902104359,0.000405855952866291,0.00023425857641419347,0.2483532080832368,0.01138057929774547
54,0.05483733978831353,0.0018035374497935126,0.002189617175218882,0.03394511996275827,0.11586888112605136,0.11157245738536463,0.0031234897353033444,0.019086786415606072,0.011152445312723084,0.009617262416135213,0.0008802738843839971,0.0003975300323851832,0.00022033839440557354,0.24965161466232544,0.011115404727309966
55,0.05383823527821929,0.0018092007324201009,0.002191034320279171,0.03401281222275132,0.11730144529971405,0.1116905617887021,0.003120904254839894,0.018795918792258955,0.011088762744878666,0.009428284574338676,0.0008290765823999362,0.00038920326267155694,0.00020713492182994594,0.250908830135515,0.010853699341240116
56,0.052880432353351284,0.0018149105629798427,0.0021924274016087483,0.03407332137065485,0.11872230077333287,0.11178069416657231,0.0031176059502130136,0.018506015055141135,0.011023226856663555,0.009239823695315246,0.0007804900955389031,0.0003808970386137901,0.0001946264849068634,0.25212661594525937,0.010595837314374804
57,0.05196208003298525,0.0018206608289982275,0.002193795333634727,0.034127040378991245,0.12013082331920555,0.11184442178395265,0.003113650445914266,0.018217756847603284,0.010956022903977018,0.00905228623280954,0.0007344318226244623,0.00037263061269734776,0.00018278986647378992,0.25330665239667577,0.01034213853460514
58,0.05108139586607799,0.0018264458893752222,0.0021951372211596585,0.034174351988864524,0.12152643599382612,0.11188326506293185,0.0031090908323433727,0.017931747043934337,0.010887325682387226,0.008866036387835204,0.0006908145948782956,0.0003644212087704891,0.00017160070252810088,0.25445053893303565,0.01009287289401209
59,0.0502366668924152,0.0018322605445844973,0.0021964523434339677,0.034215627564066396,0.12290860898679827,0.11189869455298762,0.0031039776064043156,0.01764851474193207,0.010817299712357623,0.008681398547360965,0.0006495479609705403,0.00035628414107829353,0.0001610338330570917,0.2555597958881223,0.009848264482466892
60,0.04942624959419552,0.0018381000086470879,0.002197740139014646,0.03425122619002938,0.12427685972049934,0.11189212857015955,0.0030983586522372155,0.017368520332254233,0.01074609946967169,0.008498659761126431,0.000610539317826371,0.00034823293534762587,0.00015106360904413565,0.2566358672751504,0.009608495623344563
61,0.04864856901974116,0.0018439598834897725,0.0021990001914881005,0.0342814939785786,0.12563075314665978,0.11186493135422243,0.003092279254956698,0.017092160538951354,0.0106738696447606,0.00831807220861482,0.0005736948956671601,0.00034027944951638784,0.00014166415830004511,0.2576801242947902,0.009373710712098412
62,0.047902117286567875,0.0018498361359271533,0.002200232216083165,0.03430676354610344,0.12696990218732535,0.11181841162310345,0.00308578214100058,0.016819773351896782,0.010600745419051889,0.0081398556213539,0.0005389206075352242,0.00033243399234638777,0.0001328096132153512,0.25869386930332616,0.009144019834450864
63,0.04718545174366489,0.001855725077043008,0.0022014360471701603,0.03432735363855965,0.12829396826790146,0.1117538214226481,0.0030789075384995875,0.01655164278884265,0.0105268527499459,0.007964199635980048,0.0005061227744672895,0.0003247054386660246,0.00012447430374306208,0.2596783400178918,0.008919502152856425
64,0.04649719284609997,0.0018616233440984708,0.0022026116266287165,0.03434356888126331,0.12960266189313197,0.11167235521653202,0.003071693253787619,0.01628800345303162,0.01045230865869026,0.007791266061357208,0.0004752087377792939,0.0003171013403798846,0.00011663291896825997,0.26063471381648323,0.008700209058484648
65,0.04583602183871728,0.0018675278848579,0.002203758993047709,0.034355699635383694,0.13089574322156605,0.1115751491731683,0.0030641747603055987,0.01602904486281969,0.010377221517410325,0.00762119104899016,0.0004460873697914074,0.0003096280326807117,0.00010926064055203198,0.2615641120178596,0.00848616709201431
66,0.045200678399437304,0.0018734359439780879,0.0022048782717128783,0.034364021946365474,0.13217302259527275,0.11146328061457174,0.003056385295833636,0.015774915535961578,0.010301691333075473,0.00745408716046384,0.00041866949390070493,0.00030229073512580987,0.00010233325119236278,0.26246760404163966,0.008277380640682718
67,0.04458995825416652,0.001879345051330131,0.002205969665338428,0.034368797571952756,0.13343436098595293,0.11133776761828208,0.0030483559657251747,0.015525726825829544,0.010225810027242557,0.007290045328911088,0.0003928682243005376,0.0002950936474068509,9.582722105172973e-05,0.26334621139578973,0.008073834421670208
68,0.04400271077749277,0.0018852530121316147,0.0022070334454948903,0.034370274079660666,0.13467967032212685,0.11119956877058466,0.003040115850078895,0.0152815565118957,0.010149661711204646,0.007129136713930861,0.0003685992349336765,0.00028804003976682784,8.971977488255822e-05,0.2642009114546861,0.007875495763513924
69,0.04343783666336172,0.0018911578984974092,0.0022080699446831386,0.034368685005393515,0.1359089136621852,0.11104958306912974,0.003031692112163217,0.015042452146647067,0.010073322956728185,0.006971414451145298,0.0003457809665038661,0.00028113233810916715,8.398894235205969e-05,0.26503264099012525,0.007682316698110391
70,0.042894285672963293,0.001897058042211566,0.0022090795490100662,0.034364250066243045,0.137122105181458,0.11088864998550022,0.0030231101063788305,0.014808434167781506,0.009996863062925925,0.006816915298786952,0.0003243347795934583,0.00027437220390799015,7.861359383711461e-05,0.2658422994411186,0.007494235876125513
71,0.04237105445223316,0.0019029520285416904,0.0022100626914223257,0.03435717542167329,0.1383193099425823,0.11071754970417381,0.003014393484384949,0.014579498787250771,0.009920344320071071,0.006665661184575962,0.00030418506117381797,0.00026776060907466,7.357346373568598e-05,0.2666307519183918,0.007311180318560126
72,0.04186718442886951,0.0019088386908842684,0.0022110198454560943,0.03434765397825036,0.13950064342124996,0.11053700355356548,0.0030055642979376876,0.014355620668771017,0.00984382227128138,0.0065176606566888055,0.0002852592910634349,0.0002612979059657399,6.884916312734574e-05,0.2673988319415242,0.007133067016845325
73,0.04138175981799523,0.0019147171059502616,0.0022119515194631762,0.03433586573388199,0.1406662707589053,0.11034767464575541,0.002996643096860827,0.014136755404853464,0.009767345973087371,0.006372910242965237,0.0002674880741992873,0.00025498389273708426,6.442218341518258e-05,0.26814734390637507,0.0069598043933167915
74,0.04091390572433786,0.0019205865893379196,0.0022128582512786574,0.03432197815803542,0.1418164057189533,0.11015016874438414,0.00298764902117398,0.013922841806746555,0.009690958255858268,0.0062313957226259025,0.0002508051439425463,0.0002488178742576348,6.027489239526102e-05,0.268877065291258,0.006791293633221344
75,0.04046278633872773,0.0019264466913136418,0.002213740603297423,0.0343061466048154,0.14295130932577993,0.10994503537872045,0.002978599886453026,0.013713804019906076,0.00961469598497908,0.006093093314772331,0.0002351473410458195,0.00024279871879896082,5.639052402912206e-05,0.2695887486108595,0.006627429898646234
76,0.04002760321597522,0.001932297192674094,0.0022145991579303878,0.0342885147559852,0.14407128817214931,0.1097327692196293,0.0029695122618019812,0.013509553477727792,0.00953859032349997,0.0059579707878052645,0.00022045457236454928,0.00023692491071260004,5.275316303910206e-05,0.27028312313130837,0.006468103433921516
77,0.03960759364717253,0.0019381381005042567,0.0022154345134137764,0.03426921509108985,0.14517669238669223,0.10951381172584955,0.0029604015396469327,0.013309990703621728,0.009462666996723008,0.005825988493657946,0.00020666975289942128,0.00023119459929808197,4.9347725305168756e-05,0.27096089635581044,0.006313200571160618
78,0.03920202912011001,0.001943969643737874,0.0022162472799496873,0.03424836938164812,0.146267913263015,0.10928855306502681,0.002951281997054258,0.013115006971652937,0.00938694655884905,0.005697100330388189,0.00019373873430759836,0.0002256056440508181,4.6159934914803604e-05,0.271622755296749,0.006162604643661409
79,0.03881021385619502,0.0019497922684608671,0.0022170380761593247,0.03422608920607627,0.1473453805635629,0.10905733430608486,0.0029421668485705753,0.01292448583495729,0.009311444661386744,0.005571254636286389,0.00018161022261738274,0.00022015565646315953,4.3176298603726836e-05,0.27226936755317566,0.006016196813970658
80,0.03843148341672066,0.0019556066329270622,0.002217807525833991,0.03420247648147398,0.1484095595252504,0.10882044986876875,0.0029330682907920376,0.012738304529160908,0.00923617232248711,0.0054483950181601305,0.0001702356875183447,0.00021484203853190063,4.0384078223501195e-05,0.2729013822139721,0.005873856822433876
81,0.03806520336851465,0.001961413602333546,0.0022185562549728384,0.03417762400779773,0.14946094760981035,0.10857815020464229,0.002923997539203459,0.012556335256780205,0.009161136195789418,0.005328461115981101,0.0001595692652776812,0.00020966201810621385,3.777126178216471e-05,0.27351943061043626,0.00573546366114716
82,0.03771076800672839,0.001967214243396721,0.002219284889099095,0.03415161601922392,0.15050007105746727,0.10833064467122012,0.0029149648580005225,0.01237844635649286,0.009086338836708154,0.005211389305589179,0.00014956765704831961,0.00020461268118992983,3.532653352456327e-05,0.2741241269431808,0.005600896177351991
83,0.03736759912386508,0.0019730098188692935,0.002219994050850113,0.03412452873673688,0.15152748131943966,0.10807810454877795,0.0029059795839704258,0.012204503360078719,0.009011778963432441,0.0050971133406969744,0.00014019002408347602,0.00019969100129404972,3.30392434493926e-05,0.27471606881226673,0.005470033609523892
84,0.037035144817266094,0.001978801782189511,0.0022206843578388784,0.034096430915274,0.15254375146083207,0.10782066613646726,0.0028970501457137097,0.012034369938415872,0.008937451709255992,0.004985564935075098,0.00013139788115284638,0.00019489386592053633,3.0899376599152535e-05,0.2752958376814289,0.005342756058747632
85,0.03671287832306523,0.001984591772512272,0.002221356420786155,0.03406738437816927,0.15354947263870197,0.10755843385418037,0.002888184079712157,0.011867908737154646,0.008863348862281304,0.004876674285543686,0.0001231549892644434,0.00019021810024820029,2.8897522406405296e-05,0.27586399930974914,0.005218944897462735
86,0.036400296868892866,0.001990381610413198,0.0022220108419230607,0.03403744453127795,0.15454525076868583,0.10729148326876911,0.002879388044779654,0.011704982101806222,0.00878945908808016,0.004770370536291454,0.00011542724863022977,0.00018566048808703344,2.7024844334016502e-05,0.2764211041840408,0.005098483117342734
87,0.03609692053656247,0.0019961732946122087,0.002222648213663682,0.034006660849079,0.1555317034985365,0.10701986395840905,0.002870667836458003,0.01154545269190721,0.008715768130592156,0.004666582185099757,0.00010818259266991296,0.0001812177901691228,2.527305000753882e-05,0.27696768798531074,0.004981255617946332
88,0.035802291128166186,0.002001969000088884,0.0022232691175458376,0.033975077325331206,0.15650945760517923,0.10674360212875436,0.002862028402782312,0.011389183984136094,0.00864225898643879,0.0045652374322801,0.00010139088372257159,0.00017688675985267892,2.3634362003739032e-05,0.277504272120852,0.00486714943785909
89,0.035515971029703795,0.0020077710779720977,0.0022238741234357866,0.03394273288147591,0.15747914692303408,0.10646270290020098,0.002853473862627132,0.011236040664982263,0.008568912047929424,0.004466264473508601,9.502381102667511e-05,0.00017266415632936455,2.2101489429540492e-05,0.2780313643508444,0.0047560539302941825
90,0.035237542067652956,0.002013582057611388,0.0022244637889899175,0.03390966172696469,0.15844141089824096,0.10617715219400388,0.002845007527519542,0.011085888914586159,0.008495705210333894,0.004369591738235637,8.905479143296789e-05,0.00016854675544320205,2.0667600399654155e-05,0.27854945953435056,0.00464786088551146
91,0.034966604356239675,0.002019404651224997,0.002225038659363048,0.03387589366694989,0.15939689384419053,0.10588691815869641,0.002836631927405603,0.010938596584645523,0.008422613939446362,0.004275148075908339,8.345887322872156e-05,0.000164531358249264,1.9326295498149087e-05,0.2790590405149381,0.004542464602884473
92,0.03470277513100015,0.0020252417615147364,0.002225599267149728,0.03384145435420462,0.16034624495223238,0.10559195209439584,0.0028283488404589156,0.010794033274797941,0.008349611296006998,0.004182862892792467,7.821264337387915e-05,0.00016061479745959112,1.807158228860534e-05,0.2795605791618851,0.004439761915914543
93,0.034445687569049165,0.002031096492627208,0.0022261461325422203,0.033806365483619386,0.1612901190883892,0.10529218884962695,0.0028201593265036622,0.010652070312781488,0.008276667914081647,0.0040926662426488975,7.329413837796118e-05,0.00015679394193941534,1.689785091885262e-05,0.28005453757730125,0.004339652173885127
94,0.03419498959546012,0.0020369721648348074,0.002226679763686971,0.03377064492896588,0.16222917838665477,0.10498754668172139,0.0028120637632362846,0.0105125806446615,0.00820375193092285,0.004004488874833253,6.868275898024292e-05,0.00015306569942610874,1.5799850849340886e-05,0.28054136947627395,0.004242037184088946
95,0.03395034267549565,0.0020428723333237187,0.002227200657220887,0.03373430682267895,0.16316409463348427,0.10467792658550036,0.0028040618840541945,0.010375438641631641,0.00813082886602709,0.003918262243478927,6.435918873413883e-05,0.00014942701764392155,1.4772668718751765e-05,0.2810215217446705,0.004146821118575739
96,0.03371142059042278,0.002048800811522784,0.002227709298969839,0.03369736158002562,0.16409555243018353,0.10436321110355484,0.002796152816051037,0.010240519829589949,0.008057861446947525,0.0038339184812453938,6.030531653999458e-05,0.00014587488397790904,1.3811707346510651e-05,0.2814954361793794,0.004053910389109808
97,0.03347790819487171,0.0020547616994683418,0.00222820616479447,0.03365981586909902,0.165024253120241,0.10404326263453911,0.0027883351165442815,0.010107700546410199,0.00798480937881441,0.0037513903406418965,5.650416311897241e-05,0.00014240632384969967,1.2912665859444011e-05,0.28196355141773455,0.003963213493470012
98,0.033249500150750795,0.002060759417821833,0.002228691721572854,0.03362167252751819,0.16595091948009527,0.10371792125150746,0.0027806068064618553,0.009976857529988637,0.007911629053419193,0.0036706111051770323,5.293981137521435e-05,0.0001390183979066003,1.2071520919082748e-05,0.2824263050680533,0.0038746408353779295
99,0.03302589962999782,0.002066798748298116,0.0022291664283148652,0.03358293042561036,0.1668763011905271,0.10338700203220749,0.0027729653989771947,0.009847867437960598,0.00783827319233547,0.003591514471655716,4.959734055560308e-05,0.00013570819809834102,1.1284509017355322e-05,0.2828841360596724,0.003788104519327016
100,0.03280681697972986,0.0020728848813576983,0.0022296307374071495,0.033543584274576335,0.16780118112222484,0.10305029189110253,0.002765407921971066,0.009720606298780222,0.00776469041774888,0.003514034404193634,4.646276408978798e-05,0.00013247284268559208,1.0548109802386978e-05,0.28333748723407864,0.0037035181207714005
101,0.032591968346948226,0.0020790234719417905,0.0022300850959868137,0.03350362437742951,0.16872638246394198,0.10270754589901658,0.0027579309333500826,0.009594948896173995,0.007690824745973897,0.0034381049605364928,4.352297098210132e-05,0.00012930947022290955,9.859030393734414e-06,0.28378680819248264,0.003620796432135238
102,0.032381074274671594,0.0020852207036726684,0.002230529947433581,0.033463036321165866,0.16965277668040832,0.10235848308738735,0.0027505305288867037,0.00947076809575144,0.007616615003242008,0.0033636600925262836,4.0765670632209196e-05,0.00012621523260289983,9.214190647716103e-06,0.2842325583924338,0.0035398551864091084
103,0.032173858299563,0.002091483361341406,0.0022309657329555236,0.03342180061085901,0.17058129221500334,0.10200278176035286,0.002743202343079153,0.009347934132906797,0.007541994170725828,0.003290633424885375,3.817934097567216e-05,0.0001231872873316946,8.610709336911817e-06,0.2846752104513422,0.003460610762529653
104,0.03197004559602698,0.0020978189108624293,0.0022313928932281685,0.03337989224947776,0.17151292377420357,0.10164007437044717,0.002735941544336048,0.009226313891072278,0.0074668886734543015,0.0032189580190051617,3.57531798465191e-05,0.00012022278929537857,8.045891210609995e-06,0.285115253580059,0.0033829798793576695
105,0.03176936171991528,0.0021042355854485623,0.0022318118700376944,0.033337280269932754,0.17244874198119448,0.10126994203680245,0.002728742826290968,0.00910577020432681,0.007391217632716863,0.0031485661300053227,3.347705946113921e-05,0.00011731888233154481,7.517214902704778e-06,0.2855531970486147,0.0033068792867007113
106,0.03157153150017024,0.002110742476735951,0.002232223107880384,0.0332939272270061,0.17338990318772474,0.10089190878719413,0.0027216003971608583,0.008986161216225759,0.007314892101746966,0.00307938896522576,3.1341483903898875e-05,0.00011447269091266956,7.022321649787513e-06,0.28598957358830546,0.0032322254616921164
107,0.03137627811171548,0.002117349629995915,0.002232627055482556,0.03324978865585848,0.1743376592878772,0.1005054355843547,0.002714507968761814,0.008867339817978123,0.007237814299756764,0.0030113564504604963,2.9337549465552827e-05,0.00011168131217676763,6.5590047762108856e-06,0.2864249426589718,0.0031589343168790278
108,0.03118332234095029,0.0021240681433144165,0.00223302416722441,0.03320481250090965,0.17529336747020668,0.1001099141573252,0.002707458746230739,0.00874915317651627,0.007159876851158223,0.0029443970071610973,2.745690765536806e-05,0.00010894180842555885,6.1251998968529315e-06,0.2868598935502789,0.0030869209231388773
109,0.03099238203604836,0.0021309102715230508,0.0022334149044726244,0.033158938514713666,0.17625849995322576,0.09970466060827302,0.0027004454187745082,0.008631442349632115,0.007080962027122136,0.0028784373403051666,2.5691730685611963e-05,0.00010625120008010741,5.718975784068075e-06,0.2872950483299054,0.003016099246854954
110,0.030803171716499038,0.002137889536581054,0.0022337997368457223,0.033112097621818964,0.17723465385168122,0.09928890871459083,0.0026934601511433656,0.008514041974432182,0.007000940977478923,0.0028134022333888933,2.4034679217814032e-05,0.00010360645896606479,5.338525843977694e-06,0.2877310646918476,0.0029463818974167504
111,0.030615402306973283,0.00214502084691134,0.0022341791434500897,0.03306421123827114,0.17822356140261855,0.09886180280131779,0.0026864945750144005,0.008396780008184796,0.006919672933723992,0.0027492143445750276,2.2478872164817578e-05,0.00010100450171383848,4.982160148960589e-06,0.2881686387871355,0.0028776798786026444
112,0.030428780958530768,0.0021523206288220735,0.0022345536141317787,0.033015190533913136,0.1792271008324643,0.09842239002544559,0.002679539779171667,0.008279477497973186,0.006837004359252201,0.0026857939966619597,2.1017858358861554e-05,9.844218301202051e-05,4.648297977423703e-06,0.28860850813505473,0.0028099023360102656
113,0.03024301092387315,0.0021598069735918133,0.0022349236507898463,0.03296493562226303,0.18024730816831333,0.09796961189263176,0.0026725862972810615,0.008161948357151649,0.00675276802103705,0.0026230589532636696,1.964558991990557e-05,9.591628844577887e-05,4.335460817786827e-06,0.2890514547153778,0.002742956292447141
114,0.030057791464148158,0.0021674998040710144,0.0022352897687916828,0.03291333466164865,0.18128639028983382,0.09750229481850749,0.0026656240921194684,0.00804399913163097,0.0066667819575863116,0.002560924174305748,1.8356397186131896e-05,9.342352668143356e-05,4.042265800206977e-06,0.2894983083320917,0.0026767463639735204
115,0.029872817777807023,0.0021754210647871044,0.002235652498520609,0.03286026285149252,0.18234673948623148,0.09701913955067755,0.00265864253534764,0.007925428746955288,0.0065788483208452046,0.0024993015455070256,1.7144965096722608e-05,9.096052081838024e-05,3.7674195261691648e-06,0.28994995031921195,0.0026111744509482973
116,0.02968778095857753,0.0021835949395526424,0.002236012387071627,0.03280558130925241,0.1834309497267313,0.09651870928397305,0.0026516303822366545,0.0078060282372406095,0.0064887520745731215,0.0024380995788211846,1.6006310943487564e-05,8.852379881542287e-05,3.5097122722167427e-06,0.2904073176301816,0.002546139400852312
117,0.029502368008267364,0.002192048100464638,0.002236370000092822,0.032749135816719524,0.18454183477183683,0.09599941633227273,0.0026445757411646302,0.007685580469151495,0.006396259538632447,0.0023772230838376065,1.4935763431766111e-05,8.610978300918125e-05,3.2680125495874567e-06,0.2908714073144257,0.0024815366428281413
118,0.029316261951526822,0.00220080999191494,0.0022367259237470187,0.03269075542955812,0.18568244814212295,0.09545950726771771,0.002637466038180107,0.007563859888270683,0.006301116777981707,0.0023165728139843567,1.3928943012315733e-05,8.371477888056878e-05,3.041262006384927e-06,0.2913432813362914,0.0024172577978836263
119,0.02912914212307869,0.0022099131527233877,0.0022370807667393415,0.03263025095185506,0.18685610480861217,0.09489704651140946,0.0026302879775165345,0.0074406323321697726,0.006203047847844549,0.002256045096303879,1.2981743465566283e-05,8.133496340030545e-05,2.828470663359164e-06,0.2918240716297079,0.0023531902738331096
120,0.028940684726320935,0.0022193935786110797,0.002237435162318958,0.03256741328917625,0.18806640425733642,0.09430989846828364,0.00262302749964324,0.007315654975081822,0.006101752923963183,0.0021955314600171825,1.2090314739066835e-05,7.896637351076054e-05,2.6287124787023983e-06,0.2923149852003451,0.002289216860745712
121,0.028750563795245803,0.0022292911257132866,0.0022377897701136556,0.03250201171092221,0.18931725428188484,0.0936957084616233,0.0026156697393504235,0.007188676494983882,0.00599690637125525,0.0021349182877187546,1.1251047060038788e-05,7.660489560171466e-05,2.4411212418881595e-06,0.2928173089778424,0.0022252153516223957
122,0.028558452733427223,0.0022396499533353536,0.002238145277589162,0.03243379207808097,0.1906128944346423,0.09305188296279092,0.0026081989875332986,0.007059437586854166,0.005888154838639557,0.002074086524735677,1.046055636957285e-05,7.424625724179073e-05,2.2648868018952105e-06,0.29333241397182064,0.002161058225148936
123,0.028364026654314926,0.0022505190001633445,0.0022385024008348023,0.032362475129157145,0.19195791746663177,0.09237556996557335,0.002600598661913925,0.006927671988323579,0.005775115516453455,0.0020129114980947005,9.715671155104887e-06,7.188602297413165e-05,2.099251641568925e-06,0.2938617580824426,0.002096612443865506
124,0.02816696580986227,0.002261952481931879,0.002238861884255682,0.03228775496952645,0.19335728624222026,0.09166364086624423,0.002592851294012675,0.0067931082381109,0.005657374761068663,0.0019512629180472101,9.013420794883828e-06,6.951959672011826e-05,1.9435078176890816e-06,0.29440688664058806,0.0020317394433799012
125,0.027966960469049347,0.0022740103891401462,0.002239224498590794,0.0322092979832628,0.19481634244682855,0.09091267593907343,0.0025849385424306713,0.006655472455669396,0.005534487385520355,0.0018890051637446177,8.351025572987425e-06,6.714223430884295e-05,1.7969942956861798e-06,0.29496942938400206,0.001966295417922134
126,0.027763717692912502,0.002286758949518126,0.002239591036468652,0.03212674248804079,0.19634080182080865,0.09011895651351252,0.002576841246043462,0.006514492513104158,0.005405977042424569,0.0018259979918940476,7.725888575219458e-06,6.474907090867769e-05,1.6590947186871072e-06,0.29555109209346875,0.0019001320460966316
127,0.027556970542042775,0.0023002710000067155,0.0022399623044530525,0.032039699589622016,0.19793672856519026,0.08927846833673474,0.0025685395351499013,0.0063699040657548105,0.005271338293099638,0.0017620978539833161,7.135589731368006e-06,6.233516970639972e-05,1.5292356619106921e-06,0.2961536405028297,0.0018330978490829941
128,0.027346490332426577,0.002314626185273426,0.0022403391102253744,0.03194775586767718,0.1996104789179203,0.08838692240990625,0.0025600130239447315,0.00622145900870498,0.00513004116890636,0.0016971600634604447,6.5778823195270655e-06,5.989560003387438e-05,1.4068854336260181e-06,0.29677887336047626,0.0017650404312474722
129,0.02713210259950415,0.002329910862619487,0.0022407222432172485,0.031850478739193354,0.20136860072602822,0.08743980183850844,0.0025512411136951376,0.006068937016880182,0.004981539284675019,0.0016310421157253387,6.050692277790529e-06,5.742555515584697e-05,1.2915534896501723e-06,0.29742858069511197,0.0016958099166486263
130,0.02691370739717346,0.0023462175457165143,0.002241112446698244,0.03174742558830575,0.20321767235236912,0.08643244585454732,0.002542203442132713,0.005912160876403536,0.00482528284275542,0.001563608522461771,5.552120651161082e-06,5.492052180099235e-05,1.1827905241969157e-06,0.29810448252545274,0.0016252639554381213
131,0.026691304383237066,0.002363643663161831,0.0022415103791332096,0.03163815799041935,0.20516406098944576,0.08536018487164806,0.002532880519779704,0.005751016275195898,0.004660738127575777,0.0014947375610642076,5.080449396476662e-06,5.2376514658212424e-05,1.0801892774137093e-06,0.2988081426560694,0.0015532747143963107
132,0.026465022741254327,0.0023822893476155207,0.002241916562712391,0.031522262529115365,0.20721357844737537,0.08421854260957426,0.0025232545964778198,0.0055854765184763224,0.0044874152531605245,0.0014243303315477928,4.634150519924437e-06,4.979038849823662e-05,9.83386047710487e-07,0.2995408521719038,0.0014797382566136643
133,0.0262351552630304,0.00240225391937434,0.0022423313175583257,0.03139937969486579,0.2093710134719012,0.08300352187194687,0.0025133107988511475,0.005415632175129696,0.004304905854729725,0.0013523224155015507,4.211898064443284e-06,4.716023688841197e-05,8.920628015251774e-07,0.3003034783178289,0.001404586613255931
134,0.02600219478545567,0.002423630706720832,0.0022427546815212314,0.031269241998780964,0.21163952614132397,0.08171198777901299,0.002503038568788371,0.005241724842531269,0.0041129319156297806,0.0012786981907771783,3.8125817389473832e-06,4.448587784639101e-05,8.059496225826947e-07,0.30109627733165656,0.0013278025999850995
135,0.02576686963206415,0.002446499888360544,0.0022431863179789447,0.0311317215240962,0.21401990494424974,0.08034215391258968,0.002492433411167642,0.005064182970953301,0.003911405756570336,0.00120350741748489,3.4353199712909364e-06,4.1769411453531964e-05,7.248270340761576e-07,0.3019186752389604,0.001249436975943789
136,0.02553017289872861,0.002470919194912141,0.0022436254177986307,0.030986885475449734,0.2165097135005356,0.07889416063348986,0.00248149892363007,0.004883656045214806,0.0037004991734788913,0.001126883046157013,3.0794689550396132e-06,3.901581156539137e-05,6.485274783611847e-07,0.30276902910287035,0.0011696268541558053
137,0.025293378734508213,0.0024969126107980038,0.002244070606354065,0.030835055798259525,0.2191023922698755,0.07737070954089455,0.002470249031620032,0.00470104160349247,0.0034807167361358476,0.0010490583448134918,2.7446230948544983e-06,3.623348479862591e-05,5.769350018539129e-07,0.30364439244588254,0.0010886133877088262
138,0.02505803787074729,0.0025244576966239477,0.0022445198713425805,0.030676865849325465,0.2217864271502645,0.07577768526012456,0.0024587102899901007,0.004517498072542099,0.0032529646386439577,0.0009703805497050573,2.430601588922336e-06,3.3434700359668106e-05,5.099820619106268e-07,0.30454032077292126,0.0010067558337155584
139,0.024825945386322365,0.002553472771084874,0.0022449705304649703,0.030513304088686955,0.22454474082293013,0.07412466186574893,0.0024469240426754045,0.004334435962589675,0.003018603031615083,0.0008913176059170497,2.137416321238372e-06,3.063577412111925e-05,4.4764247175791954e-07,0.3054507626939441,0.0009245384388311653
