,Rs,Rj,Ra,Sj,Sa,Sb,Sga,Sgb,Cj,Ca,Cb,Cga,Cgb,Clupeid adult,Cod adult
0,0.11027695531436447,0.003040736687641724,0.002543125317304593,0.02570713355946602,0.21592211673689107,0.0668635269285755,0.0015953271157576625,0.005706334310211513,0.003134568234025982,0.0037577680385368147,0.0021372176932091067,0.00011052219653776532,0.00039450069795376655,0.29008730509143577,0.006400008626237454
1,0.09070162868467989,0.002839437696916935,0.0025326441573529108,0.026710565619790096,0.22534766607648993,0.08051309858338716,0.0018728352361754934,0.007176194534844485,0.004942666551237681,0.005642625924475576,0.0030595235550995516,0.00018094145622108974,0.0006070262165236559,0.3149097944308971,0.009490117152319873
2,0.14215423711162953,0.0027391337314147,0.0024925670823484473,0.022006838269677552,0.16279170991171027,0.07392566915355703,0.00163789470615761,0.007755077153574345,0.0055739452546716755,0.0069578416723602415,0.00369886817311055,0.00020051170604234146,0.0006701474913785153,0.24611035092499922,0.01152736904289165
3,0.1387915230794763,0.002916702234474069,0.0025028217360431957,0.02448802201640728,0.17863722853015002,0.0626913749352693,0.0014533191401990453,0.006470870765966653,0.00395888155319708,0.005382758040603569,0.002809390646219014,0.0001401851768927486,0.00046803807218297725,0.24925279337158499,0.00880037193589831
4,0.11363798596811552,0.0026951941587547257,0.002494629224536339,0.02578261601084386,0.19319381967165847,0.07832318961445228,0.0017733266944522396,0.007969889305896604,0.0059175579574086805,0.007408443690795978,0.003674401158921498,0.00021748533551092214,0.0006743618890982126,0.2812602252864596,0.01197469207432661
5,0.1371327957909569,0.002820200906833825,0.002497590866016614,0.02360053500645141,0.17313356647971878,0.06919713264049797,0.0015314157267191954,0.007524719309816063,0.00485606575559137,0.006474355568692707,0.003138994631115611,0.00017864805901653428,0.0005469879301698869,0.251386834156752,0.01033898618899474
6,0.1325076918895146,0.002670366257881211,0.0024915710039355534,0.02376277923310658,0.16675082562084595,0.07920709122227014,0.0017728548145900973,0.008584124472895511,0.006126588068724119,0.007803139217173142,0.0036169406303243543,0.00022837154102667623,0.0006588829183207833,0.2563148961306017,0.012307334306844955
7,0.11395482736474584,0.002692570174397173,0.002512807182341234,0.026900752615707166,0.18140551421624712,0.0850224461717169,0.0018680439394290803,0.009316235007663844,0.006138531627451537,0.0076230383597044905,0.0034000690095461294,0.00023731973689431745,0.0006603157890649985,0.277612239335057,0.011920742895209935
8,0.12632613628914777,0.0026846144739489375,0.0024970385531193446,0.02535929834216546,0.1688453571841648,0.08217806836412922,0.0017922487563017864,0.008927271038245352,0.006022361982805007,0.007752620185020995,0.0033705963093307364,0.00022593200176599415,0.0006076264466155332,0.26174294534284115,0.011956774942733258
9,0.13947250602538933,0.0026004252944575477,0.0024750942771175565,0.025363608192203322,0.14992272252371464,0.08033430991914757,0.0017291034703315429,0.009544488278066358,0.006608842921435818,0.008937455998460837,0.003779811466647422,0.0002496614381975245,0.0006578830345762283,0.24153062419126012,0.01362481193788201
10,0.1244993571398148,0.0026088564838747303,0.002490520366905972,0.02896013996722468,0.15978665299004596,0.08484754225911384,0.0018812919677454049,0.010413197914343522,0.0067240192564307156,0.009077938219496512,0.003699012414758057,0.000268874691110901,0.000682700610262684,0.2569286851312487,0.013728525935628155
11,0.15594349917161857,0.0024577885302564857,0.0024558420605152605,0.02387113845121077,0.12400039965490552,0.08110192405684884,0.001768496718312382,0.011102542404565673,0.007715954140139769,0.01090460524508424,0.004284634903829068,0.00030069290968457455,0.0007570237311922173,0.21797336283463242,0.0162469567897901
12,0.15149713119165004,0.0023351734440037607,0.0024528489477431913,0.025183474315887022,0.11695332287429724,0.0886197790141033,0.0018884079701229752,0.012978971687844348,0.00894028072505198,0.012442583993173538,0.004588126194368695,0.00035786020557514674,0.0008606781015073018,0.22044048154636786,0.01824924849462468
13,0.14989251299681305,0.002384959873064992,0.002459994886455662,0.02707090020080544,0.11971033439400273,0.08514715590148621,0.0018815593741535427,0.012551458031481433,0.008316450449370445,0.012210656589123134,0.004240524928438334,0.0003502284001846405,0.0008146332413678674,0.21929050770112393,0.01761604315911398
14,0.14632365367293648,0.002241685550007664,0.002456548030805026,0.02725287853661459,0.11302687276201262,0.09289614496045354,0.0020665933299145916,0.014539714381652281,0.00977114632912431,0.013919544952111722,0.0045952334487888635,0.0004229654708721446,0.0009166005998649585,0.22252932543403303,0.01985434447163769
15,0.14169183141037572,0.002204000239523067,0.002460754295491888,0.02823141436303522,0.11216707912152654,0.09693933947183517,0.002124114660360007,0.015363428757925011,0.010147261191241909,0.014313874031851463,0.004483741816066369,0.0004480104582462005,0.0009085797172199877,0.22659396201164672,0.02015420602338402
16,0.13702109767062984,0.0021437596823131078,0.002462803013161319,0.02906930913041942,0.1101861538211143,0.1021570035135511,0.0022606057256646427,0.016477670000295673,0.01081311083285717,0.01503908914068931,0.004502246655445496,0.0004847720421422446,0.0009246317067677345,0.23108143306062576,0.020950739545044787
17,0.15055221454064263,0.002093543795689255,0.0024555290469475315,0.02742467869576534,0.09755918802396067,0.09717877464141371,0.0021647087945370126,0.016868703752620978,0.011012399528202545,0.015352715666308593,0.004392308309624608,0.0004891286216683721,0.0008947943861733779,0.21377137521253234,0.02112894698377495
18,0.14906601480831524,0.0019950435832481,0.0024516757170039583,0.028244292124487827,0.09076281717843103,0.10174017411352375,0.002205537594139688,0.01876917785002448,0.012198735148905545,0.016662674163267038,0.004632557687393989,0.0005453258933181703,0.0009534687041653631,0.213477706736119,0.022794026448144558
19,0.1503909055445518,0.0019810457407496928,0.00245490046677588,0.028366965741995816,0.08674178430733778,0.1022252211372096,0.0022348947778074576,0.019553880991571057,0.012344800348542342,0.01667049966609518,0.0044453595922683215,0.0005502243522430108,0.0009165664326855936,0.21075578121392585,0.02258265004329211
20,0.13420770981699043,0.0019720746344335364,0.002464498233505023,0.030667011320824614,0.09491352653958572,0.11125943160921055,0.0024200265548161297,0.020642458050503826,0.012925797085124575,0.017105505177889467,0.00435669888431419,0.000581477700037008,0.0009101846318411381,0.22923544275411625,0.022953866394081802
21,0.14216034020740595,0.0019254346903579663,0.0024567408436441908,0.029948740485458647,0.08565247275788297,0.10913646665003171,0.002358572397908806,0.021509189307546462,0.013338806050410719,0.01774572834612205,0.004376997372700301,0.0006001251089658073,0.0009104039204168748,0.2186567011133699,0.023633254748205032
22,0.13730798045794104,0.0018818651365831625,0.00245735881575772,0.030613767191369844,0.08550588940342757,0.11343338685786479,0.0024154348241937082,0.02265834355416206,0.014068777627904159,0.018432266159044593,0.004361581642058395,0.0006315551108747813,0.0009115094392010757,0.22401305463964813,0.024336912351178845
23,0.13393261073247215,0.0018584012565173531,0.002458742962355676,0.03147682606323138,0.08361211652984156,0.11654847530863098,0.0024789789857529608,0.024015095466089084,0.014595429911859572,0.018858928269373767,0.004278495855250174,0.0006514522614857497,0.0008963271253683548,0.22665466629031458,0.024685203511478043
24,0.1378949866414639,0.001819717628483277,0.0024575522690552924,0.031050694010821743,0.07693652722114391,0.11659444224912319,0.0024910412441997566,0.02571770088210764,0.015080393880925665,0.019088866702434433,0.004165696202618779,0.0006604392890907038,0.0008718170162304862,0.22173971159657452,0.024786819210374404
25,0.1308981775420911,0.001805087988887243,0.0024600634692812247,0.03211443608130564,0.07870424060748261,0.12136844294953325,0.002580136256339696,0.02694908604985157,0.015584701583533266,0.019497516902250142,0.004074644064166239,0.0006805728393491213,0.0008554611759358234,0.2296019058632072,0.025108194981701328
26,0.129713779385069,0.0017792535284818912,0.0024583084728930327,0.03225973365669839,0.07735075599078327,0.12328499726328926,0.0025844088274020248,0.02788527459595293,0.01601070230508627,0.020032844620234778,0.004036217210903548,0.0007018585570630965,0.00084796258588575,0.23110543667742747,0.02561888297408717
27,0.12510812589481868,0.0017730507245910748,0.002460353633117123,0.0329884791051953,0.0785639047453891,0.12630649009718087,0.0026412416526928584,0.02874398456543001,0.016299704298176346,0.020258800087333023,0.003919730128702902,0.0007132713898419555,0.0008245086694785537,0.23625562106069284,0.025716310275356435
28,0.12161662089781947,0.0017708914108155189,0.0024614556339554476,0.033478437198139734,0.079913802690493,0.1286313803493758,0.0026771286019528643,0.029127903048153946,0.016465217968007102,0.02043741992710877,0.003794909566531121,0.000721344414848669,0.0007982417421543409,0.2403502146899756,0.025751915650642904
29,0.11774628664732896,0.0017704449500861327,0.002462785827795057,0.03400386613021053,0.08163559183617154,0.13115577501689618,0.0027157853267155596,0.029427105372455558,0.01661535817135671,0.020587561625376626,0.003666070175934577,0.0007283254498321472,0.0007710701196586115,0.24493425755223885,0.02575302737080196
30,0.11391818197231271,0.0017705709910586654,0.0024642701696873945,0.0345202283648834,0.08339777980371776,0.133646063399541,0.002753168212621093,0.029685259215456155,0.016754410441378823,0.020702409656692077,0.0035346196783591,0.0007339065007369382,0.0007432675422173138,0.24948227063133602,0.02571420337800543
31,0.11016310465509553,0.0017710954841095596,0.0024658774094114774,0.035021750411112024,0.08518241247515503,0.136091178266833,0.0027886700346156116,0.029900349544646262,0.016883320307535733,0.020783682481506173,0.0034014971930793093,0.0007381375143786918,0.0007150422503315897,0.2539626103212499,0.02563835943929576
32,0.10649708622988144,0.0017720157547181136,0.00246760343267983,0.03550580794639948,0.08698533112668104,0.1384806936488914,0.0028220126387147213,0.030069323777446033,0.017001299457555696,0.020830056292709852,0.003266978744069704,0.000740961857312315,0.0006864621688479303,0.2583573611917332,0.025524459062939802
33,0.10293455879006204,0.0017733334546877577,0.0024694438429575254,0.03597011897583251,0.08880271001610149,0.14080453601198145,0.002852958287660371,0.030189800710161925,0.017107596922951204,0.020840524432072467,0.003131406110750128,0.000742336743966006,0.000657609632353061,0.2626500050259053,0.02537187691914166
34,0.09948808728505848,0.001775045652758425,0.002471392533562201,0.03641271156775545,0.09063076509850786,0.1430536185597803,0.0028813077754049755,0.03026026486313551,0.01720163119012228,0.020814663441428367,0.002995218724042159,0.0007422432852126152,0.0006285880585050189,0.26682595629682865,0.025180713509188157
35,0.09616807522579023,0.0017771435994786645,0.002473441512401215,0.03683196191754954,0.09246574355803706,0.14522012790398645,0.0029069060020349563,0.0302801653616877,0.017283022700210832,0.020752701481045847,0.0028589443067332204,0.0007406891119346851,0.0005995196916897403,0.27087294282574614,0.024951854591403495
36,0.0929824424089911,0.0017796129320710745,0.0024755810888754744,0.037226643677444556,0.09430403270138428,0.1472977715324619,0.0029296479262989803,0.030249949003331323,0.017351606142381154,0.02065552162178552,0.0027231774560704776,0.0007377085151502262,0.0005705407687807252,0.2747814011634765,0.024686948361786948
37,0.08993645341535561,0.0017824343633942713,0.002477800215943969,0.03759595412042876,0.09614227584570278,0.14928192653472766,0.0029494814285329087,0.030171021356697435,0.01740742763763576,0.020524616413555328,0.0025885521349263934,0.0007333606369549566,0.0005417953801843168,0.27854470516566077,0.024388324565620994
38,0.08703273951798177,0.0017855846863803239,0.0024800869208132206,0.037939510667009034,0.09797746299283487,0.1511696645751522,0.002966406418145527,0.030045642009428962,0.017450727638508023,0.020362001708469513,0.0024557115996785496,0.0007277260089115904,0.0005134288035230256,0.28215917599556156,0.02405886812058268
39,0.08427149523804156,0.0017890379577225374,0.0024824287695478942,0.03825732082316831,0.09980698750894669,0.15295966167649633,0.002980470555755189,0.029876770552682487,0.01748191268645714,0.02017010245218756,0.0023252792545284647,0.0007209019455278134,0.0004855810825033539,0.28562389029388074,0.023701864734747193
40,0.08165080466687218,0.0017927667158668388,0.0024848133134624147,0.0385497324325077,0.10162866759373544,0.1546520187949534,0.0029917624478087317,0.029667885342043655,0.01750152048878241,0.019951625778420586,0.0021978334295451305,0.0007129974102633205,0.0004583815096891496,0.28894033417854126,0.02332083812791819
41,0.079167041998808,0.001796743106837732,0.0024872284761466414,0.038817372678615,0.10344073651435505,0.15624802737421575,0.0030004033868777317,0.029422797322602206,0.017510182952641902,0.01970943597563177,0.0020738880801113575,0.0007041279432403942,0.0004319444466642261,0.2921119645980508,0.02291939644564775
42,0.07681529276725334,0.001800939829663341,0.0024896628563377352,0.03906108389838397,0.10524180889409863,0.1577499140739337,0.003006538683410029,0.029145477270478164,0.017508591083888622,0.019446442584604567,0.0019538802251715696,0.0006944111082436183,0.00040636665203453874,0.29514373892192053,0.0225011005700543
43,0.07458975318685257,0.001805330857432894,0.0024921059385448903,0.039281862577487954,0.10703083160282029,0.1591605928395772,0.003010329432888008,0.028839908626399385,0.01749746442816865,0.0191655084350036,0.0018381638947227439,0.0006839627380480158,0.0003817260562747547,0.29804166250168485,0.022069361124049114
44,0.07248407986001508,0.0018098919287618527,0.002494548216627605,0.0394808056355471,0.10880702722628345,0.1604834435347499,0.0030119452797489504,0.02850997170252313,0.01747752641478054,0.018869380137486905,0.0017270096321360848,0.0006728940840191426,0.0003580817636992142,0.30081238774330543,0.021627365617341347
45,0.07049167630745781,0.0018146008334467792,0.0024969812439154487,0.03965906602578307,0.11056983657055115,0.16172212727639335,0.003011558460161974,0.0281593597558492,0.017449485853092216,0.01856064023709315,0.0016206082381060585,0.0006613098416646286,0.00033547498478914156,0.3034628820629557,0.021178033301652983
46,0.06860591398779296,0.001819437529941504,0.0024993976269246155,0.039817817989281204,0.11231886486621774,0.16288044123175294,0.003009339181536373,0.027791523825866297,0.017414024093619102,0.0182416781989248,0.0015190773918895308,0.0006493069406794655,0.0003139305931826332,0.3060001691053733,0.02072399312467643
47,0.06682029329265683,0.0018243841345213967,0.0025017909795489214,0.039958231077223516,0.11405383410512691,0.16396221065547809,0.0030054522457038007,0.027409641524165498,0.017371786958447474,0.01791467648176388,0.0014224699348128493,0.0006369739500340654,0.0002934590366931695,0.30843113853047427,0.020267579403303964
48,0.06512855350351618,0.001829424824221729,0.002504155852601654,0.04008145170496529,0.11577454252261382,0.16497121312401794,0.0030000547398663703,0.027016604421021856,0.017323380384813174,0.01758160786037516,0.0013307828463129082,0.0006243909437945048,0.0002740583874949781,0.3107624148075199,0.01981084003797755
49,0.0635247415419301,0.001834545688727851,0.0025064876504089176,0.04018859090224761,0.11748083175059404,0.16591112879695097,0.0029932945883204593,0.026615018788803044,0.017269368804337982,0.0172442405957018,0.0012439662101639591,0.0006116296902538957,0.00025571637678195824,0.3130002739246685,0.019355552872901617
50,0.06200324966418991,0.001839734552246512,0.0025087825427221383,0.040280716644388266,0.11917256103383139,0.1667855107158215,0.002985309767141349,0.026207215420337847,0.017210275444230025,0.016904148678949873,0.0011619317087485802,0.0005987540519231292,0.00023841231294369986,0.3151505969371321,0.018903246752565283
51,0.06055883108512871,0.001844980782623027,0.002511037377665339,0.04035884943468003,0.1208495871362124,0.16759776991975472,0.002976228009166438,0.025795265306504604,0.017146583864875515,0.01656272500099726,0.0010845603737271513,0.0005858205089317865,0.00022211882470783123,0.31721885037163816,0.01845522470836403
52,0.059186599790415455,0.0018502751055503378,0.0025132495994358685,0.040423960388764925,0.12251174911191536,0.16835117098239286,0.0029661668529372114,0.025380998555294507,0.017078740207930924,0.016221195903584923,0.0010117094631270415,0.0005728787425033747,0.00020680340208636055,0.3192100855025399,0.0180125875113017
53,0.05788201987754648,0.0018556094310663528,0.002515417172631556,0.04047697113040909,0.12415885740893577,0.16904883440999027,0.0029552339166989267,0.024966024542858182,0.01700715581360179,0.015880636079794008,0.0009432184331846091,0.0005599722358358751,0.00019242972965739148,0.3211289502784831,0.017576256478471882
54,0.05664088847906134,0.0018609766928421906,0.002517538513898761,0.04051875472747961,0.12579068633508586,0.16969374338507073,0.0029435273190553963,0.02455175216222278,0.016932209983114142,0.015541983148805586,0.0008789140346696657,0.000547138864432804,0.00017895882017670542,0.32297970920143476,0.01714699486808476
55,0.05545931552428719,0.001866370701462796,0.002519612431041206,0.04055013719014486,0.1274069688905659,0.17028875305603125,0.0029311361889070237,0.02413940951043351,0.016854252717681203,0.015206051479161277,0.0008186145977906889,0.0005344114580827935,0.00016634996394543805,0.3247662676459377,0.016725427498980202
56,0.054333701827181814,0.001871786015020809,0.0025216380694150532,0.040571899378314326,0.12900739351858867,0.17083660103319673,0.00291814122191068,0.023730062505128307,0.016773607321547375,0.014873545029237987,0.0007621335870451784,0.0005218183245078653,0.00015456151299774557,0.32649219827882436,0.016312058453788778
57,0.053260716845971244,0.0018772178272862443,0.0025236148650887207,0.040584779183097136,0.13059160267712222,0.17133991802249682,0.0029046152508069977,0.023324632046811525,0.01669057281552972,0.014545069110160454,0.0007092825134473892,0.0005093837303512349,0.00014355152035445997,0.3281607679972375,0.015907286874313538
58,0.05223727679615861,0.0018826618711310162,0.0025255425041307757,0.04058947376485273,0.13215919313017935,0.17180123789256135,0.0028906238175086963,0.02292390962556795,0.016605426139391342,0.01422114105056623,0.000659873289967586,0.000497128338409271,0.0001332782540949096,0.32977496446581733,0.015511420933037996
59,0.05126052392227104,0.0018881143351236933,0.002527420887414898,0.040586641679126144,0.13370971792271263,0.17222300662460685,0.002876225741971228,0.02252857138592471,0.016518424126551228,0.01390219977871486,0.0006137201100250773,0.0004850696016133619,0.00012370060454144585,0.33133752167521546,0.015124690094894746
60,0.0503278069251286,0.0018935717931466635,0.0025292501004535862,0.040576904829486185,0.13524269030559685,0.17260758966241124,0.0028614736902677217,0.02213919068397026,0.016429805234514278,0.013588614358511164,0.000570640921065993,0.0004732221151721483,0.00011477840100425997,0.33285094434224605,0.014747255795753566
61,0.049436662685493675,0.0018990311472968922,0.0025310303878231556,0.040560850212746566,0.13675759023132894,0.17295727706865482,0.0028464147447480152,0.0217562491157179,0.01633979101618145,0.01328069152612988,0.00053045855698442,0.00046159792878119573,0.00010647265260488046,0.3343175311604497,0.014379220664500375
62,0.048584799103377645,0.0019044895837972118,0.002532762131842474,0.04053903138026143,0.13825387433248132,0.1732742858197532,0.0028310909878820575,0.02138014602510121,0.016248587315251077,0.01297868227107693,0.0004930015849633981,0.00045020682083524193,9.874572580644539e-05,0.33573939716521783,0.014020636402682016
63,0.047770078966229694,0.0019099445424115814,0.002534445835259447,0.04051196950603159,0.1397309905712436,0.17356075842206745,0.002815540116394944,0.0210112065059129,0.016156385159171265,0.012682787493722647,0.0004581049146005726,0.0004390565362421848,9.156146950406956e-05,0.3371184956156189,0.013671510414069476
64,0.04699050473049372,0.0019153936999433746,0.0025360821078190317,0.04048015395131268,0.1411883990581555,0.17381875684816117,0.002799796105140538,0.020649687892033624,0.016063361309902303,0.012393162758009718,0.00042561021026122844,0.00042815298899817334,8.488529693613476e-05,0.33845663990349084,0.013331811254205255
65,0.046244203857004264,0.0019208349703108754,0.002537671656656491,0.040444042220560895,0.1426256008058122,0.17405025064157495,0.0027838899425714956,0.020295784720180204,0.015969678421941743,0.012109922149800282,0.0003953661416818171,0.00041750043040704275,7.868423231151193e-05,0.3397555261101388,0.013001472954200654
66,0.045529414654712566,0.001926266523063201,0.0025392152804428816,0.04040405920572973,0.14404217618552007,0.1742570979760388,0.0027678504531874286,0.01994963213504289,0.01587548475498753,0.01183314125524953,0.0003672285030331162,0.00040710158397251785,7.292692892690325e-05,0.3410167567497892,0.012680398271182065
67,0.04484447240930826,0.0019316868224023695,0.00254071386707868,0.04036059564450143,0.14543783430601886,0.17444101878494273,0.0027517052140911998,0.01961130779653475,0.015780913404080308,0.011562859301298595,0.00034106022702788354,0.0003969577489402871,6.758366468424478e-05,0.3422418661015875,0.01236846094195101
68,0.0441877958885554,0.0019370946872104412,0.0025421683943570982,0.0403140058147542,0.146812472952343,0.17460356000831403,0.002735481546078774,0.019280832501186368,0.015686081058855543,0.011299080570483247,0.0003167313183406628,0.00038706887682710513,6.262632032726933e-05,0.3434323470079222,0.012065507085978285
69,0.0435578746942539,0.0019424893685307378,0.0025435799323255824,0.04026460469316881,0.14816624549981705,0.17474605499863066,0.002719207511848082,0.018958170019004454,0.015591086408184802,0.011041775336759282,0.00029411872962513354,0.00037743362976261444,5.80283453992248e-05,0.34458967802930024,0.011771356041546254
70,0.04295325824318754,0.0019478706347490658,0.0025449496449857635,0.04021266514882053,0.14949962583456713,0.1748695825754584,0.0027029127831534948,0.018643227119230523,0.01549600848701004,0.0107908807813207,0.00027310620343953807,0.00036804943650153437,5.3764716812160724e-05,0.3457153483124095,0.011485801138073933
71,0.042372547871085076,0.0019532388445987125,0.0025462787876061933,0.040158416207248464,0.15081345496338353,0.17497493600745367,0.0026866291473938205,0.018335855327184555,0.015400905514521586,0.01054630261494266,0.00025358410328860613,0.00035891257072861587,4.981189478981233e-05,0.3468108754454156,0.011208611183749695
72,0.041814393963715495,0.0019585949771684656,0.0025475686948745625,0.040102043864286285,0.1521089460019492,0.17506261698582626,0.0026703903541511293,0.018035856413417706,0.01530581502310799,0.010307918346321462,0.00023544925420418511,0.0003500182830379033,4.6147780310588006e-05,0.3478778097553443,0.01093953366387414
73,0.0412774996716331,0.0019639405842018613,0.0025488207556744907,0.04004369597478544,0.15338762363005323,0.17513287061099794,0.0026542310367567456,0.017742993418017057,0.015210756124845628,0.01007558304473829,0.00021860480376873956,0.000341361014380102,4.2751676268786675e-05,0.34891771869582494,0.01067830053915592
74,0.04076063101288104,0.001969277645407013,0.002550036374233574,0.03998349178939874,0.15465118938255648,0.17518576833812155,0.0026381846991266954,0.01745700738603565,0.015115734280782278,0.00984913769717856,0.00020296009469492846,0.0003329346932198278,3.9604250737457166e-05,0.3499321498058403,0.010424636735830774
75,0.0402626297639288,0.0019746083523862353,0.0025512169254135577,0.03992153439009007,0.1559013411239587,0.175221322534884,0.0026222812779494262,0.01717763663899937,0.015020747709543052,0.009628418713659923,0.00018843051322333022,0.00032473306686217786,3.668749560170944e-05,0.35092258157579154,0.010178269789347138
76,0.039782422161984216,0.0019799349059575707,0.0025523637200041607,0.039857921551071575,0.15713961815355487,0.175239588077738,0.0026065453160851976,0.016904631986550636,0.014925793086166062,0.009413265544141715,0.0001749372624127663,0.00031674996511233506,3.398467102020139e-05,0.35189038353392865,0.009938937442687016
77,0.03931901752199347,0.001985259423463609,0.002553477993965043,0.03979275045995963,0.15836734424505935,0.17524070404613223,0.0025909956554726844,0.016637761998574554,0.014830868059137916,0.009203523681336402,0.00016240703564295361,0.0003089794064281517,3.148023127446946e-05,0.35283680594523886,0.009706390354681977
78,0.03887149834188273,0.0019905839669099186,0.00255456091864338,0.039726116339393186,0.1595856670045179,0.1752248743302743,0.0025756464495731097,0.016376809478004708,0.01473597052006962,0.008999043548649943,0.00015077163116934794,0.0003014155653633156,2.9159740031790296e-05,0.35376299726237004,0.009480390485214398
79,0.03843900939933907,0.001995910607442913,0.002555613614970102,0.03965810951273077,0.16079562035903341,0.17519233230910386,0.00256050838053522,0.016121566181678825,0.014641096997995373,0.008799678507380318,0.0001399675806518822,0.0002940527105325178,2.700978899637156e-05,0.3546700272303513,0.009260708587561091
80,0.038020749885764635,0.002001241467057239,0.002556637162073118,0.03958881380566832,0.16199816407739345,0.17514331905357777,0.0025455894609310394,0.01587182979930657,0.014546241729165266,0.008605283838741951,0.00012993582102811528,0.0002868851749962949,2.5017925502215665e-05,0.35555890239120885,0.009047122760268577
81,0.03761743987220999,0.002006552457181531,0.0025576290611369094,0.03951949536512605,0.16319186565115126,0.17507363863655384,0.002531315348747657,0.01563026387724045,0.014452049801950846,0.008416433870703526,0.00012063166467059034,0.00027993122939357475,2.3174547481179998e-05,0.3564270835136932,0.008840171312248872
82,0.037229827525613615,0.0020118163296652695,0.002558586792421216,0.039451479541553314,0.1643748249181996,0.1749793046393575,0.0025181202994863515,0.015399553580077566,0.014359214656122962,0.008233704181255026,0.00011201218517674916,0.00027320897353547743,2.1470469900728753e-05,0.35727180343712106,0.00864039580986798
83,0.03685565519975282,0.0020170603449233865,0.0025595151015181425,0.03938364090520404,0.16555002071235808,0.17486537675664016,0.002505576779526516,0.015176508446672374,0.014267077272659958,0.008056193906037654,0.00010401715034462891,0.0002666873805648029,1.9893295126562817e-05,0.3580974826951971,0.00844679173207365
84,0.036493786485062976,0.002022294284060044,0.0025604161349649175,0.03931566788530171,0.16671886753841858,0.17473364085850937,0.00249355109896961,0.01495998973769854,0.01417542371953209,0.007883522240862717,9.659828775520482e-05,0.00026035286103330107,1.8433001166857295e-05,0.3589060492335961,0.008258906390818081
85,0.036143347680531755,0.002027524582966159,0.0025612914718213353,0.03924740836420334,0.16788247071617654,0.17458517128717538,0.002481969076032879,0.014749287096440602,0.014084127045762326,0.007715418589401914,8.971241926935632e-05,0.00025419555106036745,1.708061691485278e-05,0.35969889817582545,0.00807640717664649
86,0.03580358887853136,0.0020327565244268055,0.0025621424519481147,0.039178764685218484,0.16904181221091222,0.17442075322770398,0.002470778505187771,0.014543858324975907,0.013993090862615153,0.007551656574088241,8.332011788454049e-05,0.0002482071017603785,1.582795757361904e-05,0.3604772022687799,0.007899011751306778
87,0.03547384511234561,0.0020379947543308274,0.002562970252404255,0.039109674057003864,0.1701978158517919,0.1742409618817576,0.0024599416339068946,0.01434327051875729,0.013902237045646823,0.007392039254044094,7.73851895498052e-05,0.00024238017932525085,1.4667518860374931e-05,0.3612419898862137,0.007726472141779524
88,0.03515350256743436,0.0020432438388875733,0.002563775972112879,0.03904007901963551,0.17135138775550426,0.17404628043797016,0.002449424766233197,0.014147131764724966,0.013811491005104705,0.007236382115379778,7.187421750100323e-05,0.00023670789934847653,1.3592384298390092e-05,0.36199422472443255,0.0075585566165276485
89,0.034842010959364345,0.002048507873189982,0.0025645605863292543,0.038969949321441474,0.17250339767429068,0.17383702164518425,0.0024392062088754727,0.013955136316932149,0.013720791931288362,0.0070845229146844655,6.675643473319868e-05,0.0002311841450264662,1.2596195169688895e-05,0.3627347618452825,0.007395059689613819
90,0.034538831018702205,0.0020537915941091825,0.0025653250913022434,0.03889922421062963,0.17365474775124362,0.1736135510423359,0.0024292548226609793,0.013766931365697137,0.0136300643901505,0.006936291985755789,6.200323132086033e-05,0.000225802593139915,1.1673052420934133e-05,0.3634644849819377,0.007235770862637499
91,0.03424348883538997,0.0020590990310374114,0.002566070331789412,0.03882788790508038,0.17480631704434496,0.17337599204584583,0.002419557861388577,0.013582283039530409,0.013539253797976925,0.006791548509361352,5.758832595982098e-05,0.0002205578970307449,1.081754395465925e-05,0.3641841499911098,0.007080512276306577
92,0.033955519480054486,0.002064434798442788,0.0025667971710656135,0.03875589746558382,0.17595901809646577,0.1731245071647869,0.0024100950075189526,0.013400919405621018,0.013448292558437592,0.006650145239192956,5.34872693988045e-05,0.00021544453362404913,1.002464687700647e-05,0.3648945396743926,0.006929101689092815
93,0.03367448414400123,0.0020698036356587048,0.0025675064236123273,0.038683214988857226,0.17711379858869866,0.1728591646961104,0.0024008497874746437,0.01322259610092573,0.013357113586210098,0.006511942931990368,4.9677438523313364e-05,0.00021045727315635254,9.28972231783096e-06,0.36559640917320946,0.006781367365987866
94,0.033399967393485906,0.002075210468095547,0.0025681988701123154,0.038609799754893974,0.17827162876080746,0.17257997989849447,0.0023918064325449484,0.013047078103937062,0.013265647876071533,0.006376807212517848,4.613787304140258e-05,0.00020559107663350055,8.608481039192139e-06,0.366290493195784,0.0066371446432319445
95,0.033131573569799844,0.002080660443810794,0.0025688752555883864,0.038535611926584334,0.17943352570775647,0.17228688494764294,0.0023829520144614084,0.012874149939884956,0.01317382483532667,0.006244609309328331,4.284915821072896e-05,0.0002008411184652197,7.97695801081697e-06,0.3669775126097458,0.006496276544015097
96,0.03286891736309163,0.0020861591888255435,0.0025695363168056254,0.038460600383682104,0.18060056884323292,0.17197977229529773,0.0023742718186048205,0.012703588089404744,0.013081566325208707,0.006115220444694785,3.9793272314621803e-05,0.0001962026050948092,7.391480762089001e-06,0.36765820104654023,0.006358607802866304
97,0.03261163033829568,0.0020917126260421837,0.0025701827598398983,0.03838471353770417,0.18177389206815442,0.17165845285721318,0.0023657535272068957,0.012535184207603332,0.012988791619419062,0.005988516638525684,3.6953518875597216e-05,0.00019167092955643238,6.848653758165027e-06,0.36833328266017784,0.00622398974071588
98,0.0323593538064667,0.002097327164205223,0.002570815275852623,0.038307893114134225,0.18295471012465533,0.17132266724206704,0.002357384982110923,0.012368730954523552,0.012895413666529649,0.005864375600992804,3.431441001941498e-05,0.00018724157132296256,6.345333981915469e-06,0.3690034933033569,0.006092276916317096
99,0.03211173661515603,0.0021030097796580294,0.0025714345434790526,0.03823007397210487,0.18414433152303727,0.17097207792361188,0.0023491543334910863,0.012204021174186569,0.012801338159479078,0.005742676363887847,3.18615774778002e-05,0.0001829100842897474,5.878611880127618e-06,0.36966958495432684,0.0059633266375355215
100,0.03186843212442445,0.0021087681316273137,0.002572041235847415,0.038151180858227926,0.18534417417944204,0.1706062687553085,0.0023410493729656614,0.012040843505296809,0.012706461581119568,0.005623297910813693,2.9581685275612782e-05,0.00017867205347755694,5.445792863421321e-06,0.370332335813013,0.005836997442430284
101,0.031629099274976515,0.002114610558985494,0.0025726360129617967,0.03807113279337978,0.18655577871183074,0.17022471749725487,0.0023330593463118565,0.01187899096352149,0.012610672460512767,0.005506120893609838,2.746236569155654e-05,0.00017452315008598308,5.0443832887721e-06,0.370992546518919,0.00571315079267615
102,0.031393394332393756,0.002120546392122218,0.0025732195433708673,0.03798983282486396,0.1877808424038908,0.16982681191889096,0.002325171718811372,0.011718241671151689,0.01251384544562528,0.005391023204092669,2.54921281443029e-05,0.00017045899123415196,4.672071675125173e-06,0.37165106771274486,0.005591646395146249
103,0.031160971325749288,0.002126585999601716,0.002573792494255652,0.03790717426911835,0.18902124670015094,0.16941180248895626,0.002317375324159539,0.01155837282620771,0.012415842412766987,0.005277882207676204,2.3660309722043528e-05,0.00016647521182287643,4.326717735205715e-06,0.3723087973394745,0.00547234444695633
104,0.03093147781803001,0.0021327410142926184,0.0025743555427322194,0.037823034781028796,0.19027908718104358,0.1689788029227234,0.002309658334988682,0.011399148741473377,0.012316508789805636,0.0051665724299311145,2.19570068192673e-05,0.00016256739240188588,4.006338113462923e-06,0.37296669718022907,0.005355103167265731
105,0.030704550816852628,0.002139024593437191,0.002574909383507881,0.03773727285514696,0.19155671646599373,0.16852676820085521,0.0023020081399170223,0.011240317582075329,0.012215670073962745,0.005056964067305067,2.0373017126361323e-05,0.00015873101392432137,3.709094177211272e-06,0.3736258103888413,0.005239777192532961
106,0.03047981170980631,0.0021454517238297115,0.0025754547357698973,0.037649725184226525,0.19285679997666755,0.16805445998602894,0.002294411469569058,0.011081608759468198,0.01211312808495335,0.004948921676879818,1.8899787646510277e-05,0.0001549614184227779,3.433281052625618e-06,0.37428728019173374,0.005126216164001733
107,0.03025686252469493,0.0021520395484431977,0.002575992349388353,0.037560203540105266,0.19418237362176552,0.16756040936992098,0.0022868546708208113,0.010922730630781948,0.012008657066591925,0.004842302968228358,1.752936738550336e-05,0.0001512537737676045,3.1773176410754537e-06,0.3749523682932892,0.005014263427022541
108,0.03003528123772263,0.0021588077662139772,0.0025765230161381046,0.03746848858142057,0.19553690545344407,0.167042887657238,0.0022793226132292945,0.010763362641507788,0.011901998477022923,0.004736956510694505,1.6254360123613117e-05,0.000147603004657502,2.939736772442352e-06,0.3756224783654191,0.004903753612248063
109,0.029814617642138466,0.002165779077958664,0.002577047576689138,0.0373743260101628,0.1969243755963166,0.16649985133163073,0.0022717991854216877,0.010603153459837105,0.011792855961631198,0.004632720357026955,1.5067884986616641e-05,0.0001440037534526977,2.7191768875401824e-06,0.37629917957320613,0.004794511172353809
110,0.029594383729664202,0.0021729799148051607,0.002577566940269723,0.037277416604557606,0.19834939603182639,0.16592887871554302,0.0022642664648099805,0.010441710705532622,0.011680885879557871,0.004529418070982348,1.396353225244648e-05,0.00014045026071946018,2.514372970604305e-06,0.376984251917712,0.004686346236924859
111,0.029374051972456464,0.002180440962335189,0.0025780820895322707,0.03717741227835578,0.1998172974237113,0.16532710415023677,0.0022567050512867317,0.010278599737380371,0.011565692187001708,0.004426857705441428,1.293533294916793e-05,0.00013693633843890217,2.324150057925393e-06,0.3776797063626151,0.004579053526887422
112,0.029153047160479686,0.0021881980770437175,0.002578594100662626,0.03707390384128221,0.20133427865017406,0.1646911313560312,0.0022490931696259905,0.010113332370005678,0.011446815323470402,0.004324827666508852,1.197772202774524e-05,0.00013345524837353375,2.1474156902461168e-06,0.37838783554583694,0.004472408052600377
113,0.028930730411124424,0.002196293676139551,0.002579104175504335,0.03696640424941563,0.202907635424078,0.1640169016143201,0.002241405670788624,0.009945350683625821,0.01132371513049481,0.004223090198897788,1.1085500002679002e-05,0.00012999950812179765,1.9831521871650293e-06,0.3791112933928125,0.004366158359209429
114,0.02870640020866519,0.0022047776507723342,0.0025796136469750162,0.03685434147629666,0.20454590347999288,0.16329957824105296,0.002233614761142096,0.009774028292669646,0.011195762870146658,0.004121380141870417,1.0253812922755254e-05,0.00012656086173493944,1.8304122649991627e-06,0.3798531247748576,0.004260025228793112
115,0.028479270527921947,0.0022137095643475313,0.002580124029489509,0.03673702930577354,0.20625920568121073,0.16253335286046428,0.0022256871709051117,0.009598640091615832,0.011062214395353882,0.004019394563756759,9.478112374805312e-06,0.0001231299721770848,1.6883111871581074e-06,0.38061688580419595,0.004153690959495807
116,0.028248453573005573,0.0022231610146393574,0.002580637053851884,0.03661364709692349,0.20805965027137444,0.16171116648935552,0.0022175860161404485,0.009418354726307478,0.010922185256306562,0.003916785670212994,8.754130355038217e-06,0.00011969621740858496,1.55602163815395e-06,0.3814067575031779,0.004046792039614771
117,0.02801294321895968,0.0022332186606140265,0.002581154722883701,0.03648320100314082,0.2099617776354837,0.16082443906378677,0.0022092668191204755,0.009232201306488665,0.010774617283049908,0.0038131490892240262,8.07784763239806e-06,0.00011624734907203723,1.4327675055875247e-06,0.3822276848248796,0.003938907053434049
118,0.02777158155861315,0.002243988716291201,0.0025816793852324192,0.036344480610050064,0.2119832805945825,0.15986259143313045,0.0022006773223561126,0.009039039153816087,0.010618230546125294,0.003708008731169379,7.4454624409662615e-06,0.00011276905064049472,1.3178178058863973e-06,0.38308558850388513,0.0038295410620567266
119,0.02752302993090869,0.0022556026304211834,0.002582213827359315,0.03619599391343144,0.2141458697410716,0.15881247989067523,0.0021917550935538314,0.008837517339272093,0.010451463541233243,0.003600797520011733,6.853358162423487e-06,0.00010924437970908488,1.2104805080670498e-06,0.38398762206457276,0.0037181057383913092
120,0.02726571811635227,0.002268225412455134,0.00258276140637812,0.03603588407015995,0.2164765187636765,0.1576575812966701,0.0021824226136461706,0.008626009541286131,0.010272387363380363,0.003490829820398516,6.298064420542804e-06,0.00010565296102759734,1.1100952557896134e-06,0.38494253221527885,0.0036038909411024453
121,0.026997794379912197,0.002282066765560399,0.0025833262070537903,0.035861817516152715,0.21900914490185075,0.15637683954610557,0.0021725862112892576,0.008402554964520253,0.010078595705426527,0.0033772685811670087,5.7762209177401825e-06,0.00010197003762515683,1.0160266783445615e-06,0.38596112562376583,0.00348603086638825
122,0.026717058506471422,0.0022973971699119335,0.0025839132693619687,0.03567082243928128,0.22178690756731642,0.15494311482868933,0.0021621276496890207,0.008164755700951772,0.009867049343975075,0.0032590775443607496,5.2845282016454206e-06,9.816508068195731e-05,9.276554613698181e-07,0.38705690574664664,0.003363454808705722
123,0.026420889399434686,0.0023145705439053055,0.0025845288676578306,0.03545907836539972,0.22486539831074595,0.1533209395720901,0.0021508983377834735,0.007909669818268473,0.009633869603965025,0.0031349623576126993,4.81969833733265e-06,9.420008637389961e-05,8.443694954889021e-07,0.388246906038888,0.0032348265118194207
124,0.02610617237272797,0.00233405686956631,0.0025851808713080265,0.03522162554991764,0.22831701488199174,0.15146338465990372,0.0021387087023379834,0.0076336743003001155,0.009374057796753208,0.003003293924670553,4.3783973671774345e-06,9.002736206394447e-05,7.655536530659945e-07,0.38955278254453357,0.0030984652377547407
125,0.02576926822227148,0.002356487853263572,0.0025858791434011834,0.034951993058395414,0.23223668741322948,0.14930777424869168,0.002125316267564847,0.007332339027825512,0.0090811409559303,0.002862022302136895,3.957195675405001e-06,8.558705992045002e-05,6.905809868187209e-07,0.39100211695731146,0.0029522571387195686
126,0.025406076666889533,0.002382720300713338,0.0025866359073408525,0.03464175783344933,0.23674905369134622,0.14676999319201253,0.0021104124510497716,0.007000353981777392,0.00874674984277877,0.002708594978639237,3.552542786807916e-06,8.080487142316471e-05,6.188081422868987e-07,0.3926298133161859,0.0027935712009914964
127,0.02501234920924694,0.0024139174362905738,0.002587465812324423,0.034280134584075084,0.24201589338108676,0.143737841251577,0.002093611168093453,0.006631652214636832,0.008360229421650418,0.0025399338612830205,3.1608248814901405e-06,7.559149948325436e-05,5.495849532751898e-07,0.39447899801539404,0.00261923577060104
128,0.02458450230902008,0.0024516374756924754,0.0025883851061503215,0.033853899379608594,0.24824009965195523,0.14006545772273576,0.0020744509033992493,0.006220013724261391,0.007908555800226808,0.0023525929046623955,2.7786168287630463e-06,6.984750521565669e-05,4.82297301403423e-07,0.3966000220023516,0.0024257013240082193
129,0.02412129076844026,0.0024978860070525378,0.0025894087607628846,0.033348374916345694,0.2556566017187935,0.13557490073154835,0.002052436298839483,0.005760647621758648,0.007377205016405349,0.0021433378294500754,2.4033248878066076e-06,6.348061080762419e-05,4.164767187096039e-07,0.39904458637094,0.0022096382418642156
130,0.02362660444863141,0.0025550192647301414,0.0025905439411428085,0.032750773064843273,0.26449108432466034,0.13007865006096897,0.0020271520209118403,0.005253323546186401,0.006753141926720934,0.0019104911424376505,2.0344408768087704e-06,5.6445441498141674e-05,3.520143895093317e-07,0.4018502099527275,0.0019693230392021106
131,0.023112858487581114,0.0026252874554163253,0.002591779097347474,0.03205733583746125,0.2748615142609538,0.12344398409324668,0.001998491892165935,0.004707060614227564,0.00603125683849299,0.0016562143803443043,1.6753626116799928e-06,4.881046516118149e-05,2.8947173163959753e-07,0.4050110508605939,0.0017069896798488052
132,0.022602722357401836,0.0027097961478259364,0.0025930724941094505,0.03128355754950822,0.28661992734967684,0.11570967955411211,0.001966966375208315,0.004144293701873023,0.005223876732454366,0.0013889615705377698,1.3348317634940786e-06,4.0829128041493456e-05,2.3032518043190476e-07,0.40844086698087034,0.001431355855523189
133,0.022125692820329203,0.002807031019321273,0.0025943512511449746,0.03047104304081786,0.2992137805306997,0.10720748963763642,0.0019339108983847122,0.0035997381366360977,0.004368115608525718,0.0011237930257636081,1.0259385416591567e-06,3.2947032189555134e-05,1.767943132512481e-07,0.4119549192033569,0.0011579427908080737
134,0.02170879130109907,0.00291192683278998,0.002595530960480781,0.02968063728829309,0.31173261658839246,0.09856219454376146,0.0019013251657837192,0.0031104499928169076,0.003521727266543046,0.0008783742546061221,7.614883929786872e-07,2.5682112072364022e-05,1.310472057626016e-07,0.4153065862907545,0.0009049489022772275
135,0.021367056832426155,0.0030167875774250895,0.002596546986811517,0.028970787337041993,0.32321236515690444,0.09048847471705623,0.0018713227725909861,0.002701977567295186,0.0027446066474924443,0.0006664227589905634,5.483498934164545e-07,1.9431516930719144e-05,9.423194542168259e-08,0.4182741402138469,0.0006864968577601207
136,0.021100956290289005,0.003113925683529864,0.0025973729561110234,0.02837695328879123,0.3329940169695698,0.08351367448695395,0.0018455814561359769,0.0023813928093928565,0.0020781247672122,0.0004937304990175819,3.853658989851545e-07,1.4356666166070279e-05,6.611988337766645e-08,0.4207346657220525,0.000508538650966015
137,0.020900809046677255,0.0031980839741688155,0.002598016146539367,0.027907328737299602,0.3408657331125777,0.0778418850844687,0.0018254545995739528,0.00214120933691192,0.0015372107097511869,0.00035901729895097443,2.656707568136786e-07,1.0411165760099813e-05,4.550517627300518e-08,0.42267428213353225,0.00036973964064416094
138,0.020754078719102374,0.0032671757310904774,0.002598502387444267,0.027548855646568716,0.3469262393679105,0.07344811383959994,0.001809301419215642,0.00196523599726472,0.0011157948510339129,0.00025703756771608535,1.8024732381097565e-07,7.433956938283142e-06,3.081695682931496e-08,0.4241488906239908,0.00026468258893500875
139,0.020648195622736634,0.003321621626875752,0.00259886236460828,0.02728166238962872,0.3514536570700386,0.07015516492921504,0.0017961996294891323,0.0018380198803903995,0.0007968758828510406,0.00018146255059764925,1.2054226199568396e-07,5.234431564735223e-06,2.0569298338510172e-08,0.42524304150913317,0.00018683809372271865
