,Rs,Rj,Ra,Sj,Sa,Sb,Sga,Sgb,Cj,Ca,Cb,Cga,Cgb,Clupeid adult,Cod adult
0,0.12878155540810418,0.0018060833415592219,0.0018869510124015733,0.017584692517932796,0.06251518871593001,0.054041243534479234,0.0018123409049303682,0.012467163472203358,0.005999360606580596,0.0070603033293848904,0.005282587653616491,0.0002556335875438992,0.0015014287029680889,0.13083593662754298,0.014099953273513368
1,0.1239849688467245,0.0017378378516664803,0.0018868082800909823,0.01828533328730642,0.06236513917029806,0.057447964407332706,0.0019039241122154368,0.013692670990079132,0.006654874035861516,0.0076352582228946505,0.005529248531869663,0.0002964106283245747,0.0016262089217876448,0.13540969867992533,0.015087126304876533
2,0.11996630729537547,0.001731232018506425,0.0018880365380602123,0.01885952695221876,0.06434559555280518,0.05915697239450118,0.001958277759687333,0.014094144406527644,0.006733823006422514,0.00786822084365446,0.005486626752474178,0.00031374436466510597,0.0016332221190253514,0.13955499011352138,0.015301814079819093
3,0.12062422055247658,0.001677688726195584,0.0018875309850252475,0.01879277680819472,0.061158663427221746,0.06046243823834842,0.0019882760323439276,0.014970385118418847,0.00719605458343766,0.008108278978744877,0.005569321223611232,0.000330801640206024,0.0016726063801819542,0.13857976281633294,0.01568100822274409
4,0.12033284421018159,0.0016663987426651548,0.001890620003523144,0.019070150138368592,0.06027863581629905,0.06060863772834391,0.002003745471297219,0.015324441924932089,0.007253309040145554,0.008074957154072233,0.005468345075532073,0.0003358354689126909,0.00165272725791513,0.13821546094087228,0.015531864956432126
5,0.11854121580070935,0.0015912029498649802,0.001891437890898474,0.0194551635734124,0.05699392960833234,0.06361259306628099,0.0020726160003460103,0.017025656249179608,0.008031599597376173,0.008451041039075477,0.0057196202459383625,0.00036593680171504865,0.001758649413324091,0.13970479492413893,0.016295247500052977
6,0.11454258413743383,0.0015717275270371298,0.0018922514163209187,0.019965610691636614,0.058004560405467503,0.06601087781446886,0.002134872096662949,0.017700728737816626,0.008324501978380463,0.008698137079062923,0.005704460380812487,0.00038359374843658246,0.0017675653439620169,0.14385103905441593,0.016553756552274007
7,0.11445558427945067,0.0015602470423252833,0.0018914354219629111,0.020033408169078868,0.05709079743960495,0.06647969932726694,0.002144142841233363,0.018174331920775298,0.008446152299731098,0.008880565688190005,0.00567535766629349,0.00039374097783494887,0.0017604964173728197,0.14388897152888055,0.016710160749691262
8,0.11125588801276344,0.0015639759141344817,0.0018934330593543725,0.0205481015647977,0.05836907437729538,0.06781535702974745,0.0022005763660444774,0.01856021400889366,0.008477628061865944,0.008920874854938839,0.0055421284933562425,0.000399254845631367,0.0017245704731808202,0.14694522178198097,0.016586828667107267
9,0.10985489000359853,0.0015451133523761618,0.0018921720385324619,0.020711080701088326,0.058088190475589954,0.06907551378741741,0.0022193298964175512,0.019104128415735493,0.008719980980354921,0.009225412169190405,0.005558821989902378,0.0004166489360498789,0.0017351214203536892,0.14848716257516043,0.01693600451549635
10,0.10653130754802688,0.0015378865844824629,0.0018927588097890336,0.0211894065789767,0.05912071353440014,0.07078585919223399,0.00227161631960719,0.019638807075481345,0.008878463992884594,0.009417024767443626,0.0055089688853937405,0.00042966374326251593,0.0017259460291509658,0.15181699612172267,0.01708160342525085
11,0.10433959387564332,0.001531035405986887,0.0018929560564689097,0.021502746377650924,0.0595676184109986,0.0720447280917572,0.0023075739777812464,0.020134804280803942,0.0090074472409816,0.009599229480101515,0.005457432798773062,0.00044140128140904674,0.001713896591102694,0.154054724761341,0.01721196015138632
12,0.10182243178771806,0.0015225157362214897,0.0018929976484472655,0.021854149438976178,0.060183052259920315,0.07346063637425873,0.0023454739496093805,0.02063093298568199,0.009165685745242918,0.0098124809679179,0.005418802239644305,0.00045482973789334155,0.0017061043640344625,0.1566200955694704,0.01739221730949001
13,0.0998060084367225,0.0015184131943016452,0.0018930308875396145,0.022136663036356724,0.06077894987476129,0.07453746445395695,0.0023758573574551908,0.020982610052014187,0.009260735632025369,0.009982516994065913,0.005351340828085737,0.00046524926941990657,0.0016868882794397917,0.1586748817381876,0.017485995371011347
14,0.09722616041374572,0.0015177472364463615,0.0018933352982442165,0.022469144485134786,0.06201663363845164,0.07575145650356209,0.0024103983408776735,0.021143558241082255,0.009328696217137078,0.010123814961682027,0.005252455858091134,0.00047401879451169037,0.0016570697350646872,0.16132204672397366,0.01750735934934954
15,0.09473582255782517,0.001518265205449306,0.001893754633409542,0.0227877781737435,0.06329141908628522,0.07689045191140785,0.0024432875284109297,0.021253815599873885,0.009379920267707212,0.010242628494671557,0.005144037990889477,0.0004815100486060144,0.001623694215875641,0.1638789741259779,0.01749187075004269
16,0.09223810083191793,0.0015190429251674947,0.0018942669942846211,0.02310546842071612,0.06460907551015475,0.07802080197473611,0.00247565827241729,0.021339653369088333,0.009427726766440686,0.010349220860878675,0.005032636536681706,0.0004883826993362586,0.0015892141903977365,0.1664451891263965,0.017459454287294375
17,0.08973833252050616,0.0015201371468028778,0.0018948796913336357,0.023421399373330723,0.06597182861386268,0.07913754439255435,0.0025073828409269408,0.02139851552191435,0.009471200029542583,0.010441999657234297,0.004917842296126946,0.000494548291151649,0.0015535017781799787,0.1690152713692583,0.017407892022692873
18,0.08724149617549565,0.0015215743477870645,0.0018955962307135507,0.023734655649081914,0.06738178097602507,0.08023649634751204,0.002538294260368847,0.021427853038862105,0.009509786769981697,0.010519784138158324,0.004799462111706716,0.000499938987554633,0.001516501657882302,0.17158442462276807,0.017335686895301974
19,0.08475225102609864,0.0015233787762013223,0.0018964198948447752,0.02404431082314193,0.06884136564782577,0.08131354299117374,0.002568216702891914,0.02142517131833215,0.009542960660060613,0.010581422071353035,0.004677356456550215,0.000504488930212239,0.0014781773559983183,0.17414829666022358,0.01724144481411381
20,0.08227550465276127,0.0015255742311115314,0.0018973535679291127,0.024349358852233088,0.07035301809112723,0.08236435649084967,0.002596960096259417,0.021388078753998813,0.009570188561850455,0.010625786515497584,0.0045514389628565815,0.0005081337030299293,0.0014385100800395965,0.1767024134322351,0.01712386926142369
21,0.07981631397762576,0.0015281839987764257,0.0018983996334324697,0.024648724789068995,0.07191916117274412,0.08338445256138408,0.002624322689881506,0.021314367020255284,0.009590935246224215,0.010651801908697571,0.00442168502900537,0.0005108118162530488,0.0013975015640935635,0.17924230344426498,0.016981800318049554
22,0.07737976660654165,0.0015312304669519569,0.001899559839427626,0.024941277284429082,0.07354218632621644,0.08436926976906203,0.002650094030939376,0.021202096064690965,0.009604672748795298,0.010658476272937817,0.004288140915020436,0.0005124665169406661,0.0013551770542940221,0.1817636461909088,0.016814260759192942
23,0.07497085391266708,0.001534734777871159,0.0019008351777574715,0.02522584319784115,0.0752244365504215,0.08531425590818077,0.002674058510508723,0.021049677279795606,0.009610889782058709,0.010644933175366684,0.004150930581159404,0.000513047592532314,0.0013115875145777477,0.1842624282489066,0.01662049886363615
24,0.07259433853548071,0.001538716595138755,0.0019022257954855527,0.025501224348129743,0.07696819835302159,0.08621495671886849,0.0026959993556960543,0.020855947530211024,0.009609100161766868,0.01061044040843552,0.0040102591132033325,0.0005125130049073946,0.0012668106780815145,0.18673510195779716,0.016400023204627762
25,0.07025462672050632,0.0015431940382788902,0.0019037309503182667,0.025766215248117518,0.07877570529334202,0.08706709926614395,0.0027157027381559456,0.020620226693057887,0.009598849257072701,0.010554432590370647,0.00386641195105498,0.0005108301977786539,0.0012209506872065449,0.1891787339906998,0.016152625426410827
26,0.06795565705234301,0.0015481838267800692,0.0019053490168313596,0.02601962040108941,0.0806491537979471,0.08786666220551416,0.0027329615937704685,0.020342352727265183,0.009579717594844014,0.010476525396216754,0.0037197495904240604,0.0005079769459163422,0.0011741362171856532,0.1915911303244969,0.015878388149742812
27,0.06570081602523978,0.001553701654905062,0.0019070775436906252,0.026260269746229584,0.0825907294203063,0.08860992682160565,0.0027475787366835046,0.02002269092596805,0.00955132105195157,0.010376520121121655,0.003570698000880428,0.0005039416677032273,0.001126517169847394,0.19397092590456352,0.015577676959552702
28,0.06349288822950831,0.001559762792908149,0.0019089133546817778,0.026487031107826447,0.08460263876350625,0.08929350588101895,0.0027593689054995606,0.019662117469924887,0.009513307500528301,0.010254398587021873,0.0034197355828042863,0.0004987231938797652,0.0010782602172501139,0.19631763101994967,0.015251117580956038
29,0.061334044580921135,0.001566382886384677,0.001910852679791079,0.026698818990374306,0.08668713920115635,0.08991435155680487,0.002768159493429702,0.019261980999691133,0.009465350247973972,0.010110309770014394,0.0032673779437741297,0.0004923300607512897,0.0010295436265132173,0.19863163125108205,0.014899561401053031
30,0.05922586850910029,0.0015735789025881923,0.0019128912978655474,0.02689459968489699,0.08884655547778039,0.09046974820554465,0.002773789855439045,0.018824048882378302,0.009407139049697479,0.009944550684495916,0.0031141620187570174,0.0004847794607890162,0.0009805518765374976,0.20091414242114242,0.014524044040579446
31,0.05716941633975921,0.0015813701605767664,0.0019150246702090512,0.027073393313069787,0.0910832691357942,0.0909573001086776,0.0027761092300886423,0.018350446699595544,0.009338369814027747,0.009757544840560073,0.0029606310609882904,0.00047609602746697034,0.0009314705754692432,0.203167125174156,0.014125742504484576
32,0.055165306889937205,0.0015897793716967948,0.0019172480442242157,0.02723427406887409,0.09339966311756359,0.09137492802533591,0.0027749734339845475,0.017843600041770585,0.009258734363810497,0.00954982196581588,0.0028073218333259683,0.0004663106521234242,0.000882482118838651,0.20539316461865464,0.013705936570103924
33,0.05321383486938438,0.0015988336093941263,0.0019195565072265464,0.02737637049983675,0.09579799958979879,0.09172089156481784,0.0027702405945151483,0.01730618716477901,0.00916791181845546,0.009322002745322331,0.002654755016995928,0.0004554595332730617,0.0008337624206586543,0.20759531891391075,0.013265979716249977
34,0.051315104005495056,0.001608565113275762,0.001921944972123565,0.027498868178383255,0.09828020480292049,0.09199385653967096,0.002761766323117276,0.01674110963641345,0.00906556336971855,0.009074792183697087,0.0025034295033933038,0.00044358364884974027,0.0007854789301060412,0.20977693730212219,0.012807284266046172
35,0.049469175988099204,0.0016190118147092526,0.0019244080802142973,0.027601017471679895,0.10084753546311309,0.09219302544722076,0.0027493990197970893,0.016151485454416595,0.00895133240565134,0.008808984712580077,0.0023538208515666344,0.0004307288148686146,0.0007377900193710101,0.21194144538454757,0.012331324398386339
36,0.04767622747204145,0.0016302174711677942,0.0019269400183723393,0.027682148618564006,0.10350012166370533,0.09231833732370175,0.0027329766902884235,0.015540663586915035,0.00882485168536203,0.008525482515634997,0.002206383613798264,0.0004169464106349278,0.0006908456452022442,0.21409209926461054,0.011839658185270434
37,0.04593669035641073,0.0016422314135559283,0.0019295342876582456,0.027741693250915564,0.10623646481093373,0.09237069775601552,0.002712328227155647,0.014912245072736956,0.008685757097747328,0.008225323091132376,0.0020615559183960424,0.00040229458461122177,0.0006447887851721874,0.21623173586684186,0.011333962379311828
38,0.0442513033195561,0.0016551084220116847,0.0019321835739174,0.02777920032810833,0.10905321686707439,0.0923520658634569,0.0026872853438202515,0.014270061986279515,0.008533699382061917,0.007909696258499908,0.0019197614031043226,0.00038683898954010087,0.0005997561495361702,0.21836263006063109,0.0108160528006805
39,0.0426208975185091,0.0016689108188936114,0.00193488014033312,0.027794304838236045,0.11194616544535778,0.09226490015267634,0.002657716637356359,0.013617992644758065,0.008368322161028731,0.0075798925222320965,0.0017813962452347602,0.0003706502426069275,0.0005558744376570069,0.22048677488014853,0.010287813447730791
40,0.04104559417656526,0.0016837182723648616,0.0019376175984081132,0.027786550807117626,0.11491433991735177,0.09210991791841396,0.00262359807745747,0.01295938856299483,0.008189128615886812,0.007237060229549965,0.0016467780336786456,0.00035379217867545043,0.0005132450503817009,0.22260724447621802,0.009750875492285762
41,0.03952323159581327,0.001699653426488444,0.0019403948104935317,0.027754949236463447,0.11796900014344665,0.0918811659291144,0.0025851097392427915,0.012295972299197686,0.00799513527542227,0.006881653656348592,0.001516039374983302,0.00033629514745733315,0.00047191196594364586,0.2247312481110015,0.009205900144732873
42,0.03804822178538832,0.0017169176712435049,0.0019432195382613191,0.027697451260236886,0.12114238228526901,0.0915610746826678,0.002542651612951266,0.011626992309355447,0.007784433809244218,0.006512883518611088,0.0013890393528711385,0.00031812927878845413,0.00043183476550673545,0.2268731008902435,0.008651886915777415
43,0.036613363371621535,0.0017358012771283159,0.0019461055325169145,0.027611000352081704,0.12448223335034939,0.09112304937387436,0.002496651156648474,0.010950356712811225,0.007554191859781354,0.006129060507442518,0.0012654649090003594,0.00029922075868330937,0.00039291906091542834,0.22905229059368346,0.008086665236041617
44,0.03521882145515157,0.0017565673576690319,0.0019490528812425101,0.027493027885362363,0.12802979719756397,0.09053251615854742,0.0024486283645237515,0.010271276893455127,0.007302309780846243,0.005730378349410597,0.0011453950437216513,0.00027958729902463636,0.00035518931911847454,0.23128221861409026,0.00751055001127536
45,0.03388740424570748,0.0017790215242435954,0.0019519844187257651,0.027355116441687057,0.1317610001444569,0.08973860486074843,0.0024046756100351424,0.009621962253208369,0.0070339507212056115,0.005328450313722185,0.0010310039999418426,0.00025979729812965457,0.0003193080874963559,0.2335262428684489,0.006938559699290037
46,0.032405980619074716,0.0018178823701551663,0.0019556219757853512,0.027148884911515125,0.13750937975424204,0.08772346009639172,0.0023701641669074285,0.008895076916295217,0.006573834921808395,0.0048221872820818495,0.0009065611507261752,0.0002349187677318564,0.00028059611625222403,0.23649808093383637,0.0062442633167921055
47,0.028999697934900953,0.0019344718819319518,0.001963602502393811,0.0267882170598313,0.15254446310962638,0.08140007757658922,0.0022638111528377972,0.0070916389626271255,0.00532489081549186,0.0036890093770978695,0.0006773014280969806,0.00017942389148172254,0.00020991242507670146,0.24329999080168052,0.004755647121753275
48,0.027899263219362515,0.001981568813000179,0.0019672534417010516,0.02618963219156262,0.15898566957542323,0.0788546458646387,0.0022609378250313178,0.0065016092916118035,0.004829130972884701,0.0031517873624403105,0.0005611743977081464,0.00015326202344956237,0.00017381002539410884,0.24660286255670505,0.004040033808992128
49,0.026617063607829974,0.0020316915884490837,0.0019704835509775556,0.025933562883876143,0.16509452450108308,0.07625542882913758,0.0021815319143907654,0.005736944049858935,0.004362926236585585,0.0026780067101432794,0.0004607102379657773,0.0001299827459808569,0.00014248929603198862,0.24926842929447038,0.0034111889901219015
50,0.02582829565695088,0.0020803587662388324,0.0019735492184757633,0.02526498021620451,0.17128466319577088,0.07348438371575258,0.002175351857889307,0.005236110699593357,0.00390039784115577,0.002217723928072312,0.0003696360690720293,0.00010762268977329829,0.00011421800833174196,0.2521805094690061,0.002809200695249382
51,0.024849631270805052,0.0021360911516597053,0.001976393426804816,0.024861006484567558,0.1776150664618664,0.07044355079643785,0.0020914210330791405,0.00456465755790488,0.0034247210787449107,0.0017917832895084347,0.0002882868036216352,8.679256477572767e-05,8.894017625788307e-05,0.25471469584928824,0.0022558028341636807
52,0.024249000917010384,0.0021922755226404743,0.001978942465547791,0.02418089778550191,0.1839712131498945,0.0671899368438798,0.00206763452274366,0.004098896827596717,0.002954150389335679,0.0014046824017347533,0.00021868811799372273,6.802299388612547e-05,6.739028661669513e-05,0.25732768134411466,0.0017587838002312967
53,0.023599249645036197,0.0022521771280156924,0.001981117634670575,0.02369493739543535,0.19007572312487286,0.063902122662784,0.0019831786270576887,0.0035630883198564975,0.002493857083649121,0.0010745715948503646,0.0001614039595974886,5.195564763543749e-05,4.965186157781431e-05,0.25952411273457104,0.0013375830636611049
54,0.02315635382001194,0.002315128811980087,0.0019828684585101322,0.02319597081820297,0.19589522905756732,0.060528273863034304,0.0019440390706144356,0.003184397212598836,0.0020360608574342995,0.0008076236733836058,0.00011719679899832069,3.900035608615853e-05,3.599739173718883e-05,0.26155193920381486,0.000999818220205274
55,0.02274046470322691,0.0023855624285647934,0.001984354954927496,0.0227910468302471,0.20166273652356834,0.05700215894128527,0.001911532506522019,0.0028488422233808033,0.0015588838493419187,0.0005806951460187986,8.14052110772534e-05,2.798612118646262e-05,2.496423620219427e-05,0.2634252701947565,0.000715050714484709
56,0.022421446459348623,0.0024501562368351693,0.0019854989774489846,0.022449229917972616,0.2065597221766878,0.05393523084403385,0.0018855171467470277,0.0025851359333048294,0.0011470328918515493,0.0004054745773883879,5.487751072549768e-05,1.9500704589398778e-05,1.679948850672498e-05,0.2649656061007735,0.0004966522812100094
57,0.022189229104594758,0.0025040961032218004,0.001986327373316262,0.02218515554771498,0.2103862883273658,0.05149774706650571,0.0018652146164554587,0.0023901501888614137,0.000820250856300014,0.0002782590013866002,3.634478662669875e-05,1.3354018797588047e-05,1.1104624166737214e-05,0.2661394001991884,0.0003390624309776242
58,0.02202101616558545,0.0025475170859419797,0.0019869242999977603,0.02198552525612286,0.21330566542847956,0.049616055453736506,0.0018496677843997055,0.002247538333239557,0.000567590161851716,0.0001863837688704376,2.3490826075383943e-05,8.925921159045877e-06,7.162507294923434e-06,0.26701892699985535,0.00022596302339979084
59,0.021899290884047178,0.0025815532750399295,0.0019873539719964207,0.021836569182411256,0.21549948103465694,0.048190231900968813,0.0018379303642765236,0.002143725870894164,0.00037558940693568937,0.00012012358375720772,1.4608378468619879e-05,5.740790944921383e-06,4.444619408563872e-06,0.2676713691707964,0.00014491737257931286
60,0.021812799701113095,0.002607227959602546,0.0019876575114775277,0.021728361367673872,0.21710168447292366,0.04714273089283748,0.0018293314376133906,0.0020696831305280117,0.00023409396997302675,7.323669468269134e-05,8.594040877381772e-06,3.49294449656724e-06,2.6089554335960867e-06,0.2681434299339026,8.793263549023644e-05
61,0.021753935263799453,0.0026254800870801993,0.001987862702108741,0.021653541065418166,0.21821387405390127,0.04641251021409039,0.0018233599964539854,0.002019158611427742,0.0001351839491126716,4.1496674347982054e-05,4.698927879857533e-06,1.9752320085624873e-06,1.4232538566488015e-06,0.2684689028758734,4.959408809305087e-05
62,0.021716570144858362,0.002637424444997467,0.001987991900859989,0.021605517328801536,0.21892973235053276,0.045941085986643114,0.0018195269311273743,0.0019870213698733154,7.119224707585178e-05,2.1487719208646962e-05,2.34808638045623e-06,1.0208398635768228e-06,7.09569380304104e-07,0.26867736663817654,2.556621483298412e-05
63,0.021694986720038074,0.0026444653771731616,0.0019880658287606333,0.02157756525992096,0.21934719969030886,0.04566557584842057,0.001817303809410256,0.0019684236145085824,3.373941376335999e-05,1.0027104278779758e-05,1.057426672595497e-06,4.7546793352489904e-07,3.1879808256326495e-07,0.2687985029626483,1.1878796967463419e-05
64,0.021683859502475006,0.0026481426978015705,0.001988103541047944,0.021563080259016335,0.21956382387632514,0.04552239155467421,0.0018161591438816864,0.001958818956282167,1.4257671655293153e-05,4.1758304070221565e-06,4.249795950726038e-07,1.976407513891313e-07,1.2782319597805877e-07,0.2688611935311632,4.926273949461951e-06
65,0.021678802044274005,0.0026498279943552075,0.00198812048946214,0.02155647262698968,0.21966273117256355,0.045456939731329006,0.0018156410008152426,0.001954445801796768,5.347604674419982e-06,1.5442473032477778e-06,1.5166279879491745e-07,7.295276534859945e-08,4.550840276586605e-08,0.2688897577065046,1.814371270157161e-06
66,0.021676785683876338,0.002650503639840635,0.0019881271679308126,0.021553831366520195,0.21970229960246151,0.045430729755621735,0.0018154359061355594,0.0019526996067414017,1.7788472445906002e-06,5.065926427410507e-07,4.801036116097711e-08,2.388766592176459e-08,1.4371941604713565e-08,0.2689011648709602,5.928626114285059e-07
67,0.021676080393291282,0.0026507409763652013,0.0019881294765962416,0.02155290539330013,0.21971617930373422,0.0454215283754799,0.001815364610631842,0.001952087769753313,5.257312416813334e-07,1.4766835676896202e-07,1.3503578994682236e-08,6.950053469063037e-09,4.0326971022547064e-09,0.26890516005959925,1.7215468633496198e-07
68,0.02167586317844252,0.002650814332722355,0.0019881301792520575,0.021552619661119408,0.21972046484558141,0.04541868510575214,0.0018153428150971462,0.001951899047771805,1.3848094465658364e-07,3.8364693530847345e-08,3.3849150634362487e-09,1.8022414777358428e-09,1.00846232392429e-09,0.2689063918142025,4.456031239594373e-08
69,0.021675804036177457,0.0026508343858428728,0.0019881303684589602,0.02155254159835982,0.2197216344927453,0.045417908866325955,0.001815336810848848,0.001951847457736725,3.2628790423224135e-08,8.915926461077344e-09,7.589373665464971e-10,4.1804452537876107e-10,2.255704865975094e-10,0.2689067276276568,1.0318478839600113e-08
70,0.02167578968121126,0.0026508392597513566,0.0019881304137661423,0.02155252269264829,0.21972191897273644,0.045417719748881674,0.0018153354261453754,0.001951834991344706,6.902865681950055e-09,1.8604717281198653e-09,1.5277600659524046e-10,8.70659224822874e-11,4.529970129834938e-11,0.2689068091391082,2.1456133584957428e-09
71,0.021675786569875472,0.002650840318245376,0.001988130423461694,0.021552518597536326,0.21972198076353636,0.04541767861829384,0.0018153351364387498,0.0019518322951204818,1.3160813358357392e-09,3.4987279325013725e-10,2.771435297477191e-11,1.634175712752967e-11,8.198006887827835e-12,0.26890682681338945,4.0212691024026673e-10
72,0.021675785957894413,0.002650840524606519,0.0019881304253244448,0.021552517811048128,0.2197219928961148,0.045417670496143855,0.001815335092838998,0.001951831780585024,2.2694346445448508e-10,5.950953905755035e-11,4.546888005842311e-12,2.7741706094455666e-12,1.3417781990012413e-12,0.26890683026568263,6.817237587183946e-11
73,0.02167578585772426,0.002650840560877986,0.001988130425647128,0.0215525176647667,0.21972199503290266,0.04541766906270745,0.0018153350895289285,0.0019518316951587977,3.5516814388701236e-11,9.18658674829637e-12,6.769962874708988e-13,4.2741867680363194e-13,1.99303701493761e-13,0.26890683088029776,1.0490305414064661e-11
74,0.021675785819267098,0.0026508405666488873,0.0019881304256977313,0.02155251766799899,0.21972199536364526,0.04541766884283371,0.0018153350773330538,0.001951831667857944,5.061438111805302e-12,1.2913894493518447e-12,9.178375411027836e-14,5.996587855899967e-14,2.6956110938438597e-14,0.26890683095167,1.4700951929595615e-12
75,0.021675785848200787,0.002650840567483142,0.0019881304257049425,0.021552517628415143,0.21972199544296772,0.04541766877923323,0.0018153350962785933,0.001951831687486658,6.589058721404564e-13,1.658378282831975e-13,1.136688270027057e-14,7.685521082194064e-15,3.3303888549339943e-15,0.26890683100596624,1.882206209205961e-13
76,0.021675785815279097,0.0026508405675931108,0.0019881304257058797,0.021552517665952804,0.2197219954231868,0.04541766880107537,0.0018153350772701937,0.001951831665469976,7.859837699650168e-14,1.9514899859931317e-14,1.289872124127928e-15,9.02597374991393e-16,3.7701814067954135e-16,0.2689068309670023,2.2084387499730182e-14
77,0.02167578584784247,0.002650840567606373,0.0019881304257059907,0.021552517627934063,0.21972199545061155,0.0454176687739921,0.0018153350962495742,0.0019518316871549592,8.616339290172314e-15,2.110500002374474e-15,1.3451236834614627e-16,9.741965041990931e-17,3.9222906787421876e-17,0.26890683100800816,2.3816549279279514e-15
78,0.02167578581516794,0.002650840567607841,0.0019881304257060015,0.02155251766599474,0.2197219954245364,0.04541766879994535,0.0018153350773347382,0.0019518316654919504,8.705185762008677e-16,2.1036296786629453e-16,1.2927580452096483e-17,9.690799028141667e-18,3.760596853188512e-18,0.26890683096730844,2.367419441997212e-16
79,0.021675785847859983,0.00265084056760799,0.001988130425706003,0.021552517627897894,0.21972199544961898,0.0454176687750413,0.0018153350961645149,0.0019518316871016657,8.127497695128664e-17,1.9377471512222332e-17,1.148130604788938e-18,8.908657815751954e-19,3.331906949335518e-19,0.26890683100792645,2.1749658593520018e-17
80,0.021675785815169275,0.002650840567608003,0.001988130425706003,0.021552517665983886,0.2197219954244679,0.045417668800041736,0.0018153350773027317,0.0019518316654563456,7.030544745856445e-18,1.65386446260625e-18,9.447480250385177e-20,7.588149989449764e-20,2.7351410862392464e-20,0.26890683096726875,1.851572175866992e-18
81,0.02167578584781688,0.0026508405676080042,0.001988130425706003,0.021552517627968944,0.21972199545081603,0.045417668773765095,0.0018153350963072924,0.0019518316872165328,5.648824625477275e-19,1.3111810060389048e-19,7.220658336309425e-21,6.0036528198236914e-21,2.0854649436484585e-21,0.2689068310081049,1.4642787670367206e-19
82,0.0216757858152628,0.0026508405676080042,0.001988130425706003,0.021552517665865828,0.219721995423858,0.04541766880069029,0.0018153350772696529,0.0019518316654460026,4.2257471218578565e-20,9.678894846543246e-21,5.138243159088418e-22,4.422744850398244e-22,1.4804827495374096e-22,0.268906830967264,1.0783041922445653e-20
83,0.021675785847869125,0.0026508405676080042,0.001988130425706003,0.021552517627887926,0.21972199545010934,0.04541766877454208,0.0018153350962106449,0.001951831687133476,2.949998528621864e-21,6.66786702550005e-22,3.412146595863027e-23,3.040623560023994e-23,9.807973388902822e-24,0.2689068310079955,7.411223774977781e-22
84,0.021675785815255037,0.0026508405676080042,0.001988130425706003,0.021552517665858438,0.21972199542342222,0.04541766880118196,0.001815335077173962,0.001951831665350874,1.9260540440730236e-22,4.2963791240442833e-23,2.1192041654289907e-24,1.955169902613262e-24,6.0769777353692445e-25,0.26890683096712903,4.7645863082022005e-23
85,0.02167578584785746,0.0026508405676080042,0.001988130425706003,0.021552517627900437,0.2197219954500834,0.04541766877457307,0.0018153350961964316,0.0019518316871174762,1.1785811939258471e-23,2.5947149922154673e-24,1.2335800069382302e-25,1.1783504214769393e-25,3.528952547935363e-26,0.26890683100797036,2.8711975605363377e-24
86,0.021675785815250117,0.0026508405676080042,0.001988130425706003,0.021552517665883786,0.21972199542394916,0.045417668800588486,0.001815335077280697,0.0019518316654549993,6.772873469079946e-25,1.4717260924383257e-25,6.743580186188044e-27,6.66978050525246e-27,1.924567391073033e-27,0.26890683096727336,1.6251053732634608e-25
87,0.021675785847865163,0.0026508405676080042,0.001988130425706003,0.021552517627886777,0.21972199545009724,0.04541766877457417,0.001815335096183968,0.001951831687101522,3.6622708087111904e-26,7.855194549134796e-27,3.4688471783132128e-28,3.5525340467541274e-28,9.876256546315424e-29,0.2689068310079569,8.656095237104684e-27
88,0.02167578581519433,0.0026508405676080042,0.001988130425706003,0.021552517665942832,0.21972199542416193,0.045417668800389825,0.0018153350772480564,0.0019518316654047359,1.866803690074489e-27,3.952636442102089e-28,1.6821276876182628e-29,1.78386530308119e-29,4.777836636099158e-30,0.2689068309672046,4.347014107533026e-28
89,0.021675785847861683,0.0026508405676080042,0.001988130425706003,0.02155251762788617,0.2197219954496481,0.04541766877504108,0.0018153350961344265,0.0019518316870634083,8.986502256417585e-29,1.8784105120602587e-29,7.703463168057299e-31,8.459736807759101e-31,2.1828509228211287e-31,0.2689068310078871,2.061871021046634e-29
90,0.02167578581529214,0.0026508405676080042,0.001988130425706003,0.02155251766581872,0.21972199542354098,0.04541766880105166,0.0018153350772144021,0.001951831665394172,4.09230095867059e-30,8.445189770662595e-31,3.337399615417637e-32,3.7954590210411843e-32,9.434364187948332e-33,0.26890683096720125,9.25281927618796e-31
91,0.02167578584780683,0.0026508405676080042,0.001988130425706003,0.021552517627974718,0.21972199545036725,0.04541766877423645,0.0018153350962483974,0.0019518316871670106,1.765791755442498e-31,3.5979429032965566e-32,1.3700505281898723e-33,1.6135976015377917e-33,3.86374130393763e-34,0.2689068310080191,3.9349451293086993e-32
92,0.02167578581519604,0.0026508405676080042,0.001988130425706003,0.021552517665952096,0.21972199542451812,0.04541766879999496,0.0018153350773155415,0.0019518316654693908,7.230813221561938e-33,1.4548097628441329e-33,5.337680562223402e-35,6.510748322662483e-35,1.501729724549628e-35,0.268906830967298,1.5883113489384878e-33
93,0.021675785847764074,0.0026508405676080042,0.001988130425706003,0.021552517628025514,0.2197219954506909,0.04541766877390529,0.0018153350962542372,0.0019518316871581514,2.814252029178308e-34,5.591367774606435e-35,1.9765569554404856e-36,2.497032877878593e-36,5.547751784454124e-37,0.26890683100800855,6.094204275782884e-35
94,0.021675785815255796,0.0026508405676080042,0.001988130425706003,0.021552517665868152,0.2197219954237802,0.04541766880078718,0.0018153350772389658,0.0019518316654124155,1.042539258070825e-35,2.0455757237172786e-36,6.966792497278271e-38,9.115933580840173e-38,1.9507869466527886e-38,0.2689068309672188,2.2259108539649908e-36
95,0.02167578584785441,0.0026508405676080042,0.001988130425706003,0.021552517627902133,0.21972199544984317,0.04541766877482051,0.0018153350961720544,0.0019518316870996708,3.6810773982514446e-37,7.133431830664173e-38,2.340578961562063e-39,3.1722068761260946e-39,6.5383830749158955e-40,0.2689068310079354,7.750094245182146e-38
96,0.02167578581523788,0.0026508405676080042,0.001988130425706003,0.02155251766591581,0.21972199542448828,0.045417668799987605,0.00181533507737892,0.0019518316655481604,1.2404673251084197e-38,2.374334590941243e-39,7.505089365423525e-41,1.053611297740692e-40,2.0915771466642126e-41,0.26890683096740303,2.57566238583619e-39
97,0.02167578584782977,0.0026508405676080042,0.001988130425706003,0.021552517627938604,0.2197219954503236,0.045417668774310686,0.0018153350962223673,0.0019518316871372646,3.9946120997454835e-40,7.552609560167679e-41,2.2997578891779338e-42,3.344331146100869e-42,6.393990443126496e-43,0.26890683100799384,8.180958368126824e-41
98,0.02167578581523581,0.0026508405676080042,0.001988130425706003,0.021552517665908173,0.21972199542417178,0.0454176688003388,0.0018153350773182416,0.001951831665489832,1.2307538240526615e-41,2.2987536090165622e-42,6.742653869221816e-44,1.0157263921801e-43,1.8702234511559155e-44,0.26890683096731866,2.486455021438349e-42
99,0.0216757858477993,0.0026508405676080042,0.001988130425706003,0.021552517627977816,0.21972199545079982,0.04541766877381737,0.0018153350962551301,0.0019518316871536805,3.632300687908557e-43,6.702471021012145e-44,1.8936914642322724e-45,2.95521968066172e-45,5.2401723877979354e-46,0.268906831008026,7.239763859379524e-44
100,0.021675785815203578,0.0026508405676080042,0.001988130425706003,0.021552517665947252,0.21972199542420784,0.045417668800295796,0.0018153350773116909,0.0019518316654801471,1.0279983312787522e-44,1.8741774225239905e-45,5.100391683081337e-47,8.245833823230649e-47,1.4080386773104161e-47,0.2689068309672955,2.0217200643602145e-45
101,0.021675785847810415,0.0026508405676080042,0.001988130425706003,0.02155251762796151,0.21972199545044022,0.045417668774190706,0.0018153350962232988,0.0019518316871326633,2.7929890454598233e-46,5.031366495838003e-47,1.3188040899748214e-48,2.20890745078403e-48,3.6321774370712014e-49,0.26890683100798685,5.4204594242846e-47
102,0.021675785815220252,0.0026508405676080042,0.001988130425706003,0.02155251766590678,0.21972199542394255,0.045417668800629335,0.0018153350772254048,0.00195183166538786,7.292215743366034e-48,1.2980995391373083e-48,3.2770797673397307e-50,5.686774223087791e-50,9.004312074343304e-51,0.26890683096718515,1.3967423911159268e-48
103,0.021675785847835555,0.0026508405676080042,0.001988130425706003,0.02155251762792537,0.21972199545031595,0.04541766877433693,0.0018153350962040878,0.0019518316871152692,1.8314386859847266e-49,3.221854982097433e-50,7.833450388840358e-52,1.4084104275511214e-51,2.1473085112238542e-52,0.26890683100797225,3.462503613853188e-50
104,0.021675785815254662,0.0026508405676080042,0.001988130425706003,0.021552517665875556,0.21972199542406862,0.04541766880047714,0.0018153350772810212,0.0019518316654494304,4.428734999772084e-51,7.700018476328618e-52,1.8029786682774296e-53,3.358761617800155e-53,4.930725801459173e-54,0.2689068309672762,8.26549976295097e-52
105,0.02167578584782727,0.0026508405676080042,0.001988130425706003,0.021552517627937914,0.21972199545040988,0.04541766877423407,0.0018153350962153588,0.0019518316871244,1.0320880240221117e-52,1.7736200835549242e-53,3.999401158772702e-55,7.719891423785554e-55,1.0911771576776713e-55,0.2689068310079837,1.9017247809572834e-53
106,0.02167578581524001,0.0026508405676080042,0.001988130425706003,0.021552517665883588,0.21972199542359944,0.045417668800978805,0.0018153350772068574,0.0019518316653822768,2.319973388561935e-54,3.940868292368209e-55,8.55747975400559e-57,1.711609894700741e-56,2.3293103447142544e-57,0.2689068309671674,4.2208971828254816e-55
107,0.021675785847847913,0.0026508405676080042,0.001988130425706003,0.021552517627921586,0.21972199545052373,0.04541766877409555,0.00181533509626181,0.0019518316871754051,5.034343727149157e-56,8.453762434527062e-57,1.7676970425993824e-58,3.6637375846704e-58,4.8003361992469965e-59,0.2689068310080565,9.044909259246511e-57
108,0.02167578581528837,0.0026508405676080042,0.001988130425706003,0.021552517665819677,0.2197219954234032,0.045417668801200815,0.0018153350771910367,0.001951831665372523,1.0554708741712417e-57,1.752204540299036e-58,3.5280186772117554e-60,7.577393369281023e-60,9.558246560414593e-61,0.2689068309671676,1.8728169073243787e-58
109,0.02167578584781472,0.0026508405676080042,0.001988130425706003,0.021552517627962314,0.21972199545053248,0.045417668774079475,0.0018153350962532486,0.001951831687164647,2.1395837816993425e-59,3.511819825174831e-60,6.808496502469075e-62,1.5154000961447628e-61,1.8402775107397285e-62,0.26890683100802987,3.749847574921395e-60
110,0.021675785815200563,0.0026508405676080042,0.001988130425706003,0.02155251766595,0.21972199542452908,0.04541766879997309,0.0018153350773315966,0.001951831665488412,4.19676764618847e-61,6.811066596773347e-62,1.2714282727528444e-63,2.932713772196858e-63,3.42854571443577e-64,0.2689068309673222,7.265766258412674e-62
111,0.02167578584785636,0.0026508405676080042,0.001988130425706003,0.02155251762789185,0.2197219954499989,0.04541766877468769,0.0018153350961563099,0.0019518316870726314,7.971011809334324e-63,1.2792154048795016e-63,2.299128168333025e-65,5.496132484606019e-65,6.185410068463814e-66,0.2689068310079155,1.3633534214773558e-63
112,0.021675785815187715,0.0026508405676080042,0.001988130425706003,0.02155251766596551,0.21972199542471227,0.04541766879978518,0.0018153350773417838,0.0019518316654917583,1.4669764243080295e-64,2.3281770253812704e-65,4.028686405879747e-67,9.981321286280347e-67,1.081327596434234e-67,0.26890683096733103,2.4790903782672136e-65
113,0.021675785847823564,0.0026508405676080042,0.001988130425706003,0.02155251762795371,0.2197219954506933,0.045417668773912165,0.0018153350962751957,0.0019518316871833894,2.6177652427483414e-66,4.1088344722816394e-67,6.845094609698092e-69,1.7577165492496327e-68,1.8330026064625582e-69,0.26890683100806406,4.371387099368208e-67
114,0.021675785815267388,0.0026508405676080042,0.001988130425706003,0.0215525176658565,0.2197219954237395,0.04541766880082237,0.0018153350772491831,0.0019518316654268905,4.532228972778644e-68,7.036021448989638e-69,1.1284618129154409e-70,3.003414090887518e-70,3.014821551430661e-71,0.26890683096723794,7.479357254884243e-69
115,0.021675785847845377,0.0026508405676080042,0.001988130425706003,0.021552517627917493,0.2197219954504162,0.04541766877422605,0.0018153350962272538,0.00195183168713854,7.617838009229121e-70,1.1697862266307738e-70,1.806137691330955e-72,4.982556107882943e-72,4.8141326031982716e-73,0.26890683100800805,1.242487297226111e-70
116,0.021675785815182983,0.0026508405676080042,0.001988130425706003,0.02155251766597918,0.21972199542461965,0.045417668799854656,0.001815335077359917,0.001951831665518613,1.2437853860316417e-71,1.8893463812510858e-72,2.808189967545256e-74,8.029985302791997e-74,7.467710512719148e-75,0.26890683096735285,2.0051958444671775e-72
117,0.02167578584781012,0.0026508405676080042,0.001988130425706003,0.021552517627984054,0.21972199545110516,0.04541766877344848,0.0018153350963538754,0.0019518316872590125,1.973778584905545e-73,2.9661126436015772e-74,4.243841567537634e-76,1.2579059573389346e-75,1.1259401815238309e-76,0.26890683100816654,3.145601056826085e-74
118,0.021675785815194252,0.0026508405676080042,0.001988130425706003,0.021552517665958417,0.2197219954243362,0.045417668800166185,0.0018153350773156265,0.0019518316654785954,3.045978967324073e-75,4.528670051967854e-76,6.237133941608657e-78,1.9164105021723787e-77,1.6509646512663954e-78,0.2689068309672966,4.7991920881138415e-76
119,0.02167578584779436,0.0026508405676080042,0.001988130425706003,0.021552517627999902,0.21972199545102472,0.045417668773537645,0.0018153350963302612,0.0019518316872342437,4.573600735357617e-77,6.728029467615038e-78,8.91931612602057e-80,2.840946759973521e-79,2.3554951248853193e-80,0.2689068310081269,7.124872256121449e-78
120,0.021675785815265886,0.0026508405676080042,0.001988130425706003,0.021552517665846857,0.219721995423893,0.04541766880070208,0.0018153350772195512,0.0019518316653830163,6.685154282042176e-79,9.73101165147061e-80,1.2417023941929295e-81,4.1000639070599807e-81,3.271655262600767e-82,0.26890683096719764,1.0297904834221908e-79
121,0.021675785847826916,0.0026508405676080042,0.001988130425706003,0.021552517627951233,0.2197219954505876,0.045417668774014215,0.0018153350962748357,0.0019518316871881946,9.516940092513077e-81,1.3708554137616158e-81,1.6836575798947644e-83,5.763440862568806e-83,4.4259304225716565e-84,0.26890683100806484,1.449752328608823e-81
122,0.021675785815232575,0.0026508405676080042,0.001988130425706003,0.021552517665910317,0.2197219954242171,0.0454176688002976,0.0018153350773146596,0.0019518316654831948,1.3201372941690674e-82,1.8818793711855664e-83,2.2245562205352542e-85,7.894774190398717e-85,5.8344032102358276e-86,0.26890683096731255,1.9889070785051415e-83
123,0.021675785847869763,0.0026508405676080042,0.001988130425706003,0.021552517627880335,0.21972199544984597,0.04541766877483095,0.0018153350961648209,0.0019518316870906645,1.7851408073599725e-84,2.5185692213759068e-85,2.865378763376038e-87,1.0542893100631742e-86,7.497885314719193e-88,0.2689068310079324,2.6601498253307035e-85
124,0.021675785815184652,0.0026508405676080042,0.001988130425706003,0.021552517665965873,0.21972199542439289,0.045417668800119236,0.0018153350773030975,0.001951831665460507,2.3542150600355045e-86,3.287504906509184e-87,3.599633663316871e-89,1.373189863815364e-88,9.397670982029377e-90,0.2689068309672757,3.4702179005059183e-87
125,0.021675785847883353,0.0026508405676080042,0.001988130425706003,0.021552517627878694,0.219721995450114,0.04541766877451662,0.0018153350962419879,0.0019518316871715213,3.0291581655158476e-88,4.187077213004402e-89,4.4121876978947756e-91,1.745153995016118e-90,1.1492713367673612e-91,0.26890683100804413,4.417207202852635e-89
126,0.021675785815173397,0.0026508405676080042,0.001988130425706003,0.021552517665983883,0.2197219954243687,0.04541766880012858,0.0018153350773126634,0.0019518316654734272,3.8043048819221633e-90,5.205503159080736e-91,5.278911151183737e-93,2.1649331538301973e-92,1.3718957599533369e-93,0.2689068309672834,5.488504543575126e-91
127,0.021675785847869538,0.0026508405676080042,0.001988130425706003,0.02155251762788649,0.21972199545008114,0.04541766877457427,0.0018153350962043016,0.0019518316871271395,4.665255051349448e-92,6.319614021358052e-93,6.16734849958995e-95,2.622598169461087e-94,1.599134273343111e-95,0.26890683100798685,6.659538666033492e-93
128,0.0216757858151882,0.0026508405676080042,0.001988130425706003,0.021552517665969315,0.21972199542440274,0.04541766880008669,0.0018153350773315753,0.0019518316654947652,5.5883730020678e-94,7.494755048271333e-95,7.038489884798419e-97,3.103548525986711e-96,1.8208624441211751e-97,0.26890683096731577,7.8937034241592e-95
129,0.02167578584779739,0.0026508405676080042,0.001988130425706003,0.02155251762797726,0.2197219954504705,0.04541766877415743,0.0018153350962219353,0.0019518316871295282,6.5412807632326086e-96,8.68601581779764e-97,7.849549661001141e-99,3.589071657481449e-98,2.026073213326384e-99,0.26890683100797935,9.143679212289061e-97
130,0.021675785815281054,0.0026508405676080042,0.001988130425706003,0.021552517665839658,0.21972199542377663,0.04541766880078842,0.001815335077254892,0.0019518316654319554,7.484445384232361e-98,9.840832449305631e-99,8.557485045138583e-101,4.0574607385047373e-100,2.2037931960362794e-101,0.2689068309672519,1.0354191305567853e-98
131,0.02167578584780806,0.0026508405676080042,0.001988130425706003,0.021552517627987145,0.21972199545096913,0.045417668773584975,0.0018153350963434373,0.0019518316872530767,8.373801441516916e-100,1.0902789263155959e-100,9.12284660318727e-103,4.4856117678344145e-102,2.344071851995668e-103,0.2689068310081506,1.1466019624491231e-100
132,0.02167578581521282,0.0026508405676080042,0.001988130425706003,0.021552517665934873,0.2197219954244989,0.04541766880000746,0.0018153350773311273,0.0019518316654893295,9.164180554359533e-102,1.1816243791835948e-102,9.513471829107151e-105,4.850937965628906e-104,2.4389169658060656e-105,0.2689068309673268,1.2420861476347971e-102
133,0.02167578584790691,0.0026508405676080042,0.001988130425706003,0.0215525176278377,0.2197219954499563,0.04541766877471819,0.001815335096194186,0.0019518316871208739,9.813173493908012e-104,1.2531237619364085e-104,9.707534462305776e-107,5.133376685287976e-106,2.4830526869535054e-107,0.26890683100798957,1.3166481159385476e-104
134,0.02167578581517351,0.0026508405676080042,0.001988130425706003,0.021552517665986273,0.21972199542474746,0.045417668799737645,0.0018153350773501948,0.0019518316655003727,1.0284956738938949e-105,1.300808060004258e-106,9.695545642116905e-109,5.3172366443977096e-108,2.4743997226566583e-109,0.26890683096733564,1.3661503718130086e-106
135,0.021675785847837904,0.0026508405676080042,0.001988130425706003,0.021552517627922534,0.21972199544983267,0.0454176687748274,0.0018153350961667325,0.0019518316870937799,1.0553596036046635e-107,1.3221014787699245e-108,9.481055954942387e-111,5.392645975047874e-110,2.4142182440758506e-111,0.2689068310079205,1.3879232127194217e-108
136,0.021675785815269667,0.0026508405676080042,0.001988130425706003,0.021552517665860103,0.21972199542416676,0.04541766880037049,0.001815335077305376,0.001951831665474179,1.060540020326073e-109,1.3160488688518358e-110,9.079998415858515e-113,5.3564155666235355e-112,2.3069034536954643e-113,0.2689068309673168,1.380999926387625e-110
137,0.021675785847847028,0.0026508405676080042,0.001988130425706003,0.021552517627925323,0.21972199545043672,0.04541766877417559,0.0018153350962638627,0.0019518316871822673,1.0440030336871566e-111,1.2833766527500637e-112,8.518807910534332e-115,5.212215021977626e-114,2.1594737312098722e-115,0.2689068310080585,1.346177084611584e-112
138,0.021675785815215926,0.0026508405676080042,0.001988130425706003,0.021552517665918373,0.21972199542417303,0.04541766880037678,0.0018153350772625123,0.0019518316654217552,1.0070247507719552e-113,1.2263839825144551e-114,7.831614865832603e-117,4.970057846695107e-116,1.980831384587219e-117,0.26890683096723406,1.2858970072318261e-114
139,0.021675785847846282,0.0026508405676080042,0.001988130425706003,0.021552517627917968,0.21972199545027604,0.0454176687743636,0.0018153350962219783,0.0019518316871390995,9.520374412787281e-116,1.1486839965438563e-116,7.056916032736521e-119,4.645187020294085e-118,1.7809013617094648e-119,0.2689068310080007,1.2039736841412432e-116
