,Rs,Rj,Ra,Sj,Sa,Sb,Sga,Sgb,Cj,Ca,Cb,Cga,Cgb,Clupeid adult,Cod adult
0,0.1692589613535373,0.003463034048469097,0.0027478573439918613,0.0296791787594256,0.16896679113634883,0.053875171861510196,0.002068126441241756,0.005550320490649341,0.002048212903543056,0.003239855463087881,0.001558537461131482,7.914546007307018e-05,0.0002364261573159603,0.23046040992975012,0.005113964541608394
1,0.1929418152475479,0.003260749606610399,0.002697988723680611,0.025408570524876842,0.14368864888992103,0.051116344859898806,0.0019467832916920142,0.005702981697831833,0.0034892121281036993,0.005569555530823735,0.002622662224472582,0.000129838338954669,0.00038181883391978974,0.20245475873934365,0.008703874928170775
2,0.144691903689353,0.003192067486748512,0.0027005494009356198,0.03247227459165051,0.18455640012126787,0.06495185426129081,0.0025200846929937064,0.006820393061564579,0.004105595271432978,0.006444009167245658,0.0028956697074862506,0.000162228676951349,0.00045087490579647134,0.25884873213711695,0.00995278245747973
3,0.11511452617974736,0.0033342357584406446,0.0027424000291953396,0.036548758618966885,0.21702602461054937,0.06906783079543756,0.0027625217100248657,0.006453283837528997,0.003170900649838038,0.004902064904343939,0.0020783988991854717,0.0001363318813289498,0.00035157467200381957,0.29530966095354083,0.007468370356862181
4,0.11176527327127041,0.00337789828591372,0.002746527643525002,0.03662179892683701,0.22555128454933257,0.06654668547975816,0.0027526846629361656,0.005874576097345051,0.002742539907495127,0.004289112146503294,0.0017682613471470914,0.00011619023812514217,0.00029006923105217653,0.30072523078937197,0.006463632962827706
5,0.1091435240982923,0.0033727808770445903,0.00274679677342804,0.03784770699062845,0.226272922318943,0.06759219967485265,0.0026936442105247333,0.005915251614477229,0.0027842723082876775,0.004367409951123925,0.001732775419425485,0.00011877624344037746,0.0002856313215050372,0.3024740178187976,0.006504592935494825
6,0.10867241226304887,0.0033180633047562116,0.0027432905584578973,0.03757277863335472,0.22280080059790885,0.07025222998065805,0.0028150925387638104,0.006567204879011753,0.003300430749593262,0.0051461311717464755,0.0019512267546955204,0.00014464905819584886,0.0003317407237391069,0.3024353279963425,0.007573747708376951
7,0.12479221728136779,0.0031656377114862317,0.002714746208894554,0.03554221601184421,0.2000736606892523,0.0713705482362607,0.0027416649148219036,0.00747474771481425,0.004418873563238819,0.006884808361145281,0.0025484339975619984,0.00018311036232932694,0.0004147291481913862,0.28166062155514915,0.010031081869227992
8,0.15549546488687135,0.003140387153398428,0.0026996417363917054,0.03127354677808944,0.16947612662148023,0.06528556063637178,0.002435752634569589,0.0071795533332871895,0.0045003460895624335,0.00717575364636702,0.0025663238905359316,0.00018316822122039437,0.00039979451042114077,0.2443769932257088,0.010325040268544486
9,0.17486933393802032,0.0031822807424558854,0.0027030330595041725,0.029717209725397088,0.14740577342423525,0.06210946461407507,0.0021599671066562074,0.007600875615184553,0.004159442953618102,0.006679484415722669,0.0023146103720620187,0.0001658080631999683,0.0003506742105308634,0.2192760807601511,0.00951057706151552
10,0.13843339139094693,0.0033596562341931865,0.002745294242581699,0.034197102023014764,0.19146400215743364,0.06488194762962969,0.0025016830574684117,0.006650592643456678,0.00283694812429349,0.004555272935498112,0.0015080623104941784,0.00012121962917592198,0.0002414149510394767,0.2654982254879884,0.00642596982620769
11,0.15210075801345352,0.0031070054277932465,0.002702024303879633,0.03196522413431227,0.16974863234156876,0.06768037374669444,0.0024983974135420754,0.00758556195072249,0.004768369711659362,0.007600600354410449,0.0024218332510470017,0.0001969734884848243,0.0003791278524716576,0.2475129654525278,0.010598534946413933
12,0.15412278771978657,0.0032656269277063867,0.002718234511750664,0.031977267416558076,0.17462847248074836,0.062375958459419185,0.0023752033571149654,0.006697963093620186,0.00329437553954611,0.0055182094347505884,0.0017119095983880526,0.00012971702594819306,0.0002449385138039653,0.24607759739090274,0.0076047745728908
13,0.15972517575140446,0.003094126224085802,0.002704278152198622,0.03216196926339054,0.15448375902293854,0.0699698839755256,0.0024387960607869415,0.008586995235647417,0.004874383531040186,0.007773593085141717,0.0022943965394096448,0.0002014353121177941,0.0003602766232023527,0.23547943429489848,0.010629701559871509
14,0.1372976897988753,0.003070860935930926,0.002706548059017638,0.03536939460191625,0.1767714910751125,0.07404025590174507,0.00263665729227603,0.008628715289206963,0.005075648703783454,0.008039643897482582,0.0022632355036283276,0.00021211293882233983,0.0003603883930113688,0.2620771195583405,0.01087538073294462
15,0.1411011602069513,0.0030849516246621625,0.002717929375430619,0.034865930756925824,0.17092838444378863,0.07455654821932635,0.0026404019660594873,0.008981084374362668,0.005076485895456755,0.0079357088359447,0.002143668992646857,0.0002166316246400743,0.0003556469654177524,0.2571064190035371,0.010651656418649385
16,0.1473195157645528,0.003044595434322415,0.0027087093021448422,0.03394534878657858,0.16419783929402207,0.0735208597028721,0.0026033082915114386,0.009041672281173191,0.005271337882483238,0.008324734768323764,0.0021528842888016452,0.0002204577710650435,0.0003469407607715776,0.2493636795695788,0.011045017588962031
17,0.15361071941136395,0.003009873866115769,0.0027025826232436275,0.03335255863009058,0.15625729461896812,0.07308717084264062,0.0025419395845149317,0.00917226700227443,0.005450891570057067,0.008661539193761798,0.002136384533229361,0.00022488644861876718,0.0003396941381095171,0.24105867204839806,0.01136250431371944
18,0.14773525287814676,0.0030054615025431365,0.002711010222372282,0.034489285435708075,0.1566607703621593,0.07735251505238168,0.0026946677023427334,0.010193626116822145,0.005554674919870838,0.008684758490664536,0.0020185947419647642,0.0002318192053414813,0.0003361156862208947,0.24690157923370584,0.011271288124191675
19,0.13706462554594703,0.0029385549218684352,0.002709989719183721,0.03597454850772675,0.1652105380007515,0.08084848139566711,0.002802426853252472,0.010148565278920892,0.006162771939347715,0.009540891193382445,0.002093891988083183,0.00026238270321223277,0.00036003921684771533,0.25901001152859193,0.012257205101525576
20,0.16369958063382484,0.0029296988009902174,0.002702608632823543,0.03223230006705996,0.14110043536493022,0.07377299312939671,0.002521010947046907,0.010013749282889681,0.005947077978412791,0.009282615966906967,0.0019205789027860452,0.0002402566605063742,0.0003212461931731369,0.22740818872426352,0.011764697723372523
21,0.13587929858343462,0.0028138180752865657,0.0027059755573325657,0.036657788576738744,0.15654685633728993,0.08665621093937492,0.0028967987776912603,0.011751200946508614,0.0073853059228280666,0.011080896168344935,0.0021867970331448236,0.0003164704977235481,0.00038972738377237947,0.25785106700086474,0.013973891082985686
22,0.12746107568877194,0.0028808482006398703,0.002715939617837975,0.03804561717871052,0.16920401488977194,0.08523137093783888,0.0029038034934640664,0.010849705730421854,0.006664615104939291,0.00998419823116167,0.0018550378218384876,0.0002842822612501968,0.00033058919255849487,0.26818889505149673,0.012454107506808847
23,0.1377336668471649,0.002871187088709013,0.002717536294475762,0.036847773524533195,0.15685487916747906,0.08428809984765123,0.0028128568091118833,0.011328981145170261,0.006656223754800399,0.009803776595372456,0.001713423455410958,0.0002792323635950849,0.00030562058352776115,0.25528481696941246,0.012102052997906261
24,0.1400301840062643,0.0028373272775208476,0.0027174128304482585,0.03646727269966342,0.15352331736031022,0.08433324763658599,0.002823811930350726,0.011565231701737495,0.006901455295559506,0.009979541776706166,0.0016489149484391038,0.0002859343081605077,0.0002950603730591005,0.2522456086289844,0.012209451406364877
25,0.13095447559838458,0.0027955073144075703,0.0027192276828903465,0.03801428818111202,0.15750393305566382,0.08915670197977663,0.0029634668671174717,0.012231245888398166,0.007406087845735448,0.010515427744183002,0.00165691862207622,0.0003095101864821035,0.0003002694387291944,0.2618553477909561,0.01278212599147052
26,0.126119578281947,0.0026809186374641414,0.002712114978016873,0.03889122461538003,0.1559605663639339,0.09409935781386514,0.0030164306933684764,0.01313331981899012,0.008656687828341357,0.012046076960676421,0.0018304948033188461,0.00036223800206860144,0.0003349107349204293,0.2662096746901576,0.0145737205009843
27,0.1539675903531319,0.0025902708819119198,0.0027010581570095227,0.03455087564682853,0.1296586788363324,0.08785171029765207,0.0027736674716673133,0.013492621413646644,0.009022587400897054,0.01218913732673652,0.0017446047014743743,0.00035422720753782626,0.0003137913362834409,0.2337766780192984,0.01460176057203216
28,0.1453352596009848,0.0026694443272675403,0.0027137195528015136,0.03616289870873678,0.14004040379721105,0.08790125392288874,0.002831065073603778,0.012906572210256822,0.008249443067854446,0.010908341919760247,0.0014501077109028767,0.00031754882465820995,0.000260423144586723,0.2436792950039604,0.012936421599908056
29,0.1420336880834298,0.0025462404679277386,0.0027055341121361683,0.03641882986701063,0.13666101866803526,0.09319919781193248,0.002943407630043368,0.014189406815186295,0.009619287181678234,0.012573708252567864,0.0016276540422053697,0.0003743446923187667,0.00029528226979501896,0.2469930309251974,0.014870989256887016
30,0.1417857851207517,0.0026048606690058326,0.0027158529970244018,0.03693803166845932,0.1375752308657159,0.09218116629517079,0.00290993872885989,0.013879529328301408,0.008975728030810747,0.011362734757254403,0.0013639174520301695,0.0003375515133738396,0.00024667112673516583,0.24654586521804797,0.013310874849393578
31,0.14808387987243468,0.0025148632849860335,0.0027105108640247616,0.03623062577339693,0.126202416278646,0.09398550692559425,0.002845249748263374,0.01505634867363686,0.009898551036307417,0.01214939193000617,0.0013995984709917338,0.00036274186182963525,0.00025344335205970166,0.23808952162614047,0.01416517561488724
32,0.13851651334439194,0.0024938281353990305,0.0027113978597043398,0.03761339036186788,0.13349858551935895,0.09739608728138624,0.0029609081254980294,0.015202868758169478,0.010276416132137535,0.01256290283342187,0.0013786885413227031,0.0003794688839935577,0.00025058078578420824,0.24905844968441268,0.01457164104452234
33,0.1359991275750813,0.0024969176198284173,0.002716767099947664,0.03803559744328554,0.1333999911839202,0.09930265581401324,0.0030475022111306747,0.01585890457861127,0.010374393763839456,0.012334988703997848,0.0012797286014417672,0.00037635165870553405,0.00023334688469143366,0.2516090537876754,0.014224415848836585
34,0.1388623770806984,0.00247730876564071,0.0027173286111861423,0.037737275836296165,0.12965060514336157,0.09922390529688853,0.003008428757428832,0.01601897744681679,0.010505385064889424,0.012206670098553012,0.0011933944588328274,0.00037107333889604694,0.0002168873816888956,0.2479019166444958,0.013988025277970783
35,0.13984387986602131,0.002447619081260851,0.002717094448301266,0.037640517583706117,0.12707120707207276,0.10000680589573273,0.0030064576446269986,0.016401152936391248,0.010816585287587718,0.012291601591166433,0.0011383185572727183,0.0003737144690442209,0.00020656314147256006,0.2464856235488237,0.014010197758955931
36,0.14030375024762012,0.0024203425282107887,0.0027171151658268856,0.03763203359230093,0.12476642537221451,0.10106453216007745,0.0030050906263963634,0.016816996364567235,0.01113042511188371,0.012380974563357735,0.0010863313275308523,0.00037677905174875626,0.00019691223804066648,0.2456530445232555,0.014040997180678009
37,0.14137720821942856,0.002399489245552396,0.0027176361374973575,0.03753221059880671,0.12237200164068145,0.10166239747516746,0.002995979538971839,0.017126156127226674,0.01134987512062396,0.012352173326181121,0.001023897194466283,0.0003756066343558066,0.0001852485701206117,0.24415653478204738,0.013936925725123823
38,0.1409846461972983,0.0023891595690502736,0.002719818026955203,0.03767037145130872,0.12102477552867547,0.10271423849164156,0.00301542223649561,0.017546154261015887,0.011519781784397108,0.012233805132334572,0.0009570798227170441,0.0003728315148193915,0.0001730803314803716,0.24430059051782854,0.01373679680135138
39,0.13569223618710044,0.002380243762720165,0.002720594410132332,0.038607282834004636,0.12443097606809078,0.1047494876409467,0.0030624494150205965,0.017683167010202623,0.011770378715342384,0.012402408638999477,0.0009170812467738468,0.0003793257350840303,0.0001658032265962501,0.2499260801342607,0.013864618847453604
40,0.1369392945371589,0.0023446555078566406,0.0027195862004837225,0.038379679629801454,0.1200326844405918,0.10664781896266626,0.0030827999024781523,0.018544513633770514,0.012212752650300314,0.012658469813185438,0.0008929354343514979,0.000387618314664712,0.00016138350775801347,0.2483078169395067,0.014100407069959662
41,0.14368793784098935,0.0023303562361925425,0.0027213490613674975,0.037387035637735405,0.11486286952673214,0.10432858124392638,0.002992692600506462,0.01844255133318868,0.012178232378060549,0.012113891593139806,0.0007966753275911286,0.00036799526344498244,0.00014323388548506804,0.24062669470435372,0.013421796069660985
42,0.13301359379996947,0.0023333416586148003,0.0027227501101101696,0.03904681107035338,0.12170766629550128,0.10881932720262469,0.003133408597146584,0.018889322502409104,0.012464161528186501,0.012474762136354683,0.0007797396061970874,0.00038233163639240657,0.00014049833657044133,0.25254972459768166,0.01377733171551462
43,0.1440863610448574,0.0022840426052777203,0.002720958080783031,0.037376688282693006,0.11145236948754486,0.10622988914924908,0.0029865195800464163,0.019214615777291836,0.012759899505056946,0.012211745556395506,0.0007171524255115924,0.0003701662354768523,0.00012841920378862102,0.23988339399413217,0.013427483421172571
44,0.1314856027915239,0.0023053149704773445,0.0027241395098132073,0.039416311647849735,0.11975189199936856,0.11123623543756825,0.0031576897338922733,0.019632679858314097,0.012910958920160294,0.012470020841800775,0.0006948661172459192,0.0003820556716562573,0.0001248142404468549,0.2537784970291432,0.013671756871149807
45,0.1431116324362278,0.002277932763356585,0.0027257516125809692,0.03765652575823147,0.10976386632648323,0.10789847579847581,0.0030183802910856727,0.019893011751579336,0.012937402498109382,0.011759499147092404,0.0006080827425931259,0.00035630905068903307,0.0001085390634158331,0.24057373416762404,0.012832430003790396
46,0.1384965060786911,0.0022402293297573853,0.0027225712119958966,0.038312577050890154,0.11050644470780811,0.11147162052366082,0.0030733128220123297,0.020658247953988122,0.013590703495164613,0.01245713566551791,0.0006208223583087107,0.00037906636219239864,0.00011090287111683564,0.24570962600746943,0.013567927257135858
47,0.1297687581574084,0.0022664675982043483,0.0027260947274136632,0.03982278996399276,0.11673950737755935,0.11449030465276783,0.003191136090168008,0.020734984320767324,0.013539161059268516,0.012395208995089984,0.000580001116907382,0.0003788780815239228,0.0001036052432059909,0.2551559324412625,0.01345769343672728
48,0.1318498704905194,0.00226725896803716,0.002729033461680044,0.03965487078779272,0.11429383573125146,0.11402669833204515,0.0031696031097259666,0.020981279875304418,0.01349876015835427,0.01186059466176331,0.0005134096653180163,0.0003606444611196519,9.12966599350854e-05,0.25247141704832704,0.012825945448136065
49,0.1371791745621728,0.0022466977545176734,0.0027299021706058135,0.03883063819517238,0.10929222665215949,0.11283849860962485,0.0031018121588994,0.02124494794586471,0.013616152444421482,0.011526325849847911,0.0004670412497491494,0.00034843335847059456,8.272954617323464e-05,0.24647748536654843,0.012424530004240888
50,0.13997952198155775,0.002224811231354733,0.002729856712225276,0.038313225414937056,0.10637553274930209,0.11257094949671126,0.003064823216089243,0.021498426816667745,0.01381622144625586,0.011426792241711945,0.00043652715112924186,0.0003442249599619638,7.711521058662706e-05,0.24350973227877035,0.012284659563389777
51,0.14015774257994565,0.002211392329188143,0.002730224624409014,0.03827419231041547,0.10534928312907219,0.11315401624689249,0.003059795366362407,0.021757922603083877,0.014001113464289169,0.011380752929435212,0.00041003525856995717,0.000342256284166492,7.228232419347793e-05,0.24332101734541095,0.012205326796365138
52,0.1388065178459908,0.0022058898827393655,0.0027311752789877203,0.038521710501019484,0.10541400487950627,0.11420527741121367,0.003077785513003428,0.02203864537420873,0.014138193472700402,0.011312524469434492,0.0003835385211513631,0.0003398488502564832,6.747380805371192e-05,0.2447357131779321,0.012103385648896051
53,0.13585228040544872,0.002206695771087694,0.0027324203985828817,0.03906547226690905,0.10670088325635792,0.11572101412355772,0.003116110372078777,0.02229414377879448,0.014250008890569963,0.011269251006705056,0.0003594162742659402,0.00033851178316509235,6.311668255124673e-05,0.24783215153078883,0.012030295746687333
54,0.13146731798219916,0.002208051837031848,0.0027332811862666824,0.03978245989887828,0.10904130187917105,0.117836722543602,0.003175598287630539,0.022572397202263717,0.014400076989682408,0.011352192436474702,0.0003425005485466311,0.00034151074655856546,6.0089562889697066e-05,0.25262601991266725,0.012096293294469597
55,0.1275238937673583,0.0021998990513155173,0.0027330288559116274,0.04035806998764633,0.11064249614395179,0.12022497093726328,0.0032298816586293438,0.022995055182183824,0.014659657135103935,0.01157516201608875,0.00033322917435356944,0.00034878759717053,5.843774043815207e-05,0.25709240392202826,0.012315616528051
56,0.12818897997937703,0.0021760412340035185,0.002731980866287558,0.040160240414796544,0.10922922425552067,0.12086357796074639,0.003210918803305941,0.02325954992152708,0.014966649834031984,0.01170740294059373,0.0003210901577101748,0.00035231859486154165,5.6227830515326374e-05,0.25656327094110004,0.012437039523680775
57,0.1339518239180886,0.0021534938514606063,0.0027324812557612166,0.039159072445715114,0.10471577675985069,0.11921083672028378,0.0031285112690277355,0.023364460822243586,0.01507744171948376,0.011391770800531427,0.0002928157094189343,0.0003408828653412388,5.1103252110858965e-05,0.2504195855714058,0.01207657262740246
58,0.13520737461157112,0.0021578088493459553,0.002735087722443088,0.03907732862678434,0.10348257022625583,0.11872137413903462,0.0031133587005340983,0.02347929941426041,0.015000162501054865,0.010928559888096117,0.00025912894374600253,0.0003253147105452658,4.502141974587146e-05,0.24879660248008495,0.011558024962133257
59,0.1284303641945031,0.002171667167125768,0.0027365319269324847,0.04023933283436284,0.10759095483247215,0.12154213316774216,0.0032094986506562063,0.02374655971415168,0.015071044906472765,0.011007440877448245,0.00024643339716277636,0.0003283670090542706,4.277085540035266e-05,0.2560891463650222,0.011625012139065645
60,0.12755201332451357,0.0021499435845076563,0.002735328552561885,0.04026514235878556,0.10719046510358743,0.12286461911835096,0.0032116994294908766,0.024070409630072627,0.015404663739980395,0.011223142743163368,0.0002405506203318431,0.00033477488197920633,4.1718859372490286e-05,0.2573371932815019,0.01184018710484691
61,0.13317173123249687,0.002136509256356354,0.002736887343726774,0.03934969643300029,0.1030520710034242,0.12093065580631071,0.0031324333421137635,0.02411325299103861,0.015402078210619653,0.010751089301197154,0.0002135067918186434,0.00031855845831070496,3.687184036016173e-05,0.25122841314288724,0.011320026391686663
62,0.1275723261034351,0.002151401426419444,0.002738616390902904,0.04035078535786279,0.10643990881277311,0.12317133462299411,0.00321352004666479,0.02433622949073717,0.015418688660813092,0.010715180924780422,0.00019960642258937879,0.00031761438749092696,3.43987560689947e-05,0.2571609929731692,0.011266800490929723
63,0.12866491470282285,0.0021289871957457835,0.002737844220288264,0.04005617098682653,0.104967763892947,0.12356556642342424,0.003187812042727614,0.02454787570742471,0.015690397505228326,0.010786461110654582,0.00019131360768664778,0.0003192440593994035,3.292736822347335e-05,0.2562690180665235,0.011329946145964106
64,0.12960758017531884,0.0021331563825016,0.0027400402899699643,0.039997136467727776,0.10409632397332906,0.12314768068698898,0.003176929538302388,0.02463052349236403,0.015618086377626237,0.010397192303705198,0.00017018583564108492,0.00030623392698560416,2.9164361878210175e-05,0.2550514576909844,0.010902776428210097
65,0.1267228141326456,0.0021244161539287244,0.002739771980594931,0.04039250683960122,0.10528785139068095,0.12497741612254741,0.0032119121615786484,0.02492699324382765,0.015853290058759337,0.010554148478955512,0.00016484219130420512,0.0003110661479545949,2.8228251788881267e-05,0.2584041729186347,0.011058285070003194
66,0.12889963056823503,0.0021214296895604463,0.00274136629549953,0.0400779825856881,0.10363368729438105,0.12418360282581177,0.00318071480788105,0.02496935229209843,0.015827744963862838,0.0102137359875768,0.00014783153603266694,0.00029957829903348444,2.521678428681599e-05,0.2559673572201723,0.010686362606929766
67,0.12660840951782193,0.0021151377530760182,0.00274145339987161,0.040401543757874116,0.10457081496541397,0.12562881605954093,0.0032082913599270966,0.02520766488827675,0.016008369119388712,0.01028873420060271,0.0001414299151969867,0.00030173412748978035,2.409507557713156e-05,0.25861558727315875,0.010755993318866609
68,0.12713393041648374,0.002114945440519868,0.0027427874780334123,0.04034876889622613,0.10402758283336712,0.12549648421084997,0.0032003584210066804,0.02527410789449998,0.016002242055432506,0.010054844582350878,0.00012879039258313564,0.000293840469803425,2.1870249898279057e-05,0.2579985333597238,0.010499345694635717
69,0.12645492920305246,0.002107708172221197,0.0027430792387932784,0.04041506371939356,0.10404425660942801,0.1261975830448135,0.003205287521958825,0.025434301405670694,0.01613447197150387,0.010032904581171141,0.0001215124566520913,0.0002927896602665577,2.059891080868839e-05,0.2588814285818711,0.01046780560889848
70,0.1252946984501626,0.002109345633430412,0.002744026746456374,0.04061998740501412,0.10461098304818549,0.12678799715714995,0.0032205216117837184,0.025529713830550353,0.016161372751256262,0.009923616036230598,0.00011294344394532235,0.0002890177842413805,1.9100385865868385e-05,0.26014921564766946,0.01034467765028317
71,0.12471346341323222,0.0021067393583394135,0.0027446159540134,0.04069643367417377,0.10479631648621412,0.1272433047557176,0.0032254056237091787,0.025607830338806037,0.016221347526878396,0.00984941684673727,0.00010579424147195692,0.0002863327340016445,1.7856591358945238e-05,0.2608728572044469,0.010259400413569817
72,0.12345177769553033,0.002107222567040957,0.0027452891089740335,0.04089616500565157,0.10548522748397833,0.1279036957087892,0.0032408270740885495,0.025680220132078418,0.016263139558453803,0.009786806011538932,9.927253430900793e-05,0.000284072535240981,1.672403840007773e-05,0.2623099703989345,0.010186875119488998
73,0.12242607338745339,0.0021071846894844134,0.002745942372007429,0.041054632447912374,0.10603552181350132,0.12846714179663773,0.0032527345225069107,0.025741681302969364,0.016302718589069953,0.009717847867055814,9.307108475622656e-05,0.0002815985445122199,1.5649344738982148e-05,0.2634970794356153,0.010108166841063243
74,0.12136122756487945,0.002107301369195901,0.0027465838112731493,0.04121956387211992,0.10661774995928902,0.1290419508421929,0.0032652333747256786,0.02580137103849594,0.01634150110641755,0.009651405565516502,8.727996689740249e-05,0.0002792076170936002,1.464760579545357e-05,0.26472630521470353,0.010032540755302957
75,0.1203247777092591,0.0021074514855703376,0.0027472183390512034,0.04137994138586848,0.10718892870322277,0.1296001815435983,0.0032773521967837354,0.0258575555676107,0.016378643486148946,0.009584245565568349,8.182729691548372e-05,0.0002767934474614149,1.3706119864597757e-05,0.26592401801121546,0.009956572429809846
76,0.11930811047754478,0.002107638344629897,0.002747844461966843,0.04153708854163597,0.10775410561952137,0.1301458672624481,0.0032892099191506818,0.02591061380952956,0.01641441953208265,0.00951696447255165,7.67022548853601e-05,0.00027437579334269984,1.2822833081913321e-05,0.2670997966106497,0.009880865353861623
77,0.11831144122120864,0.002107861056439052,0.0027484623478932608,0.04169098625348481,0.10831301372739592,0.13067893803054945,0.003300803845056529,0.025960602308177892,0.016448834066713866,0.009449567726890618,7.188584204036916e-05,0.00027195515884567077,1.1994278239962802e-05,0.26825335791117977,0.00980540300601662
78,0.11733433341415259,0.0021081182444721044,0.0027490719733751627,0.04184170547648279,0.10886576772663237,0.1311996600365121,0.003312139793084643,0.026007604046103628,0.016481922406171922,0.009382113904547273,6.736080039494159e-05,0.0002695337420096576,1.1217304305500657e-05,0.2693851716023327,0.009730225751257371
79,0.1163763336201629,0.0021084087670796537,0.0027496733395146887,0.041989321045395614,0.10941249980400705,0.1317083003962499,0.0033232238888276453,0.02605170005181416,0.016513717459385284,0.00931465671310775,6.31106837712179e-05,0.0002671135633567893,1.0488913434924489e-05,0.27049572414089873,0.00965536987367068
80,0.1154369692839527,0.0021087316097188314,0.00275026646038672,0.042133910994529296,0.10995335901518566,0.1322051321463113,0.003334062540505184,0.026092970003614456,0.0165442512320131,0.009247246917874152,5.9119857794527535e-05,0.00026469652758817635,9.806260407499848e-06,0.2715855237056166,0.009580869563664354
81,0.11451576135734877,0.002109085863380506,0.002750851363041409,0.042275554574964715,0.11048850329767043,0.13269042872793851,0.0033446622591778528,0.026131491856396932,0.016573554646580925,0.009179931883773643,5.537346497249346e-05,0.0002622844093371375,9.16664595145389e-06,0.2726550861411837,0.009506756404034727
82,0.11361223221908044,0.0021094706998528376,0.0027514280862124835,0.04241433091976947,0.11101809417320226,0.1331644609332795,0.0033550295412467213,0.0261673416978739,0.016601657578117962,0.009112755519176218,5.185739579097586e-05,0.0002598788520572005,8.567511124011943e-06,0.27370492634560234,0.009433059278148406
83,0.11272591014134839,0.002109885352462271,0.002751996678804744,0.04255031825185924,0.11154229363347674,0.13362749534722693,0.003365170800225023,0.02620059370565046,0.01662858894171742,0.009045758392483375,4.8558261771995456e-05,0.00025748137261720624,8.006432034894472e-06,0.27473555348657913,0.009359804458907472
84,0.11185633151131696,0.0021103291026031744,0.002752557198456897,0.04268359346183916,0.11206126251552163,0.13407979367304826,0.003375092331474906,0.02623132014699499,0.016654376783185636,0.008978977923726967,4.54633690420213e-05,0.00025509336838443983,7.481114663233814e-06,0.2757474686670398,0.009287015775816662
85,0.11100304174277853,0.00211080127099209,0.0027531097102879965,0.0428142319122525,0.11257515978709622,0.13452161252067776,0.003384800296728044,0.026259591390556256,0.016679048353073597,0.008912448596426746,4.2560691842504976e-05,0.0002527161249851246,6.9893896734127546e-06,0.27674116399505827,0.009214714802927787
86,0.11016559549498464,0.0021113012122981993,0.0027536542858396045,0.04294230736844448,0.11308414233891453,0.1349532034061516,0.0033943007194180397,0.02628547591670324,0.016702630160039186,0.008846202163771664,3.983884588785195e-05,0.0002503508238785236,6.529207217640342e-06,0.2777171223811874,0.00914292104075568
87,0.10934355656405709,0.0021118283120052763,0.0027541910021891343,0.04306789199423416,0.11358836503358045,0.13537481282739006,0.003403599485365145,0.02630904032238087,0.016725148005941628,0.00878026783914996,3.7287061679042784e-05,0.00024799854940769163,6.098631747652092e-06,0.2786758176687165,0.009071652081984348
88,0.1085364976454046,0.0021123819846745467,0.002754719941201685,0.0431910563772151,0.11408798086852348,0.13578668235168131,0.0034127023457618125,0.02633034932053963,0.016746627006873998,0.008714672468840053,3.489515794319225e-05,0.0002456602952483889,5.695836867843076e-06,0.2796177148865062,0.009000923758899477
89,0.10774400006558368,0.0021129616730547578,0.0027552411888906924,0.043311869565147945,0.11458314117749849,0.1361890486885525,0.003421614920886692,0.026349465735683766,0.016767091604186626,0.008649440687971703,3.265351536837591e-05,0.00024333697028811453,5.319100261190624e-06,0.2805432705226214,0.008930750273889383
90,0.10696565352648416,0.0021135668476894155,0.002755754834863753,0.0434303991045358,0.1150739958343205,0.1365821437409339,0.003430342703816797,0.02636645049731879,0.01678656556877355,0.008584595061947609,3.0553050778999126e-05,0.00024102940400423499,4.966798714499939e-06,0.28145293277639,0.008861144315445345
91,0.10620105587589575,0.002114197006808099,0.0027562609718358396,0.0435467110777055,0.11556069344392386,0.1369661946361851,0.003438891063857207,0.02638136263281777,0.016805072001050036,0.008520156215611852,2.858519186789346e-05,0.00023873835141437948,4.637403263942852e-06,0.2823471417767839,0.008792117162158069
92,0.10544981290474498,0.0021148516763762936,0.002756759695196866,0.0436608701373747,0.11604338151686984,0.1373414237417612,0.0034472652496309398,0.026394259260826627,0.016822633328335664,0.008456142952175416,2.6741852574293682e-05,0.00023646449766390664,4.329474476765444e-06,0.2832263297690886,0.008723678776890382
93,0.10471153816555426,0.002115530410232255,0.002757251102624046,0.04377293953892012,0.11652220662868822,0.13770804867089723,0.0034554703918717295,0.026405195585940972,0.016839271300810366,0.008392572363538018,2.5015409173985022e-05,0.00023420846230354654,4.041657880756038e-06,0.28409092127739816,0.008655837892896305
94,0.1039858528049957,0.0021162327902722777,0.002757735293732044,0.043882981171042605,0.11699731456760579,0.1380662822831524,0.0034635115059982683,0.026414224895062385,0.016855006986811458,0.008329459933293235,2.339867712931632e-05,0.00023197080329911455,3.7726795495890883e-06,0.28494133325181886,0.008588602093271256
95,0.10327238540361418,0.0021169584266653024,0.0027582123697556756,0.04399105558563321,0.1174688504748314,0.13841633268373693,0.0034713934945532687,0.026421398555590923,0.016869860767955134,0.008266819633409188,2.1884888731885352e-05,0.0002297520208057774,3.521341849379569e-06,0.28577797520871256,0.00852197788479623
96,0.10257077181672587,0.0021177069580895543,0.0027586824332611806,0.044097222027587854,0.11793695898147788,0.1387584032245867,0.00347912114958236,0.02642676601542149,0.016883852334364405,0.0082046640153447,2.0467671558820257e-05,0.00022755256073194417,3.2865193495648198e-06,0.28660124937106846,0.008455970766985028
97,0.10188065501166169,0.002118478051990739,0.0027591455878829734,0.04420153846519293,0.11840178434579439,0.13909269250928286,0.003486699155014333,0.026430374804575857,0.016897000680144523,0.008143004296182773,1.9141027754064507e-05,0.00022537281811217604,3.0671548994571695e-06,0.28741155081466746,0.008390585296948472
98,0.10120168489758706,0.0021192714048655155,0.002759601938083409,0.04430406162157615,0.11886347059394183,0.13941939440320464,0.003494132089091089,0.026432270538203375,0.01690932409914669,0.008081850440230829,1.78993141384295e-05,0.00022321314030431506,2.862255870389433e-06,0.28820926762444093,0.008325825150543961
99,0.10053351814504709,0.002120086742576557,0.002760051588933564,0.04440484700759677,0.11932216166711639,0.13973869804973513,0.0035014244268836573,0.026432496920614633,0.016920840180990136,0.008021211236439374,1.673722314600212e-05,0.00022107383002293994,2.670890562231609e-06,0.2889947810643498,0.008261693180170547
100,0.09987581799309624,0.0021209238207071154,0.0027604946459133545,0.04450394895645579,0.11977800157749684,0.1400507878929065,0.003508580542921204,0.02643109574996216,0.016931565807261167,0.007961094371919887,1.5649764579493158e-05,0.00021895514821903517,2.492184772136409e-06,0.2897684657632867,0.008198191469490551
101,0.09922825404243181,0.002121782424964142,0.0027609312147295856,0.04460142066022945,0.12023113457522015,0.14035584370653864,0.0035156047139521763,0.026428106923147728,0.016941517147771153,0.00790150650179026,1.4632248173047193e-05,0.0002168573168141244,2.32531852262935e-06,0.29053068991885866,0.00813532138530006
102,0.09859050203330122,0.002122662371640019,0.002761361401150697,0.04469731420848262,0.12068170532845193,0.14065404062969122,0.003522501121851699,0.026423568440507694,0.0169507096567264,0.007842453315540471,1.3680266947752705e-05,0.0002147805212960161,2.1695229455668436e-06,0.2912818155205026,0.008073083626729805
103,0.09796224360721237,0.0021235635081437434,0.002761785310857138,0.044791680629082974,0.12112985911852309,0.14094554920807628,0.003529273856685347,0.02641751640980709,0.016959158068641334,0.007783939600084148,1.2789681342437057e-05,0.00021272491318248166,2.024077318014065e-06,0.29202219859309175,0.00801147827192708
104,0.09734316605160603,0.002124485713613205,0.0027622030493064044,0.04488456993131991,0.12157574205210352,0.14123053544095365,0.0035359269199372123,0.026409985049052603,0.01696687639380787,0.007725969299643447,1.1956604100216328e-05,0.00021069061235863036,1.8883062457261184e-06,0.292752189462047,0.00795050482234802
105,0.09673296202665736,0.002125428899621354,0.0027626147216118922,0.04497603115143253,0.12201950129246728,0.1415091608329634,0.0035424642279092908,0.02640100668761385,0.01697387791311667,0.007668545572602304,1.1177385889606232e-05,0.00020867770929337303,1.761576989634229e-06,0.2934721330409538,0.007890162244774918
106,0.09613132927335395,0.002126393010989952,0.0027630204324347904,0.04506611240065466,0.12246128531201733,0.14178158245028816,0.00354888961529886,0.026390611765119976,0.016980175172010475,0.007611670845453495,1.0448601637717136e-05,0.00020668626714007927,1.6432969305297608e-06,0.2941823691427244,0.007830449011161821
107,0.09553797030185053,0.002127378026726055,0.002763420285888316,0.04515486091590699,0.12290124416845859,0.1420479529805193,0.0035552068389615404,0.02637882882757019,0.016985779973332032,0.007555346863959544,9.767037552104646e-06,0.0002047163237263671,1.5329111669931085e-06,0.2948832328155096,0.0077713631364050096
108,0.0949525920589493,0.002128383961097814,0.002763814385453672,0.04524232311328869,0.12333952980724763,0.1423084207955771,0.003561419581868843,0.0263656845200645,0.01699070336881093,0.007499574741641807,9.129678807172732e-06,0.00020276789343779753,1.4299002415213926e-06,0.2955750547047581,0.007712902214128299
109,0.09437490557335503,0.0021294108648678006,0.0027642028339071676,0.04532854464454829,0.12377629639324134,0.14256313001702076,0.003567531457270512,0.026351203575522456,0.016994955648913804,0.0074443550057069815,8.533697870592653e-06,0.00020084096900008686,1.3337779897611954e-06,0.29625816144305506,0.007655063450567422
110,0.09380462557722245,0.0021304588267035433,0.002764585733258034,0.04541357045672923,0.12421170067472195,0.14281222058304083,0.0035735460130724957,0.026335408798718037,0.016998546330762483,0.0073896876405106235,7.976443444966817e-06,0.00019893552316415752,1.244089507742398e-06,0.2969328760695533,0.00759784369662749
111,0.09324147010253374,0.002131527974785743,0.0027649631846965624,0.04549744485517443,0.12464590238311683,0.14305582831633512,0.0035794667364397455,0.026318321044925246,0.01700148414380876,0.007335572128640107,7.455429999899518e-06,0.00019705151029782373,1.1604092320302526e-06,0.29759951848081695,0.00754123947816986
112,0.09268516005109004,0.002132618478634583,0.002765335288552299,0.04558021157002445,0.1250790646716757,0.14329408499191126,0.0035852970586282853,0.026299959192449138,0.017003777012945396,0.007282007489672375,6.968327869716685e-06,0.00019518886788708818,1.0823391277610135e-06,0.2982584059146644,0.007485247024556941
113,0.09213541873756903,0.00213373055117245,0.002765702144262211,0.0456619138262247,0.1255113545959383,0.1435271184035925,0.0035910403600408155,0.026280340108330053,0.0170054320387393,0.00722899231661979,6.512953892273408e-06,0.00019334751794875812,1.0095069795960821e-06,0.29890985346790166,0.007429862295440417
114,0.09159197140611562,0.0021348644510375265,0.002766063850348845,0.04574259441688126,0.12594294363804867,0.1437550524276616,0.0035966999754854477,0.026259478606558733,0.01700645547449537,0.007176524810025309,6.0872625646060846e-06,0.00019152736835452948,9.415647807207274e-07,0.29955417464775447,0.007375081005725165
115,0.0910545447223246,0.002136020485156901,0.0027664205044087104,0.045822295779567784,0.12637400827579845,0.1439780070816648,0.003602279199597956,0.026237387398238044,0.01700685269990276,0.007124602809608717,5.689337691608258e-06,0.00018972831406492024,8.781872151226924e-07,0.30019168195529927,0.007320898648580367
116,0.09052286624410975,0.0021371990115802344,0.0027667722031112095,0.04590106007491266,0.12680473059580832,0.14419609857596588,0.003607781292366082,0.026214077033271072,0.01700662819107682,0.007073223823306448,5.317384504435194e-06,0.0001879502382696942,8.190702285126565e-07,0.3008226874974113,0.007267310516309088
117,0.08999666387660032,0.0021384004425668546,0.0027671190422085576,0.04597892926652212,0.1272352989486703,0.14440943935525505,0.003613209484672978,0.026189555833334276,0.017005785486884684,0.007022385053498692,4.969722225962527e-06,0.0001861930134300069,7.639296833906269e-07,0.3014475036219326,0.007214311718838051
118,0.08947566531769287,0.002139625247911011,0.0027674611165571456,0.046055945201052655,0.1276659086423343,0.1446181381269265,0.003618566983758277,0.026163829816094043,0.01700432715152294,0.006972083420185369,4.644777061323966e-06,0.00018445650221661798,7.125000939169487e-07,0.3020664435691131,0.007161897199557227
119,0.08895959750201117,0.0021408739584830795,0.0027677985201507733,0.04613214968706458,0.1280967626687211,0.14482229987308376,0.003623856978481808,0.026136902610826063,0.01700225473339411,0.006922315580862615,4.341075592311169e-06,0.00018274055833829674,6.645334364100144e-07,0.3026798221311128,0.007110061748229634
120,0.08844818605164341,0.0021421471699594173,0.002768131346166083,0.04620758457119432,0.12852807245765197,0.1450220258429413,0.00362908264426872,0.02610877536577748,0.016999568720395174,0.006873077946865662,4.057238555215635e-06,0.0001810450272550626,6.197980314614278e-07,0.30328795631063943,0.007058800010707401
121,0.08794115474210008,0.002143445546710894,0.0027684596870203877,0.046282291810177935,0.12896005865176086,0.1452174135225499,0.0036342471476155944,0.02607944664775727,0.016996268491780642,0.006824366695979286,3.791974982502128e-06,0.00017936974677203833,5.780774938290094e-07,0.30389116596968363,0.007008106495227656
122,0.08743822499143769,0.002144769825820264,0.0027687836344419173,0.04635631353734628,0.12939295189617153,0.14540855657906998,0.0036393536500453827,0.02604891233453627,0.016992352266789294,0.006776177781169959,3.5440766895090165e-06,0.00017771454751134256,5.391697464357806e-07,0.30448977445982317,0.006957975575117246
123,0.0869391153795712,0.0021461208212008504,0.002769103279552329,0.04642969212236925,0.12982699363728298,0.14559554477719444,0.003644405311412439,0.026017165500681765,0.016987817050227283,0.006728506935355689,3.312413088155554e-06,0.00017607925326134556,5.028860949661117e-07,0.3050841092265717,0.006908401487800157
124,0.08644354120346448,0.0021474994277938917,0.0027694187129611884,0.04650247022324724,0.13026243692602996,0.14577846386576115,0.003649405292477163,0.025984196297437062,0.016982658575178878,0.006681349672196112,3.0959263103935758e-06,0.0001744636812046233,4.690503597075695e-07,0.30567450238170535,0.006859378330070835
125,0.08595121407242585,0.002148906625828006,0.0027697300248719805,0.04657469082978611,0.13069954722222682,0.14595739543300837,0.00365435675668897,0.025949991827198492,0.01697687124297742,0.006634701282946163,2.8936266248636006e-06,0.00017286764202776239,4.3749806143743243e-07,0.30626129123912266,0.006810900049660226
126,0.08546184154613563,0.002150343485131767,0.0027700373051991398,0.04664639729804861,0.1311386031980953,0.14613241672931657,0.003659262871136568,0.025914536013038333,0.016970448060511,0.0065885568294699,2.7045881309074694e-06,0.00017129093991773888,4.0807565829711265e-07,0.30684481881158676,0.006762960433176842
127,0.08497512681658063,0.002151811169497816,0.002770340643695557,0.046717633375503956,0.1315798975405434,0.14630360045656898,0.003664126806642142,0.025877809463596718,0.01696338057487165,0.006542911133549563,2.527944714751204e-06,0.00016973337245071118,3.80639830735802e-07,0.30742543426735125,0.006715553090545762
128,0.08449076843374266,0.0021533109411048306,0.002770640130090021,0.04678844321679932,0.1320237377532117,0.14647101452346495,0.0036689517369911436,0.025839789333521525,0.016955658805283907,0.006497758762648838,2.362886253310145e-06,0.00016819473037973739,3.5505681173775906e-07,0.3080034933471893,0.006668671436093624
129,0.08400846007388961,0.0021548441650100308,0.002770935854234125,0.04685887139022527,0.13247044696055843,0.14663472176619205,0.0036737408372999308,0.025800449179493753,0.01694727117217726,0.00645309401229625,2.2086550516873916e-06,0.00016667479732809315,3.3120175967634906e-07,0.3085793587435442,0.0066223086664357065
130,0.08352789034857543,0.0021564123137312076,0.0027712279062582497,0.0469289628750451,0.13292036471730653,0.146794779633829,0.0036784972815297684,0.025759758811743017,0.016938204423199186,0.00640891088524713,2.06454250104182e-06,0.0001651733493946025,3.089581712631646e-07,0.30915340044440837,0.006576457735314037
131,0.08304874265213343,0.0021580169719411604,0.002771516376736373,0.04699876304988993,0.13337384782730952,0.14695123983769587,0.003683224239156618,0.02571768414085158,0.01692844355590899,0.006365203067560412,1.92988594409594e-06,0.00016369015467670458,2.8821733218264516e-07,0.30972599604501355,0.006531111325513396
132,0.08257069504539914,0.0021596598413007122,0.0027718013568595688,0.04706831767240259,0.1338312711763683,0.14710414796362314,0.003687924871002982,0.025674187019565833,0.01691797173684572,0.0063219639016946745,1.8040657361403119e-06,0.00016222497271601416,2.688778031221736e-07,0.3102975310305603,0.006486261817949952
133,0.08209342017376217,0.002161342745457382,0.002772082938618225,0.04713767285022825,0.13429302858362088,0.14725354304577898,0.0036926023242297456,0.02562922507930107,0.01690677021663548,0.00627918635668652,1.6865024899691479e-06,0.00016077755386990276,2.508449390244726e-07,0.3108683990329306,0.006441901257985416
134,0.0816165852182292,0.0021630676352366717,0.002772361214993136,0.04720687500332725,0.13475953367597648,0.1473994571003115,0.0036972597264747723,0.02558275156102931,0.01689481824078866,0.006236862995429505,1.576654493753008e-06,0.0001593476386113044,2.3403043950356166e-07,0.31143900206379205,0.006398021318974065
135,0.08113985187909031,0.0021648365940507342,0.002772636280155744,0.0472759708174094,0.13523122078955452,0.1475419146166393,0.0037019001791099323,0.02553471514029963,0.016882092955844443,0.006194985939023816,1.4740152914159238e-06,0.00015793495675755587,2.1835192847705118e-07,0.31200975072560333,0.006354613263001265
136,0.0806628763928272,0.0021666518435459643,0.0027729082296779266,0.04734500718809005,0.1357085459013758,0.14768093200379612,0.003706526749571706,0.02548505974624324,0.016868569310542248,0.006153546828120866,1.3781114156358301e-06,0.00015653922662775,2.037325611761611e-07,0.3125810644009868,0.006311667898725428
137,0.08018530958412358,0.002168515749506309,0.002773177160751779,0.04741403115514158,0.13619198759358922,0.14781651698881887,0.0037111424627021996,0.025433724374571125,0.016854219951741918,0.006112536781144068,1.2885002641256018e-06,0.0001551601541268619,1.9010065680005927e-07,0.3131533714196814,0.006269175536191855
138,0.07970679695608038,0.00217043082802365,0.0027734431724198982,0.04748308982598224,0.13668204805144218,0.1479486679637963,0.0037157502910193973,0.02538064289476773,0.016839015114870428,0.006071946349231009,1.2047681103762326e-06,0.0001537974317538889,1.7738935518279253e-07,0.3137271092010256,0.006227125938450455
139,0.07922697882296084,0.0021723997519406076,0.002773706365816691,0.04755223028731565,0.13717925409504478,0.1480773732778815,0.003720353143818177,0.025325743851918957,0.01682292250874252,0.0060317654677141735,1.1265282405506228e-06,0.00015245073753047158,1.6553629593877802e-07,0.3143027243686634,0.006185508269781135
