,Rs,Rj,Ra,Sj,Sa,Sb,Sga,Sgb,Cj,Ca,Cb,Cga,Cgb,Clupeid adult,Cod adult
0,0.11235146254188438,0.003054574050702439,0.0025441011540785156,0.025253053799735,0.21223700509009713,0.06468458867901976,0.0015412228005714504,0.0055446812314601124,0.0030185508777865223,0.003489706276683818,0.002044606073191724,0.00010517799679917593,0.0003954554917228617,0.2840074978011484,0.0060349458383975796
1,0.09140938760482144,0.002832028567076331,0.00253107220616983,0.027965532799206907,0.22112836426833524,0.0773668972814443,0.0017819769972307786,0.0072561796559320445,0.00500803740272091,0.005549970501890662,0.0031168837595207718,0.00018345386666641133,0.000649201693622036,0.30753341820294233,0.009499509821699881
2,0.1409475626363419,0.002751577845496304,0.002494344604949294,0.021992687067732417,0.16302269950079717,0.07249665691607846,0.0016156791948405999,0.007621990457708723,0.0054509711570645495,0.006534751463824044,0.003588944680106166,0.00019381088390667378,0.0006786567723493585,0.24475702606942495,0.010996163800186243
3,0.13807748013187876,0.002925843781316137,0.0025040735460566538,0.02441709006866539,0.1780054820655178,0.061346321361402494,0.0014219681237770529,0.006391206777943674,0.0038886717143410457,0.005076010151983034,0.0027327379824405276,0.00013603988371882104,0.00047636474290430714,0.24716497832864107,0.00842115276104669
4,0.1056663486897794,0.00271397290119949,0.0025006425951132724,0.025348004264951284,0.20130501400894396,0.0789791786668209,0.0018049177066304033,0.007803664355767369,0.005765683656386351,0.00687950194653867,0.003528243469585608,0.00020903902199507856,0.0006804010140341311,0.28989277473816266,0.011297185452153488
5,0.13663487039951341,0.002803960295593066,0.0024971629655097215,0.023853550251747284,0.16859358423816334,0.06998063811435452,0.0015801665331746742,0.008068425523887071,0.0050648593487988775,0.006409246306101523,0.003191097155351713,0.00018580657781251756,0.0005923434215806447,0.2482228144095796,0.0103784934608464
6,0.1254778732964143,0.0026889132601154095,0.0024934079593293304,0.024973810878062802,0.17588682713563708,0.07558604904118604,0.001711417521635396,0.008165451502815474,0.005963751709890336,0.007315184184813624,0.0035136018856691265,0.00022082428448576432,0.0006685564185859332,0.261349745201274,0.011718166773554447
7,0.11460758777571114,0.0027894824466663222,0.0025216000955721875,0.026707497057704636,0.1834344423213569,0.08058653646294395,0.0017838577684294009,0.008396686223664157,0.00532671018029055,0.006255306101657275,0.002886525039162177,0.00020180927937323373,0.000576721071783929,0.27420152277639437,0.009920361491976615
8,0.12860188272043677,0.002706761368104828,0.002495393682347272,0.026243933327973794,0.16655182395763307,0.07730820298089952,0.0017124391690592437,0.008637768478905032,0.005775604813914553,0.007307060974637904,0.003301434942610471,0.0002171681215224857,0.0006216120687531322,0.25421023458649683,0.011447276107523994
9,0.13054349604626975,0.0026187555367913414,0.0024882557970230196,0.02648090880091516,0.15651427972330711,0.08154640521871655,0.0017804944152115252,0.009957509356192005,0.006631033142602288,0.008411182782967748,0.003670711877582879,0.0002566429574338294,0.0007056799536751607,0.24979868871342722,0.013044217571659616
10,0.14307157037617485,0.002628849688059344,0.0024810671700896533,0.024900951433287587,0.1442587329377364,0.07845301408784895,0.0017211366456214893,0.009622115040101773,0.006437206093621061,0.0083877689708242,0.003581063078894995,0.00024641417683585475,0.000656010565050906,0.2340549987113086,0.012871256791605957
11,0.12223376538315256,0.002555464340571659,0.0024906456758696746,0.026280670421989023,0.16090047852272857,0.08766060464892611,0.00192866817441267,0.010077921677781878,0.007059555258866936,0.008905264000709947,0.003647614145679675,0.0002737180982510253,0.0007062710051420013,0.26056767302384926,0.013532867249782652
12,0.14532859247315755,0.0025830474561049097,0.0024771620472476288,0.02638138469421845,0.13392558512567992,0.0801606311745036,0.0017649641242063333,0.010680299439986553,0.006778413970696923,0.009281505057326708,0.0036954136795517936,0.0002695878818726594,0.0006851327367702433,0.22653147986437638,0.013931639355521405
13,0.14318976490036706,0.002506023106844334,0.002472114186672743,0.026726585268170313,0.13193840296727075,0.08303170955378418,0.0018464967980006172,0.011183342300105505,0.007301017342093102,0.010134971415172512,0.003775089481472175,0.000293508847079431,0.0007253068363177984,0.22799995161916103,0.014928876580041916
14,0.12589895728691314,0.002298729989016803,0.0024699707893720254,0.02937688313204699,0.13182624951743827,0.09792213176102786,0.002135634240860421,0.014209495957321492,0.009520001227870192,0.012650426264856122,0.004456541541621535,0.0004053719978741774,0.0009329819543904277,0.24609351147664807,0.018445321758742264
15,0.14075960854245154,0.0022947766415646396,0.0024628882944694253,0.02750979683935211,0.11838464827653049,0.09297489175307627,0.002096854907769971,0.013970653397904754,0.00920980033749254,0.012682702809546658,0.004205503671846768,0.0003932105774678824,0.0008699090366743826,0.22742704833528146,0.01815132609553569
16,0.14220987903410354,0.0022036469874324232,0.0024577551420129963,0.028635359405801232,0.1089114865494354,0.09563677846826621,0.002102996917175634,0.01560459509357732,0.010176759774852339,0.014054106142989896,0.004462733180702811,0.00045225993931265266,0.000940845121123869,0.22225585702845455,0.01990994438412923
17,0.14565598346605163,0.002166466021563707,0.0024605788777317676,0.02765718720853163,0.10359986268659868,0.09632013012138857,0.0021177143790751954,0.016072909601495267,0.010408557645342527,0.014116169472766301,0.004252164588212964,0.00045965958270437386,0.0009014520138024465,0.21811061678855773,0.019729445657486085
18,0.14022188329225843,0.002043548406481811,0.002456722021337001,0.028583932096765723,0.0994113219993465,0.1032825959521928,0.002216410425662939,0.0181817421521034,0.011869875246158824,0.015615480475330115,0.004581984502253902,0.0005266268370568654,0.000985904671132996,0.22309207052930563,0.021709996485773875
19,0.13618661719340838,0.002004930710254942,0.002457831165411131,0.029691110079575207,0.09775980859853983,0.10696659153980267,0.0023555736561197554,0.019359549503418946,0.01239539557791321,0.016325350118706,0.004608574911579347,0.000561553117122654,0.0009984937285648385,0.2264415232978812,0.022493971875972837
20,0.14668401454728774,0.0019579436533545313,0.0024515205980786734,0.028596571440255947,0.0871429740849721,0.10365531102658865,0.0022306932252608037,0.01975024402309852,0.012693159213955758,0.01663183221467054,0.004520684287318973,0.000567243888705578,0.000972991088173745,0.21277922235992006,0.022692751478868838
21,0.13766492085234253,0.001968789356909042,0.0024612021780368127,0.029995562320922427,0.09195046825869196,0.10778827732585607,0.0023569169098845303,0.02030439944885778,0.012814473725216389,0.016398189409932557,0.00423943938110575,0.0005680016976242262,0.0009173510447218048,0.22240006194329032,0.02212298153338434
22,0.1406803543958397,0.0019269933848292645,0.0024562501390766305,0.030112756935232497,0.08568713460544634,0.10813204265681284,0.0023119401315716496,0.021307405878224998,0.01334651959215455,0.017123122406531528,0.00429035173690147,0.0005951059166750963,0.0009284464000307987,0.2174385232720558,0.022937026460138895
23,0.13815690186757298,0.00188991611326532,0.002455819589815206,0.030197382494080174,0.08370047199712664,0.11184891494007762,0.0024178130676608357,0.02283054488289393,0.013875747089526356,0.01773808908220788,0.004285318503233607,0.0006230862409808046,0.0009307561877058237,0.220797744887759,0.02357725001412812
24,0.13377105807189762,0.0018567190206295813,0.0024569882001518476,0.031021621542933177,0.08309293280471118,0.11544601981926815,0.0024743400532787866,0.024006004777234247,0.014519175534045862,0.01825758254342723,0.004226916789951174,0.0006478732729700071,0.0009210521594526302,0.22501929745449234,0.024053424765801044
25,0.13660126061663722,0.001828900051021028,0.0024568173818462166,0.031157903514845754,0.07679939737011422,0.11548571474161151,0.0024822679008179326,0.025611418180621515,0.014964098727141707,0.018420161330063658,0.004100548115666746,0.0006545374027299235,0.0008924818447920864,0.22037879819316517,0.024067728693252414
26,0.12983704029907506,0.001804000463833213,0.0024578607294919678,0.03210549738400679,0.07795387773432814,0.12059908365545721,0.002561399966690264,0.026980214854435147,0.015593404167319285,0.01903258366563187,0.004069606805977286,0.0006830081065273431,0.0008890413065458881,0.22809457621091075,0.024674239884682387
27,0.13060727496665012,0.0017885522566792181,0.0024566845820420723,0.03209492868707339,0.07596680389750084,0.12083385877187773,0.0025527326318628986,0.027678817588794334,0.015817172001474637,0.01928148434636037,0.003978550397404811,0.000692453557589813,0.0008683346998175707,0.22703221289003578,0.02482082300117256
28,0.12635642021067758,0.0017732987240854116,0.0024575809176486216,0.0326971586925234,0.07669498041307035,0.12400115983805049,0.002599456428932195,0.02861345514307278,0.01621296373458894,0.019658547277343646,0.003903570328011817,0.000709888981332162,0.0008532893652258187,0.2319090518231258,0.02512529595191344
29,0.12241083790513281,0.001769149468393709,0.002458863222924382,0.03326620877436727,0.07802456552907677,0.12660141300713632,0.0026418745572451704,0.029150349870745402,0.01642976252032964,0.0198717137447824,0.0037932311948068484,0.0007199900236084856,0.0008295314811695368,0.23641820296420366,0.025214466444367277
30,0.11861012816880401,0.001769015382907386,0.002460194289751897,0.03378636190726028,0.07967995559101451,0.1290285996338558,0.0026802349301516953,0.02945232256328349,0.016573603498941752,0.02001673383404845,0.0036697821492081787,0.0007269132188252407,0.0008024532352593629,0.24084111271830547,0.025215882437341228
31,0.1148304749500588,0.0017690537239289466,0.0024616143544028096,0.034295902439701556,0.08137584837801615,0.1314557555087012,0.0027171288301361444,0.029715877695814918,0.016712146060949822,0.020138794542789693,0.003545520008762858,0.0007328792905631076,0.0007751286811629899,0.2452646104126684,0.025192322523278646
32,0.11111547378065774,0.001769472035683016,0.0024631555566745366,0.03479199989556851,0.0830948904034353,0.1338439998945379,0.002752305184006082,0.029938600730571953,0.016841247385991957,0.020229987473774955,0.0034194071048735714,0.0007375711401643041,0.0007473269612104568,0.24962979621255124,0.025134292680023283
33,0.10747983139140968,0.001770272675460833,0.0024648155016590316,0.035272245575001096,0.08483386957501975,0.1361837344994145,0.0027855059133794677,0.030117342888723468,0.01696010558700902,0.020288845375687568,0.0032916449826334276,0.0007409254856493778,0.0007191014466156806,0.2539204528765372,0.02504051729058605
34,0.10393829122569662,0.0017714590684862605,0.00246659055714707,0.03573431128784352,0.08658905064998525,0.13846495595139335,0.0028164876144439834,0.030249502574486803,0.017067931527464324,0.020314202337189134,0.003162510871882116,0.0007428917102712051,0.0006905224200639961,0.25811999679030945,0.02491012733940645
35,0.1005035583655115,0.0017730308997474637,0.0024684757312532107,0.03617619572911434,0.08835695015627572,0.14067870173861538,0.0028450450104391366,0.03033327032389334,0.017164095300639292,0.02030539832874992,0.003032375986711313,0.0007434407618344205,0.0006616815034221228,0.2622139672292235,0.024742896580717776
36,0.09718642473793464,0.0017749823387702964,0.002470464202111995,0.03659620265034256,0.09013409162630466,0.14281710184467486,0.0028710112388584436,0.03036772142832154,0.01724815028927882,0.020262357604017834,0.002901702110053642,0.0007425680397204032,0.0006326905421248617,0.26618992613815945,0.024539318295916743
37,0.09399547356668318,0.0017773020929530148,0.0024725474099608177,0.03699298805062442,0.09191707348372109,0.14487360105152652,0.002894263874161899,0.03035287109468505,0.017319847414537258,0.02018560869241503,0.0027710250666859114,0.0007402942011203137,0.0006036776779847323,0.27003780950409456,0.024300605638205984
38,0.09093684973548444,0.0017799739046677045,0.002474715327201827,0.03736559567926757,0.09370267905321568,0.1468431375287269,0.002914729053342616,0.030289666769250444,0.017379138296759255,0.020076261897602074,0.0026409316404053494,0.0007366642498549217,0.0005747819673098,0.2737502124045357,0.024028639755172148
39,0.08801420160223036,0.0017829773712379593,0.0024769568313016293,0.03771346606369739,0.09548797098514784,0.14872221523130622,0.0029323822458502927,0.03017991606676728,0.01742616499587081,0.01993594731880264,0.0025120326955004172,0.0007317449848196379,0.0005461471628720788,0.27732248452907166,0.02372587216199477
40,0.08522879390858625,0.001786288986444848,0.002479260132579468,0.03803641951980731,0.09727035780376336,0.15050886674986522,0.0029472457232126415,0.030026161642677712,0.0174612381247117,0.019766722326354878,0.0023849355740845945,0.000725621170925278,0.0005179153683562289,0.280752631919519,0.023395194439720976
41,0.08257975974921729,0.0017898832738756066,0.0024816132073692335,0.038334618108264544,0.09904762888256746,0.15220252390979286,0.002959383329379317,0.029831521397298628,0.017484806949891685,0.019570961246811368,0.002260218732847045,0.0007183909590184531,0.0004902212453632296,0.28404105751903835,0.023039792184040096
42,0.0800644444308209,0.0017937338867919817,0.0024840041931806873,0.03860851369901002,0.10081795924488227,0.15380382411676616,0.0029688934485467967,0.02959951471793743,0.017497425701480756,0.019351240694534852,0.0021384108975146922,0.0007101611119953739,0.0004631872907906902,0.28719019152813263,0.02266299999483561
43,0.07767879088575941,0.0017978145765129435,0.002486421715509313,0.03885878971895183,0.1025798893253483,0.15531438366790656,0.0029759011414775853,0.0293338935079824,0.017499720000670713,0.01911023203413174,0.0020199760169508267,0.0007010425154285277,0.0004369204703409507,0.29020406764271484,0.02226817103685205
44,0.07541772274935997,0.001802099969859905,0.0024888551314109137,0.03908630314243343,0.10433228684917212,0.15673656617583676,0.0029805503097988,0.02903849193490314,0.01749235638388736,0.018850608931621927,0.0019053042885497516,0.0006911463061672588,0.00041151026070293994,0.29308789526971085,0.021858569787041877
45,0.07327549329395917,0.0018065661340743852,0.002491294688810464,0.03929203143113919,0.10607429823785283,0.15807326731140509,0.002982996524124384,0.02871710300017984,0.017476016726858223,0.01857497405010185,0.001794708726100164,0.0006805807910721402,0.00038702796968979376,0.2958476650735622,0.021437291536963946
46,0.07124598167979396,0.0018111909392610514,0.0024937316105009743,0.03947702717958127,0.10780529602262212,0.1593277288807331,0.002983400896534531,0.028373384675145264,0.01745137826177882,0.01828580558336839,0.0016884262511525914,0.0006694491883478166,0.0003635270927525417,0.298489810475035,0.02100720811562134
47,0.0693229294397472,0.001815954247122848,0.0024961581171587476,0.03964238151961986,0.10952482740099855,0.16050338787013216,0.0029819251509896295,0.028010794263208332,0.017419099058692242,0.01798542198295692,0.0015866221016887932,0.0006578481262224747,0.00034104442346586826,0.30102093468532864,0.02057093663433406
48,0.06750011903064507,0.0018208379602130923,0.002498567405091127,0.03978919591896275,0.11123256700213313,0.1616037606095669,0.002978727875909297,0.027632547344288202,0.017379808328628794,0.017675961939889673,0.0014893963916843109,0.0006458667791490476,0.0003196016468305999,0.30344760283189753,0.020130826757553632
49,0.06577150106290858,0.0018258259718579373,0.002500953593602151,0.03991856147456962,0.11292827538239765,0.16263235870311493,0.002973961837609166,0.02724159662358047,0.017334100628947927,0.017359376232082873,0.0013967918269853369,0.0006335865020370052,0.00029920718544070366,0.3057761925467022,0.019688961746545917
50,0.06413127849594652,0.0018309040536083222,0.0025033116543985152,0.040031544637960416,0.11461176437565226,0.16359263157414916,0.0029677721803578793,0.02684062564364653,0.017282533047051126,0.017037428227349913,0.001308801811300968,0.0006210808295587588,0.00027985812231776905,0.30801279377380586,0.01924716899052741
51,0.06257395733761076,0.0018360597018322665,0.002505637332180575,0.04012917782150047,0.11628286915595282,0.1644879301549446,0.002960295331239827,0.026432053020168912,0.017225624564729224,0.016711700297326947,0.001225378403252055,0.0006084157264977705,0.0002615420772610577,0.3101631476623061,0.01880703650433783
52,0.06109437292582518,0.0018412819617308973,0.0025079270630621545,0.040212453499268774,0.11794142572752277,0.16532148671184738,0.0029516584434971776,0.026018043896623797,0.01716385689106667,0.016383603916866732,0.001146439776997617,0.0005956499963630795,0.0002442389580492863,0.3122326147794911,0.018369932648276716
53,0.05968769821360361,0.001846561250134361,0.002510177895483647,0.04028232111125638,0.11958725319044174,0.16609640636741413,0.0029419792291482264,0.025600525768523192,0.017097676187987552,0.016054391787802172,0.0010718769899876821,0.0005828357784421903,0.00022792254272766552,0.31422616455552727,0.01793702709895971
54,0.058349439341290235,0.001851889187422447,0.002512387416186518,0.040339686096398236,0.12122014053643508,0.1668156665968799,0.0029313660562621446,0.025181206366191457,0.017027495312978123,0.015725170842912237,0.0010015599728156923,0.0005700190848603419,0.00021256187487708815,0.3161483795557686,0.017509311775465358
55,0.05707542338245883,0.0018572584374439336,0.002514553682384779,0.0403854101447856,0.12283983699325067,0.16748212198973816,0.002919918224857196,0.024761592268697376,0.016953696330119918,0.015396915349302973,0.000935342729789542,0.0005572403446269226,0.00019812247065086682,0.3180034694765434,0.0170876208943703
56,0.055861781641730494,0.0018626625584348975,0.002516675160678961,0.04042031210796542,0.12444604475873229,0.1680985123822948,0.0029077263622167594,0.024343007521858435,0.01687663308586859,0.015070479585784715,0.000873067783181067,0.0005445349323075556,0.00018456734642562125,0.31979529102510235,0.016672649647698958
57,0.05470493047183305,0.001868095869733941,0.0025187506728661965,0.04044516945640139,0.12603841369635335,0.16866747282339287,0.0028948728852545244,0.023926611573634928,0.016796633705075763,0.014746609785249462,0.0008145699198497754,0.0005319336677997441,0.00017185788166381664,0.3215273709786357,0.0162649712545628
58,0.0536015508043073,0.001873553336433545,0.00252077934831273,0.040460720158146744,0.12761653800560724,0.16919154415507986,0.00288143249256271,0.023513415994677034,0.016714002938534415,0.014425955193608354,0.0007596793119349882,0.0005194632804822995,0.0001599545344312014,0.3232029306479268,0.015865052320456843
59,0.05254856760232443,0.001879030468145677,0.0025227605823297515,0.0404676646856642,0.1291799547459486,0.1696731833631385,0.0028674726692108506,0.023104299799014034,0.01662902433332187,0.01410907818196287,0.0007082240866139872,0.0005071468348525041,0.0001488174276458835,0.32482491057731194,0.015473266531075246
60,0.051543130026247844,0.0018845232302791962,0.002524694000031048,0.04046666792716643,0.13072814410156233,0.1701147731021576,0.002853054200857824,0.022700023379959935,0.016541962198620246,0.013796463389398314,0.0006600324172164535,0.0004950041166128888,0.00013840682338374632,0.32639599478453774,0.015089906746611403
61,0.05058259258240903,0.0018900279678762373,0.002526579425273887,0.04045836094940965,0.13226053167921487,0.17051862979752952,0.0028382316962595184,0.022301241035053414,0.016453063337705166,0.013488525902226437,0.0006149342025939942,0.0004830519793677727,0.00012868350120170784,0.32791863420805734,0.014715195585389912
62,0.049664497217636,0.0018955413435225719,0.0025284168543241357,0.04044334258894631,0.1337764936116053,0.17088700961290004,0.0028230541214925285,0.021908512001443805,0.016362558521618605,0.013185618492503744,0.0005727623951946667,0.00047130465288920925,0.00011960905485699372,0.3293950693474417,0.014349294595444616
63,0.04878655638619756,0.001901060288759405,0.0025302064339667364,0.04042218076765532,0.13527536559493564,0.17122211142650867,0.0028075653575262037,0.021522309946756035,0.016270663679330943,0.012888037937078543,0.0005333540313399414,0.00045977401404895843,0.00011114612012287036,0.3308273523257265,0.013992312102590315
64,0.04794663689873791,0.0019065819698978886,0.002531948443912501,0.04039541337711859,0.1367564573600267,0.1715260757904262,0.002791804803795116,0.021143030904822203,0.016177580765041246,0.012596030422937048,0.0004965510102291914,0.00044846982107198666,0.00010325854472928997,0.33221736885907016,0.013644309798967517
65,0.04714274452274672,0.0019121037693801413,0.0025336432835071634,0.040363548581208365,0.1382190745628265,0.1718009785326257,0.0027758080528379574,0.020770999593212627,0.016083498242580492,0.012309796026091111,0.00046220066175261984,0.00043739991114245813,9.5911509911183e-05,0.33356686074150277,0.013305308108897374
66,0.046373008862062595,0.0019176232863715916,0.002535291462868415,0.04032706438985582,0.1396625505899196,0.1720488173801518,0.0027596076665788315,0.02040647402332729,0.01598859110841831,0.012029492237530422,0.0004301561376573323,0.00042657036093388134,8.90716117140136e-05,0.3348774496599775,0.01297529034783565
67,0.04563566841003275,0.0019231383599887355,0.0025368935985772283,0.04028640734045272,0.1410862909988983,0.17227148976445666,0.002743234079674167,0.020049648283231445,0.01589302036566089,0.011755236509117238,0.0004002766562061142,0.00041598560965745224,8.270690913042131e-05,0.3361506631262606,0.012654205684111226
68,0.044929055516211326,0.0019286471186656484,0.0025384504139034946,0.04024199013880255,0.14248983284697148,0.17247076022317237,0.002726716646911836,0.019700653474601815,0.01579693187326144,0.011487107821515404,0.00037242762743985804,0.00040564854528563483,7.678694536707681e-05,0.33738796319165754,0.01234197093960797
69,0.04425158133134344,0.0019341480576747765,0.002539962743049609,0.04019418822737052,0.14387291929443063,0.17264821688882592,0.0027100848191950687,0.019359556988837026,0.01570045455163815,0.011225147365347066,0.0003464806848827623,0.000395560557724698,7.128274813680423e-05,0.3385907779912886,0.012038471356091334
70,0.04360172134983412,0.0019396401415180814,0.0025414315378750794,0.0401433355291026,0.14523558556922717,0.17280521916715447,0.002693369366557988,0.019026360712999353,0.015603698066272003,0.010969358615370422,0.00032231365033880144,0.00038572156922372057,6.616681489675795e-05,0.33976053481593893,0.0117435606498297
71,0.042978002700352944,0.0019451229188281593,0.0025428578738471122,0.040089720116701304,0.14657824460410948,0.17294284361247023,0.0026766034619817203,0.018700999468342114,0.015506750373982584,0.01071970739734658,0.0002998104610886093,0.00037613006326833563,6.141308935581206e-05,0.3408986911469036,0.011457061011059337
72,0.04237899543453427,0.0019505966220062212,0.0025442429496716117,0.0400335812768385,0.1479017494147344,0.17306184223576035,0.002659823298319222,0.01838334190390604,0.015409675906681042,0.010476122975717303,0.000278861091557327,0.0003667831477374606,5.6996935996277495e-05,0.34200675685272003,0.011178764151008368
73,0.041803310773627554,0.0019560622065949137,0.002545588073189172,0.039975110154501954,0.14920739819014683,0.1731626349594,0.002643067797468637,0.018073196843978664,0.015312515569081855,0.010238501551823658,0.00025936149961673985,0.0003576767000469628,5.2895118844880125e-05,0.34308629779099414,0.01090843487033224
74,0.04124960870008322,0.0019615212797679886,0.0025468946270503583,0.03991445621350395,0.1504968475592972,0.1732453591250844,0.0026263770313609547,0.01777032774621447,0.01521528978930498,0.010006713417102948,0.00024121361271686118,0.00034880563620725224,4.9085787631888335e-05,0.344138911461957,0.01064581845365895
75,0.04071661418649267,0.0019669758955300973,0.002548164014803831,0.039851740059932673,0.15177192633357994,0.1733099830151851,0.002609789413519477,0.01747447507377336,0.015118005001471835,0.009780613717027434,0.0002243253332432447,0.0003401643005918553,4.554846729781932e-05,0.3451661738360579,0.010390651818160353
76,0.040203135515957486,0.0019724282711384316,0.002549397601993825,0.039787069248586694,0.1530344037240706,0.17335645166368485,0.00259333857482577,0.017185380739812402,0.015020661856626018,0.009560054202902913,0.00020861049385831725,0.00033174688449960155,4.226403719945031e-05,0.3461695747023936,0.010142675618460282
77,0.03970807368670467,0.001977880563405749,0.002550596678026705,0.03972054992708617,0.15428582454429263,0.1733847947819563,0.002577051510216126,0.01690280422859888,0.014923261387353358,0.009344891231716628,0.00019398867597621354,0.0003235477103240098,3.921468305118429e-05,0.3471504750650639,0.009901642301068034
78,0.03923041690204351,0.0019833348170116573,0.0025517624538028963,0.0396522892525279,0.15552748996132287,0.1733951452620774,0.0025609488981741375,0.01662652427493778,0.014825806346046504,0.009134987169722561,0.00018038487473201681,0.0003155612856568702,3.6383818719370064e-05,0.34811010839651213,0.009667317148830819
79,0.038769227103787975,0.0019887930347832726,0.002552896079827739,0.039582391841786156,0.15676053080455105,0.17338769871323828,0.0025450466207699372,0.016356332206730436,0.014728299337908216,0.008930207917591432,0.00016772910677326837,0.0003077822233891885,3.375599728499267e-05,0.3490496083452897,0.00943947524503888
80,0.03832362867191047,0.001994257246546886,0.002553998661176588,0.03951095662764843,0.15798597244192816,0.17336267671930713,0.0025293570195408692,0.01609202648260861,0.014630741110796082,0.008730420887067948,0.00015595605773143826,0.00030020517745476004,3.131683062774965e-05,0.3499700326633848,0.009217898952881895
81,0.03789379301615861,0.0019997126475666863,0.00255506883028896,0.03943884867237733,0.1592032601258987,0.17331740933766326,0.0025141604680844385,0.01583529471872585,0.014533553308198223,0.008535966579763956,0.00014501279197631285,0.0002928410408877518,2.9054515192769868e-05,0.35087012465037226,0.009002874927820792
82,0.03748161400768191,0.0020051126370475947,0.002556101048323566,0.03936830374519676,0.16040879965827376,0.17324451273873015,0.0025002046629367903,0.0155910471783036,0.014437924728247373,0.00834799092947523,0.00013486189653782684,0.00028572815263566985,2.696043054768839e-05,0.3517445642382443,0.008795541409196417
83,0.03708442698788489,0.0020104880953328917,0.002557100990050026,0.039298011177144106,0.1616059108996856,0.17314994368937622,0.0024869942470597184,0.015355524419009801,0.014343097666406774,0.00816546072204581,0.00012543240499344216,0.00027882996560643007,2.5019374308792802e-05,0.3525983732551313,0.008594742466954476
84,0.03670086224217816,0.0020158509100889122,0.002558071278193306,0.03922756178323703,0.16279621974852773,0.17303597366571763,0.0024743583728118884,0.015127283661415629,0.014248804319048743,0.007987927299353107,0.00011666855521322406,0.0002721301556588436,2.3219281326033787e-05,0.3534338354484729,0.00839994529155121
85,0.036329921229761385,0.002021208182111302,0.002559013710729957,0.03915677345071149,0.16398090060561873,0.1729038943741417,0.002462209172774366,0.0149054890821346,0.01415490097290136,0.00781509647355958,0.00010852115327812438,0.00026561776358079446,2.1549485952414166e-05,0.3542524932346694,0.008210784876370912
86,0.035970755020234224,0.0020265656449136088,0.002559929790129289,0.039085530370781774,0.1651609864732308,0.17275464741371113,0.0024504852692740116,0.01468951030741848,0.014061280591134644,0.007646726662311569,0.00010094536783476847,0.0002592836808303882,2.0000273231868986e-05,0.35505562946363445,0.008026955984208594
87,0.03562262469861883,0.0020319281030677376,0.0025608208031937672,0.03901376481755797,0.16633741808734648,0.17258891361892553,0.002439144158414427,0.014478862190998,0.013967861736167507,0.007482614131625881,9.390011194046805e-05,0.0002531201311680834,1.8562747730005072e-05,0.3558443380556844,0.007848197122464439
88,0.03528485994048829,0.0020373000522715345,0.0025616879232660274,0.03894142410915896,0.16751109415672893,0.1724072431060557,0.002428151001955295,0.01427312704433973,0.013874571997405672,0.00732257339608038,8.734746357796226e-05,0.00024711999716061825,1.7228711548275472e-05,0.35661961530907965,0.007674269568367236
89,0.0349568429787483,0.00204268588674357,0.0025625322380291474,0.038868465259834416,0.16868290093444066,0.17221007476901837,0.002417476708528896,0.014071936660271001,0.013781343694605645,0.007166432319965056,8.125235247104928e-05,0.00024127664950710374,1.5990595879429324e-05,0.35738238907225894,0.007504951917822638
90,0.034638000745905645,0.0020480899649815403,0.002563354765437917,0.038794850569515635,0.16985371935910062,0.17199775888442256,0.0024070959503933553,0.013874958591334509,0.013688111928757133,0.0070140292819525695,7.558230777845955e-05,0.00023558384873827065,1.4841405296986243e-05,0.358133532785251,0.007340036843766288
91,0.03432780256034737,0.0020535165862782165,0.0025641564552168054,0.03872054844515554,0.17102442546401864,0.17177055668049815,0.0023969875680971723,0.01368189642940011,0.013594815081443782,0.006865213157371043,7.030725975890867e-05,0.0002300357426285122,1.3774673190267786e-05,0.35887386614201405,0.00717933083294873
92,0.03402574896595742,0.002058970161230857,0.0025649382074592808,0.038645529939785095,0.17219591421672145,0.17152864691005618,0.002387133743650456,0.013492481634270997,0.013501391604136746,0.0067198400536107915,6.539932491643298e-05,0.00022462675344379744,1.2784414484140764e-05,0.3596041765046991,0.0070226505464551624
93,0.03373135736058751,0.002064455565336583,0.0025657009235092215,0.038569745396043784,0.17336911076996253,0.17127221900093037,0.002377511230922008,0.013306420335917524,0.013407770212409496,0.00657776318026488,6.0832550221569874e-05,0.00021935124005757005,1.1865071014315106e-05,0.36032526133773246,0.006869812041558334
94,0.033444189611674315,0.0020699773428694427,0.0025664453988487957,0.038493174500550474,0.1745449507667458,0.17100128047420196,0.002368109175895089,0.013123498913429272,0.013313891739225998,0.006438854730547661,5.6582981226807625e-05,0.000214204227118654,1.101152025802223e-05,0.3610378393302721,0.006720653459151145
95,0.0331638164974234,0.0020755406214208036,0.002567172441381338,0.03841577464803489,0.17572442024077634,0.17071584817951913,0.0023589110889105703,0.012943473943904204,0.01321968543301767,0.006302982246352988,5.262829564181947e-05,0.00020918061519582047,1.0218999957495612e-05,0.36174265345311024,0.0065750101571481236
96,0.03288983032865962,0.0020811507499374766,0.0025678828227294215,0.03833750338426531,0.17690854696898584,0.17041585908359502,0.002349903118708326,0.012766121427328875,0.01312507893888634,0.006170018605079473,4.894778033524822e-05,0.00020427551397875451,9.48309990570124e-06,0.3624404305986181,0.006432724999299176
97,0.03262183710589681,0.002086813496413981,0.0025685772962930975,0.03825831197552772,0.17809842310721272,0.17010118752471415,0.002341071517806803,0.012591219795368442,0.013029994336325512,0.0060398386140330385,4.552218807077795e-05,0.00019948412848435688,8.799730668295057e-06,0.3631319019451021,0.006293644661256469
98,0.032359459361379427,0.0020925349704001106,0.0025692565886755274,0.03817814890866418,0.17929519861180543,0.16977163383148786,0.002332403868487813,0.012418556903035618,0.012934350135500369,0.00591232079263643,4.233364757011661e-05,0.00019480181813550184,8.165102925153447e-06,0.3638177932148167,0.006157621361267202
99,0.0321023273917238,0.002098321867920591,0.002569921419258474,0.038096952565206156,0.18050011402600763,0.16942693150233823,0.0023238872622156344,0.012247917502702519,0.012838056588112857,0.0057873436744998825,3.9365539809210285e-05,0.00019022397452278725,7.575700600344223e-06,0.36449885029326407,0.0060245088894322245
100,0.03185008370766242,0.002104181355565292,0.0025705724848558787,0.03801465842497378,0.18171449550544547,0.16906672229086941,0.002315510523680291,0.012079095908415093,0.012741019015214076,0.0056647889621719745,3.6602432813710476e-05,0.00018574612543291444,7.028265490221933e-06,0.3651758242284102,0.0058941657859088205
101,0.03160237202697253,0.002110121433396554,0.002571210487344978,0.03793118748988154,0.18293979366367713,0.16869057535038154,0.00230726083022675,0.011911873619685048,0.012643130783373195,0.005544536154401571,3.402996310836835e-05,0.00018136375830608362,6.519771904216608e-06,0.3658495034639705,0.0057664496477202384
102,0.03135884335873629,0.002116150791904989,0.0025718361157718414,0.03784645374762851,0.18417758077657959,0.1682979535465307,0.0022991268243854517,0.011746037635691478,0.01254427715841512,0.005426466183385621,3.1634786767691004e-05,0.00017707244103483787,6.047414883573385e-06,0.3665206987831872,0.005641220826071724
103,0.031119148176072052,0.0021222790839335775,0.0025724500588459056,0.03776036065350265,0.18542959458699096,0.16788820170235652,0.0022910973667579415,0.011581369922630985,0.01244433128862378,0.005310459120188859,2.9404494659518846e-05,0.00017286774650247742,5.608591739595301e-06,0.3671902635787364,0.00551833995309045
104,0.030882935835760177,0.002128517041385423,0.002573053009805516,0.03767279765818604,0.18669775039905198,0.1674605448039877,0.0022831610367219906,0.01141764418055312,0.012343152459289413,0.005196393207284239,2.7327543465434013e-05,0.00016874522242458234,5.2008868211860855e-06,0.36785910042031483,0.005397666859995441
105,0.03064984492355667,0.0021348768830986957,0.0025736456841380048,0.037583633491955926,0.1879842059015603,0.1670140667894025,0.002275304859379998,0.011254614531784729,0.012240579915128676,0.005084141519524395,2.5393180881729227e-05,0.00016470028398711477,4.822055372563954e-06,0.36852819208212756,0.005279057039765804
106,0.030419506346129353,0.0021413723425356894,0.0025742288101831636,0.03749271970643998,0.1892913775779939,0.1665476780448403,0.0022675160761899955,0.011092024855502685,0.012136433989476962,0.004973573869675591,2.3591404255180222e-05,0.00016072827817915163,4.47001389765289e-06,0.3691985965545269,0.005162363566007576
107,0.03019153598662028,0.0021480190688395635,0.002574803142104079,0.037399885580097034,0.19062200744210378,0.1660600831053431,0.0022597815832026474,0.010929601286651469,0.012030510669329012,0.004864554368957859,2.1912899832064834e-05,0.00015682440647524505,4.14282699384752e-06,0.3698714734173009,0.0050474345022590164
108,0.029965529983773966,0.002154835003468402,0.002575369469645311,0.03730493315916716,0.19197922519952199,0.16554974578716156,0.0022520876953731534,0.010767047499587179,0.011922576796496588,0.004756939559306139,2.0348990679921696e-05,0.00015298366734398471,3.838695978878354e-06,0.3705481061816439,0.0049341109133089235
109,0.029741058107435096,0.0021618408952003196,0.0025759286348960154,0.0372076283566263,0.19336662380566477,0.1650148582437154,0.002244418509526032,0.010604032734314343,0.011812363009797546,0.004650575122657911,1.8891583605989052e-05,0.00014920075362541833,3.5559474690116283e-06,0.3712299332932205,0.00482222340735833
110,0.02951765968609919,0.00216906073987214,0.002576481529792011,0.037107703971147384,0.1947883632934857,0.16445324279584572,0.0022367595244809297,0.010440203889171603,0.011699560323708046,0.004545296597745366,1.7533138221729167e-05,0.00014547007972529042,3.293026247833558e-06,0.37191856950298396,0.0047115928419402195
111,0.02929483280398175,0.0021765227326756786,0.0025770291469838762,0.03700482822989969,0.19624924720227738,0.1638623980420964,0.0022290870163281574,0.010275131264023211,0.01158380403316598,0.0044409189630009996,1.6266594176778485e-05,0.0001417854524095345,3.0484803981570187e-06,0.3726158635247252,0.0046020194899854695
112,0.029072035590774786,0.002184259532330613,0.0025775725308872038,0.03689863717844977,0.1977549098508797,0.1632392191717729,0.002221385860747974,0.010108384875875799,0.011464679144350443,0.004337247049178168,1.5085387472397592e-05,0.0001381404111092283,2.82096325428767e-06,0.3733238997592763,0.004493293811014082
113,0.028848671154734374,0.0021923097424111073,0.002578112860113324,0.03678868264641944,0.1993119113749649,0.16258009771007034,0.002213631314901101,0.009939444225626282,0.011341695020625497,0.0042340585622565,1.3983360721583874e-05,0.00013452769091221287,2.6092155562801676e-06,0.37404508462556263,0.004385178829446577
114,0.02862407546268282,0.002200719178764419,0.002578651451087649,0.03667443385231926,0.20092801418618575,0.16188067969869135,0.002205796678912832,0.00976772126550866,0.01121427406951218,0.004131103809149916,1.2954748250373149e-05,0.00013093922422929477,2.4120617637379267e-06,0.3747822118292986,0.0042774098433933224
115,0.028397509489168873,0.0022095423349540013,0.0025791897826305614,0.036555260974118965,0.20261240886706752,0.16113571835287702,0.0021978523154754922,0.009592547287761098,0.011081735925333356,0.004028100757247503,1.1994145305009992e-05,0.00012736599423492431,2.228403447963106e-06,0.3755385268231811,0.0041696893002354
116,0.02816814399334925,0.002218844537904406,0.0025797295400334696,0.03643040757705009,0.20437604654650413,0.1603388730735557,0.0021897637097436857,0.00941315110692008,0.010943272818785337,0.00392472627035022,1.1096470669465376e-05,0.00012379777041637242,2.057211556577624e-06,0.3763178344367236,0.004061677722992636
117,0.027935034440102976,0.0022287050238336196,0.0025802726742934234,0.03629895698296532,0.20623212343084596,0.15948240502527272,0.002181489954427364,0.009228631050268946,0.01079791512107678,0.003820604466268449,1.025692858065619e-05,0.00012022275629571245,1.8975186468188205e-06,0.37712464946081503,0.0039529816697916375
118,0.02769709797880006,0.002239220684730474,0.002580821465056128,0.0361597924737329,0.20819666341638782,0.15855679222882121,0.0021729829138233607,0.009037929091800326,0.010644491443094043,0.003715294223248113,9.470976227563439e-06,0.0001166272161914312,1.7484122410349508e-06,0.3779643676508327,0.0038431408279081427
119,0.02745308299992246,0.0022505112182924897,0.0025813786084922133,0.03601154073663238,0.21028930552920425,0.15755021660995722,0.0021641849100551493,0.008839791697699849,0.010481574048660248,0.0036082716891621368,8.734286350128689e-06,0.00011299495111781669,1.6090273657153452e-06,0.3788434987469164,0.0037316099539957976
120,0.02720152189171889,0.002262726614090595,0.002581947344240218,0.03585249376518348,0.2125344413672824,0.15644782015450392,0.0021550258032665684,0.008632714037341855,0.010307400246400152,0.0034989051240499887,8.042701911946362e-06,0.0001093065413076287,1.4785377266872357e-06,0.3797700013623947,0.003617732904996251
121,0.026940681103362767,0.002276057167540102,0.0025825316122819347,0.035680504359752695,0.21496269744970076,0.15523071546701991,0.002145418972969696,0.008414873322148853,0.010119771214421876,0.0033864235506569206,7.392189989039493e-06,0.00010553840729741946,1.3561468412800376e-06,0.3807537052118392,0.0035007102947846595
122,0.026668491703203706,0.002290748073676525,0.002583136272710665,0.035492838862759724,0.21761307050745576,0.1538745444665855,0.0021352565165696476,0.008184038530153016,0.009915907813246026,0.0032698728501261067,6.778784375878086e-06,0.00010166149390485862,1.2410772139423825e-06,0.38180691002076383,0.003379554205620785
123,0.026382470253238324,0.002307120069929456,0.0025837673898901534,0.03528597750716655,0.22053585188160701,0.1523474630604576,0.002124402052247783,0.00793745623606627,0.009692256030417918,0.003148058689831416,6.198521201568321e-06,9.76395625816024e-05,1.1325583367300124e-06,0.3829451732303787,0.003253029331951317
124,0.02607962829024857,0.0023255995327369065,0.002584432609899882,0.0350553345875123,0.22379674491173487,0.15060724923887375,0.002112680589434395,0.007671704822555053,0.009444216635293051,0.0030194703381402907,5.647361481400067e-06,9.342691577848359e-05,1.029812418327455e-06,0.3841883795625981,0.003119574427818502
125,0.02575639538988651,0.0023467617607803525,0.002585141618700238,0.034794883653318794,0.22748250093206152,0.14859720713112048,0.0020998663859979646,0.007382535159890867,0.009165785539701576,0.0028821873120560503,5.1211109769694106e-06,8.896562242668688e-05,9.320397159807277e-07,0.38556210960907084,0.0029772060851756873
126,0.02540859869437298,0.0023713927843007597,0.002585906638573738,0.03449668240681358,0.23170836695834465,0.14624050263191776,0.0020856682098394307,0.007064726876679137,0.008849096030892853,0.0027337765415540957,4.615353152649875e-06,8.418248583593152e-05,8.384062563079543e-07,0.38709926467678096,0.0028234127867989844
127,0.0250316164493311,0.0024005739822988955,0.002586742788969067,0.034150334511904,0.23662695108456325,0.14343290669434858,0.0020697113868975315,0.006712052297677133,0.008483906389178487,0.002571213096220377,4.125444293922346e-06,7.898677609470562e-05,7.480426836379714e-07,0.38884162146348655,0.0026550733592926425
128,0.02462093164375231,0.0024357863035132086,0.0025876678045488274,0.033742619000634654,0.242436167905874,0.14003495007887798,0.0020515312070064047,0.00631760687465748,0.008057228372213218,0.0023909239548418467,3.646699216837069e-06,7.327176365089879e-05,6.600771094503869e-07,0.39084025606641587,0.002468502494819033
129,0.02417347669582074,0.002479006446240718,0.002588700053403315,0.033257852793533445,0.24937880606109838,0.13586797968117995,0.002030588864655737,0.005874949036742245,0.007553614542925165,0.0021891641953203857,3.1749994318908735e-06,6.692640798320759e-05,5.737431844077116e-07,0.3931523236436763,0.0022598393459198917
130,0.02369022569418124,0.0025327032925073372,0.0025898529598008743,0.03268027587707628,0.2577163342347869,0.13072578920598005,0.0020063586295499094,0.005380805482395878,0.006957238668158731,0.0019631075516073704,2.7081977815438194e-06,5.986872240349714e-05,4.886299583280549e-07,0.3958292875527127,0.00202617310175074
131,0.02318002150974275,0.0025995256415266023,0.0025911239563079077,0.03200036121688105,0.26764708610254917,0.12442479948752715,0.0019785320992121813,0.004839857333677549,0.006257500423022649,0.0017130416320135294,2.248555167620305e-06,5.211240535170049e-05,4.0511537783461457e-07,0.398890275022966,0.0017678077079106849
132,0.022662921557945206,0.0026813731250511143,0.002592479649609957,0.031225862488235896,0.2791458874869242,0.11691671688648456,0.0019473577456762111,0.004270445845566838,0.005459087898788421,0.0014453646901944903,1.8054780942150962e-06,4.385702674074658e-05,3.2485300894349524e-07,0.4022804079646518,0.0014913520480383956
133,0.022169032495086758,0.0027777657048907484,0.0025938479664350147,0.030392763025441416,0.29177381777175915,0.10844170645773946,0.0019139699542532192,0.003706438253180638,0.004592809854943319,0.0011742569933795204,1.3958743307427747e-06,3.5536759354930626e-05,2.5083362142816545e-07,0.40583593243693245,0.001211440460686622
134,0.021729806439547812,0.002884336129153108,0.0025951333078359402,0.02956372080580326,0.30463643184872913,0.09959553394518043,0.0018803764249539928,0.00318920279450146,0.00371653303916698,0.0009187766132161588,1.0390575153415032e-06,2.7729606090015895e-05,1.86474093537329e-07,0.409301545013365,0.0009477317509150534
135,0.02136603844405449,0.00299314949659968,0.0025962531684467056,0.028806659857158457,0.3166551628148876,0.09116285225062275,0.0018489169706905231,0.00275155782440897,0.0028979582230240484,0.0006955733285299475,7.480105636790994e-07,2.0935099758839812e-05,1.3405673342411922e-07,0.41241848986060975,0.0007173904955858904
136,0.021082067017461317,0.003095434671992528,0.002597167307140504,0.028167816496795485,0.3270042833345494,0.08379104115270632,0.0018215314687089223,0.002406269634587485,0.002188960580715232,0.0005129607224239986,5.242458278150528e-07,1.5396163862798953e-05,9.381208593056192e-08,0.41502312559055216,0.0005289749442005433
137,0.020869333210842847,0.0031847290489872533,0.0025978780633993917,0.027661464995924964,0.3353518146083943,0.07777903661961075,0.0017995324154215287,0.0021476959897917167,0.001611785560779628,0.0003707254073084292,3.598748920079724e-07,1.1096613845782464e-05,6.429143502201985e-08,0.41707807963321836,0.00038224618748124167
138,0.020714062100575817,0.003258163895237737,0.002598412471757405,0.0272773258358595,0.34177558059854335,0.0731163181580432,0.0017828822977255109,0.001960259862114414,0.001163059800790293,0.00026363664012820173,2.4296913899429244e-07,7.87000317711279e-06,4.3328214510118305e-08,0.4186350409164265,0.00027179294065881893
139,0.020602941429024444,0.003315893706556165,0.002598805394072087,0.02699286736207219,0.3465472759672764,0.06964023071299436,0.0017694184405904103,0.0018258674211088163,0.000825217435614606,0.00018481952908471722,1.6164817600674002e-07,5.502627485992848e-06,2.8771270412016512e-08,0.41978279254197004,0.00019051257601712885
