,Rs,Rj,Ra,Sj,Sa,Sb,Sga,Sgb,Cj,Ca,Cb,Cga,Cgb,Clupeid adult,Cod adult
0,0.018992403526646776,0.0016434981514960856,0.0012326236136220646,0.008987336026427274,0.1079440310288141,0.025692288052847564,0.0010321583443392345,0.0015330093847039936,9.867369200531737e-19,2.172216885222334e-18,7.480003601844031e-19,1.513253721430792e-19,4.413016521237715e-19,0.13620148681070487,3.512844269673588e-18
1,0.018844111273763408,0.0016519335032337968,0.0012389501274253478,0.009227210354323216,0.10876320422860677,0.025880760874865044,0.0009926062454120824,0.0014722441253506191,8.057784119053654e-24,1.5972913732966114e-23,5.50634931064093e-24,1.1362699875001042e-24,3.2187530969606686e-24,0.1371088154742345,2.5834286128067812e-23
2,0.01904843737350404,0.0016604172619374945,0.001245312946453121,0.009138292949194472,0.10956686178078079,0.02613879939094138,0.0010478693976485548,0.0015516332939459411,7.944338319454505e-24,1.6818831367801608e-23,5.7926349382956254e-24,1.1676969898376408e-24,3.374870463241991e-24,0.13830516386331668,2.715403375917686e-23
3,0.01894373713971966,0.001668949733218335,0.0012517122999137515,0.009299124785476134,0.11060843666083235,0.026191746819370285,0.0010045381891850473,0.0014726245482956299,8.637294412265731e-24,1.8041791511037925e-23,6.1773433668398935e-24,1.2657446898362222e-24,3.569163045875634e-24,0.13927734621768328,2.9054042613589676e-23
4,0.019087435058266555,0.001677531224785667,0.0012581484185892502,0.009279927975886696,0.11146122653910343,0.026390362169731608,0.0010493508430721077,0.0015293548033723865,9.34251567078586e-24,1.9070663097870828e-23,6.5425842278143214e-24,1.3173398480826854e-24,3.7656488174918295e-24,0.14043029435527954,3.0696235991259663e-23
5,0.018937134696703405,0.0016861620464625234,0.0012646215348468927,0.00954691899959101,0.11216061590209632,0.026696475067416407,0.00101641161043359,0.001484386107140765,1.1280315943636178e-23,2.0367512942156039e-23,7.000824237116795e-24,1.4388233136591119e-24,3.990675091620265e-24,0.14135788868708707,3.279783558455221e-23
6,0.019150156063263986,0.0016948425102012957,0.0012711318826509718,0.009445987592270175,0.11299251623508896,0.02696833779744304,0.0010700687796412007,0.0015680201675171174,1.0242156345786062e-23,2.1433050806557537e-23,7.266049053103692e-24,1.4776128313891301e-24,4.1238573644008066e-24,0.14259894297969034,3.430057005545116e-23
7,0.01902331782457904,0.0017035729300994994,0.0012776796975746247,0.009659108912482053,0.11388882332709699,0.02715126365252872,0.0010347765656740207,0.0015025771055885845,1.2017614290958055e-23,2.298552599973318e-23,7.824813884976547e-24,1.6019449991195628e-24,4.4068187601802545e-24,0.14357744065088832,3.6819103644009544e-23
8,0.019197836061107372,0.0017123536224156698,0.0012842652168117525,0.00962010471817184,0.1146899100275779,0.02742665200439101,0.001086492556717562,0.001582965636412554,1.2141961012244518e-23,2.4477791744394819e-23,8.26302861621051e-24,1.680270113655547e-24,4.63010302719425e-24,0.144786020225099,3.9051193501455123e-23
9,0.01907522870770968,0.0017211849055854085,0.0012908886791890564,0.00983042224969203,0.1156057841360136,0.027609174389393035,0.0010507021324534448,0.0015172406673970922,1.3848654845323022e-23,2.5797209307076532e-23,8.732386872079134e-24,1.7879436210566354e-24,4.855698279914951e-24,0.14578290132525717,4.1173238080127253e-23
10,0.019251124617291122,0.0017300671002375007,0.0012975503251781257,0.009795298473281987,0.11641035404652843,0.027891158011922226,0.0011044092357334258,0.0016011363679813906,1.445965848338969e-23,2.7512873573558703e-23,9.260658802601955e-24,1.8799530214395986e-24,5.123356781051912e-24,0.14700705766216549,4.377684217865217e-23
11,0.019127646671542868,0.0017390005292102217,0.0013042503969076665,0.010008951573055626,0.11732552776576008,0.028090732064853165,0.0010684445956041083,0.0015348916747083938,1.5894800681592298e-23,2.8871918474324714e-23,9.709505090475208e-24,1.9889906922193155e-24,5.3304397045304606e-24,0.14801959610092574,4.5900853961549703e-23
12,0.019295129175869237,0.0017479855175677377,0.0013109891381758035,0.009989039306489807,0.11810632033430744,0.028401975784384262,0.0011236922423833386,0.0016209994743659121,1.6715914552598657e-23,3.0716021621026734e-23,1.027356332185199e-23,2.0889566514245565e-24,5.610348108953711e-24,0.14925298783544094,4.8688889703256997e-23
13,0.019170030018923173,0.0017570223926166417,0.0013177667944624814,0.010211390379960852,0.11901148147209359,0.028620884955415565,0.001088278091298446,0.0015569886448689612,1.8563163193992924e-23,3.2251219663809935e-23,1.0781910527916292e-23,2.2115810261382402e-24,5.8425041130008306e-24,0.15027763316367657,5.1087215330865304e-23
14,0.019339919676471706,0.0017661114839226486,0.0013245836129419867,0.01018976809363553,0.1198125793742087,0.028929980017329018,0.00114458664185244,0.001643416105555083,1.9429025548438455e-23,3.4125248173583095e-23,1.1343630606798454e-23,2.3093208714156384e-24,6.11456405914069e-24,0.15153056213894522,5.389276371093788e-23
15,0.019212748570616448,0.001775253123327364,0.0013314398424955232,0.010419521424243454,0.12071368040360664,0.02916538595248786,0.0011085520936014671,0.0015800493945750224,2.165290168786492e-23,3.589750598707651e-23,1.1921584422536494e-23,2.4498208572119768e-24,6.375853749177027e-24,0.15256766784427098,5.664476501600201e-23
16,0.019359567912299553,0.001784447644965248,0.0013383357337239364,0.010407973102362928,0.12167849238390062,0.02934646572099044,0.0011580340524920936,0.0016384084736434793,2.3971567556256587e-23,3.813445245670992e-23,1.2647555313557422e-23,2.5629167115799634e-24,6.735152779296836e-24,0.15382140063102662,6.008007726114415e-23
17,0.019223735882198074,0.0017936953852806796,0.00134527153896051,0.01068630136772956,0.12235716896044023,0.029760816855073376,0.0011277453141901295,0.0016031701232895503,2.666408607477999e-23,3.983669301833863e-23,1.3171095727830498e-23,2.7214328887619327e-24,6.947648504935165e-24,0.15484890125299328,6.267687013986623e-23
18,0.01943043616395818,0.0018029966830451622,0.0013522475122838718,0.010607258317789744,0.12328039929317448,0.030025639004519804,0.0011869707034194506,0.0016898440610179277,2.6190013115857084e-23,4.15857487388739e-23,1.3626450617491432e-23,2.7846028003986917e-24,7.154620090649466e-24,0.15618285306213167,6.515142224741348e-23
19,0.019298505620569912,0.0018123518793746924,0.0013592639095310196,0.010854242623562597,0.12416376289018924,0.03030175259144118,0.0011498290221092049,0.0016286738064250925,2.9379037038195716e-23,4.3891367776947716e-23,1.435712367656474e-23,2.9655616872012765e-24,7.477541770251846e-24,0.1572440183101647,6.869159491096558e-23
20,0.019458513199905273,0.0018217613177472106,0.0013663209883104082,0.01083311688673418,0.12513427828513776,0.03051280151328375,0.0012032818362721568,0.001695065040805241,3.226039008369442e-23,4.6688531229516095e-23,1.521945681341406e-23,3.1056653503103198e-24,7.890599221695979e-24,0.1585454266754989,7.290425261493645e-23
21,0.019322927747184828,0.0018312253440202484,0.0013734190080151865,0.011112773851334327,0.12586357332590412,0.03091867849294797,0.0011701420018853262,0.0016539926670484232,3.514862152180988e-23,4.8215306999173184e-23,1.5658184183779958e-23,3.2515667250338896e-24,8.043961132902656e-24,0.15960638648778583,7.516901904088968e-23
22,0.019518205776259356,0.001840744306448687,0.0013805582298365155,0.011052575663436127,0.12680912261468136,0.03118625220482963,0.0012304344416763707,0.0017379834629477125,3.5517599540095547e-23,4.9592241710359793e-23,1.5997193050296505e-23,3.2825536085916218e-24,8.180298779100508e-24,0.16096379272413505,7.705228714834842e-23
23,0.019383121706942726,0.0018503185557026604,0.0013877389167769956,0.0113155803913499,0.12769035614916485,0.031489263158566996,0.0011909230969527978,0.0016785111807416848,3.9631817352230674e-23,5.225094906309147e-23,1.6798664266650955e-23,3.4954218821482055e-24,8.516890307392407e-24,0.16204905358542634,8.106192551928304e-23
24,0.019569879953361836,0.0018599484448856274,0.001394961333664221,0.011257746129378519,0.12875527301055664,0.03166704503607238,0.0012459711023610394,0.0017484620719795346,4.247581482395374e-23,5.555430910366335e-23,1.7743062589345074e-23,3.654876240160182e-24,8.952616098182647e-24,0.16341675122096957,8.590486403135124e-23
25,0.019439111621000954,0.0018696343295525313,0.001402225747164399,0.011520112516121443,0.12965237206140087,0.03197248082023496,0.0012059490516928497,0.0016901780514148675,4.629845131427593e-23,5.76400405552781e-23,1.8326026792718815e-23,3.832701265007276e-24,9.166397359858136e-24,0.16452097998474355,8.896516597286232e-23
26,0.019628441037498123,0.0018793765677281636,0.001409532425796123,0.011459895278392591,0.1307411210513733,0.03214699910501448,0.001261666642128129,0.0017609506121163208,4.9628845289040436e-23,6.128846454658146e-23,1.9346297119536482e-23,4.0080675817604736e-24,9.629464986948472e-24,0.16591073741063223,9.427229423482689e-23
27,0.019498980904928766,0.0018891755199256463,0.001416881639944235,0.011723142825779468,0.1316627204643766,0.03244813026729791,0.0012209187396421298,0.0017011516756171403,5.436851913710194e-23,6.388436343145102e-23,2.0064626969108144e-23,4.219580633547424e-24,9.90078607818833e-24,0.16703292114693377,9.806935711229491e-23
28,0.01968758881704312,0.0018990315491650641,0.0014242736618737984,0.011665254158634493,0.13277151371732032,0.03262066609580938,0.0012770945419624546,0.00177196599281899,5.893383112296561e-23,6.828090757238843e-23,2.1285722772410323e-23,4.437646601528406e-24,1.0450866416190199e-23,0.16844124034791116,1.0445514336251737e-22
29,0.019559598432294444,0.0019089450209922455,0.0014317087657441845,0.011930155088251003,0.13371151865933267,0.03292243366033777,0.001235900802272126,0.001711550445079646,6.453473428677741e-23,7.120342921213808e-23,2.2070762891640837e-23,4.670911216215208e-24,1.0742965025024714e-23,0.16958140356702223,1.0868806834501883e-22
30,0.019747512607184006,0.0019189163034977208,0.0014391872276232909,0.011874473782236649,0.13484157051109114,0.03309226137120133,0.0012925018723182174,0.0017822952495567266,7.088737037471328e-23,7.662620224135365e-23,2.356862483816359e-23,4.948176037467948e-24,1.1413586293176704e-23,0.1710086290041674,1.165565894101619e-22
31,0.019621069333464317,0.0019289457673357729,0.00144670932550183,0.012141050372950378,0.1358000289591775,0.03339479478800242,0.0012509026636159412,0.001721361182754949,7.76332928384324e-23,7.99648436098406e-23,2.4437027105322904e-23,5.2089309646413565e-24,1.1732302946259232e-23,0.1721670875935508,1.2134310462606407e-22
32,0.01980819133503421,0.0019390337857437016,0.0014542753393077766,0.012087704319078041,0.13695200552299522,0.03356153007699508,0.0013078958390481735,0.0017919515328026563,8.661468373745554e-23,8.681726647880548e-23,2.6320008152896536e-23,5.5694072946020956e-24,1.257069629047033e-23,0.17361338297184115,1.3127737821677444e-22
33,0.019683400634622428,0.0019491807345612116,0.001461885550920909,0.012355847837817971,0.13792963121798182,0.03386446076765518,0.001265918482106432,0.0017305289824986873,9.499598507246701e-23,9.073372519572242e-23,2.7306096989661025e-23,5.8679686059296576e-24,1.2929475360534787e-23,0.17479053945024212,1.368372661518479e-22
34,0.01986960801257019,0.0019593869922499563,0.0014695402441874674,0.012305002066661514,0.1391041623635012,0.03402773902707414,0.001323266506783348,0.0018008777175342184,1.079525235058625e-22,9.961835935105814e-23,2.973379415488889e-23,6.347434905912831e-24,1.4004533385316363e-23,0.17625604561489291,1.4970412179717623e-22
35,0.019746589333653433,0.0019696529399132736,0.0014772397049349552,0.012574573018365466,0.14010180060451516,0.03433059556508277,0.0012809412816302426,0.0017389937673709674,1.1880371061325717e-22,1.0439094522467038e-22,3.089898569180185e-23,6.701463866730093e-24,1.442805663817852e-23,0.17745233121859913,1.5641945142138084e-22
36,0.019931742065253444,0.0019799789613160093,0.001484984220987007,0.012526411528413012,0.14129954411947235,0.03449002790390733,0.001338601160676637,0.0018090056301677143,1.3800311640544497e-22,1.1625372770455658e-22,3.4118759584958034e-23,7.356008946095975e-24,1.584578186573933e-23,0.17893717881422405,1.7357427810134992e-22
37,0.019810627974046934,0.001990365442904572,0.001492774082178429,0.012797250697303027,0.14231811185456908,0.03479227887262423,0.0012959640987478824,0.0017466937591854297,1.5281226993621585e-22,1.2237420898513773e-22,3.557354652373408e-23,7.796491215198383e-24,1.6378935474719143e-23,0.18015304858512662,1.821231821987893e-22
38,0.019994567070366894,0.002000812773827112,0.0015006095803703336,0.012751976446747621,0.14353976464868212,0.03494744365676908,0.0013538860712956683,0.0018162636593546675,1.8229594478799867e-22,1.3878093829421884e-22,3.998948527814001e-23,8.718883784373581e-24,1.8311416333630178e-23,0.18165735803610153,2.058007236903626e-22
39,0.01987550478548118,0.002011321345953865,0.0015084910094653983,0.013023903880084122,0.14458025081619993,0.03524849623191187,0.0013109798326230895,0.001753564845190485,2.0388971606000233e-22,1.471606074915779e-22,4.1940200241637965e-23,9.302773348548667e-24,1.9038440487560624e-23,0.18289329172592536,2.174420215693252e-22
40,0.020058049734979527,0.0020218915538976925,0.0015164186654232693,0.012981742100791387,0.14582654799070627,0.0353989392718827,0.0013691064717017728,0.0018225776735071757,2.5135698840295423e-22,1.7086744822843733e-22,4.825346553741222e-23,1.0656212504322081e-23,2.1782539480057176e-23,0.18441717140779793,2.515596657502288e-22
41,0.01994120328513447,0.0020325237950347213,0.0015243928462760408,0.013254554173159112,0.14689002383785138,0.03569812957057524,0.001325981709827627,0.0017595421610415154,2.8552599908876236e-22,1.8330007781083696e-22,5.110625305102427e-23,1.1494651992545632e-23,2.2869520408194056e-23,0.18567367727929576,2.6877050326260095e-22
42,0.02012214896753711,0.0020432184695252146,0.0015324138521439108,0.013215756445655449,0.14816173540080507,0.03584336654109696,0.0013842463435666849,0.0018278709100112108,3.6686469498650607e-22,2.1952591338689986e-22,6.062313527132414e-23,1.3587959019411896e-23,2.6975051478527705e-23,0.18721721919547993,3.207120591561636e-22
43,0.020007701594159526,0.002053975980334581,0.0015404819852509353,0.013489223232869168,0.1492493614589812,0.0361399520203629,0.0013409632162412015,0.0017645603278590848,4.265758491129473e-22,2.398101089886689e-22,6.52322319383697e-23,1.4914230019892215e-23,2.877102818940806e-23,0.1884948370234444,3.4872759913633894e-22
44,0.020186815119040667,0.0020647967332545506,0.0015485975499409128,0.013454069734903859,0.15054730406376352,0.036279458507151814,0.001399288643208625,0.001832065133049864,5.778534310170986e-22,2.993325400151745e-22,8.059940121163292e-23,1.8384521271934741e-23,3.534492039964108e-23,0.19005811634717384,4.336613828983832e-22
45,0.020074971929665134,0.0020756811369245583,0.0015567608526934184,0.013727933979908919,0.1516603248024746,0.03657262008001809,0.0013559183878936007,0.0017685549303472453,6.953216708300559e-22,3.362473524464861e-22,8.891237838727292e-23,2.0732921177368393e-23,3.8643402322068145e-23,0.19135741820073357,4.8453605433319555e-22
46,0.020251988546764698,0.0020866296028532296,0.0015649722021399217,0.013696739224339267,0.1529853563314619,0.03670583536467064,0.0014142149226853062,0.0018350817364226337,1.0081467680920982e-21,4.437128205723777e-22,1.1604400065675399e-22,2.703480263683191e-23,5.0141507652670615e-23,0.1929404883552405,6.369331315186342e-22
47,0.020142980484408445,0.0020976425454401096,0.0015732319090800819,0.013970710052867867,0.15412512382793142,0.03699465643307549,0.0013708421076322878,0.0017714637090940888,1.2734353113438422e-21,5.197214422059065e-22,1.3294022707906015e-22,3.175989930024103e-23,5.692097167375591e-23,0.1942620860777333,7.413425402589638e-22
48,0.020317598564990495,0.002108720381997535,0.001581540286498151,0.013943830688778669,0.15547812950179932,0.03712099413426748,0.0014290050496286334,0.0018368428102579974,2.0121140916704393e-21,7.384555295100131e-22,1.86604034986596e-22,4.4621281274785975e-23,7.942470423720839e-23,0.19586497149595347,1.0491055500086034e-21
49,0.02021168632682902,0.002119863532772678,0.0015898976495795083,0.014217581817541519,0.15664609610505748,0.03740446345404631,0.0013857298611879025,0.0017732284922625876,2.7113848836501604e-21,9.179704250767903e-22,2.2566712662462106e-22,5.557024752955246e-23,9.515525932571144e-23,0.19720951791255428,1.2943630585566751e-21
50,0.020383562136049024,0.002131072420969814,0.0015983043157273603,0.014195421867260577,0.15802799613727872,0.03752330498365718,0.0014436367329508989,0.0018372724057988165,4.749126358167528e-21,1.4325796451895278e-21,3.4741753110235226e-22,8.581818159023485e-23,1.4561013618893716e-22,0.1988322102596856,2.011425494071052e-21
51,0.02028104156092911,0.0021423474727726853,0.0016067606045795135,0.014468587250712046,0.1592257169276776,0.03780031120001259,0.0014005783051555505,0.0017737986442337532,6.916096162454725e-21,1.9236698532651586e-21,4.508484320094329e-22,1.152931673297596e-22,1.871325189814089e-22,0.20020040507707948,2.6769439715857596e-21
52,0.02044978229856276,0.002153689117367128,0.001615266838025346,0.01445161066405506,0.1606374334572664,0.03791103172704118,0.001458084957546853,0.001836300577685392,1.3541743868484249e-20,3.3451667703422643e-21,7.724361175113573e-22,1.9858050755534574e-22,3.1865555633934456e-22,0.2018428507195398,4.634838951748312e-21
53,0.02035099066453348,0.002165097786963845,0.0016238233402228834,0.014723779926741015,0.1618665625876979,0.038180362718458,0.0014153848234042317,0.0017731343248136111,2.137198179840051e-20,4.901422357676465e-21,1.0858624086232453e-21,2.906571616646335e-22,4.434331001006491e-22,0.20323544445437375,6.721375028064995e-21
54,0.020516146681102538,0.0021765739168213578,0.0016324304376160181,0.014712521425133058,0.16330900459920805,0.03828234333871016,0.0014723208193004763,0.0018338658138125426,4.645178432416568e-20,9.50029871598995e-21,2.0728237896651155e-21,5.5860768558846715e-22,8.4128590545108805e-22,0.20489753457103121,1.2973016096694618e-20
55,0.020421470648352136,0.002188117945269189,0.0016410884589518916,0.01498323692277412,0.16457126824741652,0.03854270357826549,0.0014301474766338271,0.0017712125167564355,7.866892050164178e-20,1.5137169495305078e-20,3.146969196029755e-21,8.876165262313768e-22,1.2637740214548078e-21,0.20631533181907227,2.0435529239021016e-20
56,0.020582525821402027,0.0021997303137311543,0.0016497977352983653,0.014978319659545023,0.1660452772851884,0.03863537562849426,0.001486309842018265,0.0018299212045498627,1.859102362433982e-19,3.219075158984042e-20,6.5970272118465445e-21,1.8738684893490905e-21,2.6331395922213017e-21,0.20799688396025076,4.329478688325735e-20
57,0.02049241128043043,0.0022114114667489185,0.0016585586000616888,0.015247073043308712,0.16734243319741793,0.03888541412797159,0.001444864357421941,0.0017680350337903796,3.321031657763325e-19,5.496291202609893e-20,1.0671903847057849e-20,3.1853120760989355e-21,4.21279714942102e-21,0.20944074671660182,7.303292509867673e-20
58,0.02064877139208794,0.0022231618520057103,0.0016673713890042827,0.015249234204878675,0.16884867924733987,0.038968344829787414,0.0015000095735338134,0.0018244435801323812,8.317170871954521e-19,1.2513187042850033e-19,2.399840900143029e-20,7.207970727972102e-21,9.41694455208109e-21,0.2111414772307935,1.657551947099838e-19
59,0.020563735776813738,0.002234981920350232,0.0016762364402626735,0.015515463417969676,0.17018244745599215,0.03920670721968628,0.0014595319119821216,0.0017636391010422633,1.5411272285547918e-18,2.248663640982366e-19,4.068460745337324e-20,1.2874878539391822e-20,1.578288235484774e-20,0.21261232568870275,2.9420873244584946e-19
60,0.02071471508547719,0.002246872125820756,0.0016851540943655676,0.015525579936761666,0.17172132410625246,0.039279689624856395,0.0015133653112912797,0.001817441562764774,3.99729670156907e-18,5.348790812726539e-19,9.58288595707763e-20,3.0475782967965506e-20,3.6958794550528153e-20,0.2143318206051649,6.981425183619237e-19
61,0.020635363139854607,0.002258832925669466,0.0016941246942521004,0.015788672513803073,0.17309323164639662,0.039505140278668534,0.001474142762597521,0.0017581129515584304,7.590470901757817e-18,9.96431072298935e-19,1.6790211146816397e-19,5.634895207866172e-20,6.399640377928205e-20,0.21583062763922106,1.2846785396250426e-18
62,0.020780167629501276,0.002270864780386901,0.0017031485852901783,0.015807807483746893,0.1746645974378556,0.039568411871830446,0.0015263040485986046,0.0018089736213764782,2.00371343689986e-17,2.4281875308941156e-18,4.061632067659882e-19,1.3679555407857818e-19,1.5393350582658512e-19,0.21756828697966116,3.1250797975652672e-18
63,0.02070721145427671,0.002282968153726697,0.0017122261152950282,0.016067107032319117,0.17607573665185397,0.039780030815397244,0.0014886804679107046,0.0017516159051720554,3.872746703025271e-17,4.641515882107786e-18,7.287440292435486e-19,2.5920301471354155e-19,2.728734785461611e-19,0.21909606384033398,5.9023364046110384e-18
64,0.02084492012093777,0.002295143512730469,0.0017213576345478676,0.01609656426463443,0.17767856531227605,0.03983457630700171,0.0015387242702281597,0.0017991658402177336,1.0277590441486755e-16,1.142319555524336e-17,1.784064826992265e-18,6.360964064575298e-19,6.643358224309481e-19,0.22085103172972367,1.4507692611124102e-17
65,0.020779207196404356,0.0023073913277529283,0.0017305434958147258,0.016351374947931624,0.17912925400362106,0.040032043937726115,0.00150311140259125,0.0017444005703823,2.0169835725997746e-16,2.2286387197803236e-17,3.2634325958339415e-18,1.2289008431514215e-18,1.2003581368874263e-18,0.2224088099143207,2.7979078773676027e-17
66,0.02090875007313318,0.0023197120724871676,0.001739784054365457,0.016392771586494805,0.18076109900705084,0.04008006344891733,0.0015504798948358313,0.0017882295726849842,5.334200691688039e-16,5.4880000820429896e-17,8.005040420142798e-18,3.0197961407332577e-18,2.928385722269715e-18,0.22417987192348895,6.883322310357566e-17
67,0.020851304321793423,0.0023321062239902344,0.0017490796679928353,0.016642370187035516,0.1822502948486229,0.04026415929135272,0.0015173702776016173,0.001736836654742278,1.062770562599751e-15,1.0920722551533073e-16,1.4933004252019104e-17,5.946230209764561e-18,5.395332858720877e-18,0.2257686610723195,1.3548179283583528e-16
68,0.020971438090931282,0.0023445742627086043,0.0017584306970318767,0.0166977006380972,0.18390671841968412,0.04030959849594823,0.0015613482275749768,0.0017764555981848432,2.777332064579801e-15,2.6772602152371086e-16,3.647800093006654e-17,1.4555577234126306e-17,1.3107949008603408e-17,0.22755412074139214,3.318675486965071e-16
69,0.020923542194606147,0.0023571166725045913,0.001767837504379285,0.016941242042864613,0.1854317424140465,0.04048249471742584,0.0015313235266588452,0.0017293737218357945,5.6093497428845776e-15,5.439480168438802e-16,6.957306062262223e-17,2.9255094866539e-17,2.4692852913031933e-17,0.229174934379967,6.674690252460734e-16
70,0.021032805044603097,0.002369733940681176,0.0017773004555130568,0.017012927395717147,0.18710580776723948,0.040531583957154886,0.001570944058744026,0.0017641004655274805,1.433243798312248e-14,1.3228155156510014e-15,1.68347659536138e-16,7.106431342282384e-17,5.941683279806937e-17,0.23097243624866587,1.621644321408033e-15
71,0.02099621621560901,0.0023824265580105375,0.0017868199185122786,0.017248993020485204,0.18866313186562908,0.04069642950332611,0.0015446424647167067,0.0017223289335550158,2.921431896402942e-14,2.7374411407315714e-15,3.2822781084477957e-16,1.4551795003401405e-16,1.144546914916475e-16,0.23262653276722692,3.3256415931020127e-15
72,0.02109277024485019,0.0023951950187548502,0.0017963962640770137,0.017339815519676866,0.19034582302883868,0.0407577044425809,0.001578378401088365,0.001750862618847965,7.211646922128504e-14,6.573343453099602e-15,7.814750719824296e-16,3.489993235795031e-16,2.70882704805374e-16,0.23443276849135594,7.974700553466909e-15
73,0.021070733619753576,0.0024080398207019117,0.0018060298655484415,0.017563194366087147,0.1919410161180801,0.04091218182204838,0.0015559301915355542,0.0017144584043290482,1.47381603514034e-13,1.3686005085124915e-14,1.5423870519431805e-15,7.196611432693932e-16,5.285415085201228e-16,0.23612358653599308,1.647659478885761e-14
74,0.021151269572966064,0.0024209614651693437,0.0018157210989290541,0.017676694052331514,0.19361913052605723,0.04100012398205837,0.0015799446959690777,0.00173283408079707,3.4737262564307074e-13,3.2351899281869444e-14,3.595963654506552e-15,1.697545630762994e-15,1.2240841350705043e-15,0.2379320332848818,3.8869492702209494e-14
75,0.021160652873061972,0.002433960457063919,0.0018254703429031807,0.017844474273708003,0.19535124867293369,0.041086717538061,0.0015546091032468757,0.0016909703279566163,7.062963107769183e-13,6.450600567076237e-14,6.867925988122293e-15,3.3620713286101746e-15,2.314305515221119e-15,0.23968354564219815,7.705030850271597e-14
76,0.021203630377158483,0.002447037304834842,0.001835277978857276,0.018037794157058366,0.19684938948575675,0.04132231500767337,0.001573544736048225,0.0017096461820724777,1.5538099666041111e-12,1.5197004382005765e-13,1.577892042907516e-14,7.875268888283713e-15,5.272879591402269e-15,0.24145489541155082,1.808971127288188e-13
77,0.02123028185972304,0.002460192520564456,0.0018451443909009298,0.018254091372562394,0.19833333037975515,0.041579484342985716,0.0015855411283725656,0.001720685319850932,3.2230697489140352e-12,3.388347533263957e-13,3.4076674653791224e-14,1.7428451178939108e-14,1.1282275099553405e-14,0.2432190411709644,4.016221542586794e-13
78,0.021260539695871893,0.00247342661988049,0.0018550699658872638,0.01847315956275474,0.19981226430167123,0.04184707345131982,0.0016008656163636397,0.0017361033270810833,6.61632501922474e-12,7.515488952411757e-13,7.34071304243515e-14,3.8372740366169066e-14,2.4085467398796116e-14,0.24499630669643577,8.874142334304924e-13
79,0.02129086588773939,0.0024867401219799824,0.0018650550934339045,0.018695241144567634,0.2013009321844062,0.04211626615215836,0.0016162577142465244,0.0017515726331771419,1.3247860835842153e-11,1.6211511706173254e-12,1.5385465855655505e-13,8.215821868889199e-14,5.0028171358322046e-14,0.24678502868398827,1.9071922192210946e-12
80,0.021321601268473787,0.0025001335495226655,0.0018751001659434105,0.018920062203690052,0.2027993933829646,0.04238696195108404,0.0016319123239621344,0.0017673232572377052,2.5935304936659543e-11,3.410242522155344e-12,3.1465753782405864e-13,1.7153841036151864e-13,1.014029461157224e-13,0.24858559091524846,3.997841416456644e-12
81,0.021352693096869404,0.0025136074284969044,0.001885205578623545,0.01914768832481993,0.20430781351382088,0.0426590972674748,0.0016477923170354482,0.0017833066112850969,4.9652821508105945e-11,6.9983731992094104e-12,6.281284128690864e-13,3.4939063398432387e-13,2.006274173936903e-13,0.2503980097096163,8.176519663456511e-12
82,0.02138411624058777,0.002527162287971656,0.0018953717295066932,0.01937817785076717,0.2058262704996294,0.04293266080968421,0.001663882729769574,0.00179950326184308,9.298412833590709e-11,1.4016558575147067e-11,1.2243473548200012e-12,6.945223375322336e-13,3.8761187828481643e-13,0.2522223173009262,1.6323040145784116e-11
83,0.021415854779663287,0.002540798659703764,0.001905599019468102,0.019611586854404905,0.20735481854947452,0.04320765357395383,0.0016801763079530622,0.001815903686653069,1.7035001959019125e-10,2.7406271677003353e-11,2.330898384096993e-12,1.347788033554595e-12,7.314556326288935e-13,0.25405855211803446,3.1816413727283836e-11
84,0.02144789989910107,0.002554517077544502,0.0019158878522420855,0.019847966747678084,0.20889350867147222,0.043484075254022383,0.0016966708014733924,0.0018325043839777196,3.053171343892975e-10,5.232387876697568e-11,4.3348037760464855e-12,2.5538686278312566e-12,1.3484304818429506e-12,0.25590675911094574,6.056098165269639e-11
85,0.021480247864192187,0.002568318076588853,0.0019262386344352856,0.02008736456065165,0.2104423853978107,0.043761931308612674,0.0017133655621883888,0.0018493039942450596,5.353067769160049e-10,9.75487138450148e-11,7.875225864907496e-12,4.725543558478072e-12,2.4285080348767104e-12,0.2577669862628568,1.1257799130327708e-10
86,0.02151289679328942,0.0025822021920116414,0.0019366517755358206,0.020329826461174094,0.2120015042751026,0.04404121442087909,0.0017302628725217263,0.0018663042289741017,9.180283579119512e-10,1.7759521443875924e-10,1.3976927365791004e-11,8.538911184461976e-12,4.272964046665958e-12,0.25963928579747747,2.0438401703567814e-10
87,0.021545847132547733,0.0025961699575143826,0.0019471276879166448,0.02057539660622012,0.21357091755678898,0.04432192049729284,0.0017473654250004282,0.001883507370832998,1.5400758439337248e-09,3.157996215429092e-10,2.4237636438942533e-11,1.507087191257157e-11,7.346373047793438e-12,0.26152371084991527,3.6245450294221667e-10
88,0.021579099993609734,0.0026102219031920583,0.0019576667868304426,0.02082411927757891,0.21515068529232115,0.044604036634109105,0.00176467750514187,0.0019009173101805722,2.528738953942024e-09,5.488488088864729e-10,4.1094320595324714e-11,2.599889764359825e-11,1.2349640938440373e-11,0.2634203167417527,6.282916680638363e-10
89,0.021612657456825918,0.0026243585522343574,0.0019682694903893354,0.021076038267020068,0.21674086384424693,0.04488755378365558,0.0017822030830111021,0.0019185376171650566,4.0701779865172975e-09,9.338322336742092e-10,6.823295117157366e-11,4.391086855782239e-11,2.033206241804594e-11,0.26532915832807863,1.0663081158216513e-09
90,0.021646521401864315,0.0026385804148231743,0.001978936219511979,0.021331198647789925,0.21834151906909716,0.045172451425231304,0.0017999479991184176,0.001936373712924556,6.442740068704645e-09,1.5606249417927192e-09,1.113165912256428e-10,7.285074623368729e-11,3.289174977193242e-11,0.2672502922063715,1.7776840290239816e-09
91,0.02168069429946105,0.0026528879751067237,0.0019896673977933105,0.021589645651035213,0.2199527141700861,0.04545871071431787,0.0018179182153291004,0.0019544311772374283,1.0087545607989167e-08,2.5768126365088876e-09,1.7947924446837214e-10,1.1942292038787948e-10,5.259034174501811e-11,0.2691837742769705,2.928305143110157e-09
92,0.02171517822629029,0.0026672816613563426,0.0020004634511844844,0.021851426401092233,0.22157452068517944,0.04574630175540722,0.0018361215139935836,0.0019727173533835513,1.5769703779752213e-08,4.243311686189032e-09,2.8869129847517274e-10,1.9526361364915324e-10,8.389081367092391e-11,0.2711296613079638,4.811157411984283e-09
93,0.02174997557927063,0.0026817617745364705,0.0020113248071918317,0.0221165894484447,0.22320700729816334,0.04603519407002721,0.0018545664636342566,0.0019912405776782056,2.496415990658389e-08,7.067954191209022e-09,4.698276729983152e-10,3.2297380023775564e-10,1.3540393297577985e-10,0.27308800840950304,7.996159597420871e-09
94,0.0217850886815181,0.002696328306547816,0.00202225189276879,0.022385187118668055,0.22485024372712967,0.04632534725056766,0.0018732646498761528,0.0020100124953310585,4.0838731584503056e-08,1.2151455163022251e-08,7.893988712973379e-10,5.514495583128234e-10,2.2564316894017413e-10,0.27505886812290453,1.3717946761572586e-08
95,0.021820521985398772,0.0027109804329817637,0.0020332451282758057,0.022657276611669133,0.22650426065500606,0.04661674068378322,0.0018922297959797385,0.0020290486719993905,7.10020396685046e-08,2.2173961584412514e-08,1.4080807017806698e-09,9.99470684144674e-10,3.9921295831048677e-10,0.27704227980676843,2.498072592864835e-08
96,0.021856285314453064,0.0027257149226518835,0.0020443049081073157,0.02293292956216001,0.22816898469550012,0.04690940231343931,0.0019114825329304653,0.0020483765392054305,1.3613517653361842e-07,4.4559573153469164e-08,2.766413923556676e-09,1.995073118608058e-09,7.779666682017827e-10,0.27903824608107536,5.009902686383568e-08
97,0.021892382649382137,0.002740529335956351,0.0020554316313779624,0.023212222366870584,0.22984445478138707,0.04720325263990448,0.0019310535320076119,0.0020680306526905507,2.529770199542582e-07,8.66521085823426e-08,5.260233645328074e-09,3.854115881521248e-09,1.467330126219057e-09,0.2810467916059897,9.723378823541096e-08
98,0.021928932653575442,0.0027553832138129436,0.0020666252414465913,0.023495398711641205,0.23152854579077092,0.04749955506142352,0.001951008950632576,0.002088169575001673,6.444453851086123e-07,2.306217706195288e-07,1.3690393571683336e-08,1.0190726677910915e-08,3.7881472281082585e-09,0.28306727937782866,2.582910380972313e-07
99,0.021966400239330462,0.002770117051931465,0.00207788412811278,0.02378327052132429,0.2332126715767155,0.047803358880443736,0.001971587265714652,0.00210939979645883,2.1841149433452147e-06,8.152189838430217e-07,4.7326284940639274e-08,3.5790236979700615e-08,1.2989948501710918e-08,0.2850970175193327,9.113254542650725e-07
100,0.022007758421643844,0.0027838706233259385,0.0020891973322838117,0.024079253706911594,0.23484208542653495,0.048150797456697786,0.0019929140625042654,0.0021339793598627887,9.586892718097251e-06,3.7257179705879844e-06,2.1152106870975796e-07,1.6252045825508505e-07,5.759081118902877e-08,0.2871197763055998,4.157350308741857e-06
101,0.022071959551982295,0.0027911661485066856,0.0021004900920333475,0.024405643242871138,0.2360702989535969,0.04876699121093705,0.002016695601406026,0.002177360861244397,5.3095296500834375e-05,2.144722233209442e-05,1.190661135296783e-06,9.296114498825588e-07,3.2155813769652223e-07,0.2890313466271843,2.388905305497028e-05
102,0.022305819402438278,0.002752649246528941,0.002111186935949591,0.024930587228312453,0.23430766708617712,0.05131682052923063,0.0020574401623406507,0.002361257428947471,0.0003574635763547924,0.0001499691562082389,8.134979380287326e-06,6.459889388294405e-06,2.178267426721676e-06,0.29004318520669586,0.0001667422924035423
103,0.024171260375638146,0.0024374178865841445,0.002116656342597749,0.026913304285569005,0.20996344727579141,0.06776123143474877,0.002216794113722492,0.0038494752185353914,0.002556445044036443,0.0011583887659966118,6.0921480803959656e-05,4.961287784011907e-05,1.6118316117879263e-05,0.28379094804279803,0.0012850414407585698
104,0.03016067659098785,0.002028601879129651,0.0021140913891633966,0.030082764925724384,0.16451419344809107,0.09292061353069417,0.002488944255515843,0.007938937741286059,0.006441552876937684,0.0034698003065382157,0.00017658532431159,0.00014786519370540613,4.6079086630091776e-05,0.2678626889755872,0.0038403299111853034
105,0.03143001919905999,0.0020001679403696764,0.002123390632596386,0.030678898745610705,0.16012493398994207,0.09580310216418572,0.0025532460894020937,0.008706024260615437,0.0069474780155889355,0.0038676592478002043,0.00019187630896575302,0.00016371995520411543,4.96252787325581e-05,0.26718730650414535,0.004272880790702631
106,0.03247953582063556,0.001983805777988192,0.002133302414234079,0.03118085967444032,0.1572879993504521,0.09792258388325266,0.0026125113828990507,0.009337300537399777,0.0073288389112926575,0.004180850542604825,0.00020213397017633273,0.00017577928193599922,5.1822665907355536e-05,0.26716039515400364,0.0046105864606245115
107,0.03353185981625023,0.001970303437285796,0.002143387414510768,0.0316545608252817,0.1547567449744093,0.09985398479906432,0.0026697252825778283,0.009956975712537081,0.007685325256529469,0.004478790731978368,0.00021098514661741345,0.00018702450130301724,5.362237681424997e-05,0.2672374307685885,0.004930422756713049
108,0.034589613073637684,0.0019590953970617074,0.002153634204964897,0.03210438463470543,0.15246883868961983,0.10163956136349457,0.002724557005127481,0.010565850305068226,0.008021458110402054,0.004763258759232637,0.00021858377116968709,0.00019754314099665037,5.507276586642372e-05,0.26739880736331006,0.005234458437265398
109,0.03565573481709379,0.001949746767530617,0.0021640317213690134,0.03253419634933724,0.15037386098328595,0.10331120428484124,0.002776943454908214,0.011165676747302691,0.008340955185578853,0.005035997216308594,0.00022507135599103415,0.00020741911275848552,5.62175374772144e-05,0.2676276854703381,0.005524705222535328
110,0.03673295951360823,0.0019419294881238833,0.00217457063986449,0.032947118897025895,0.14843099855011913,0.10489431725610847,0.002826788790117136,0.011758005522498234,0.008646726914350016,0.005298477283942692,0.00023056743465204457,0.0002167231246656795,5.7093581920425275e-05,0.267910110118843,0.0058028614251808405
111,0.03782367737958601,0.0019353956637186843,0.0021852435423895147,0.033345594400264605,0.14660876190519517,0.10640802249155772,0.002874009095671144,0.012344030653510023,0.00894101768119301,0.005551869026097165,0.00023517051414619333,0.00022551190213733103,5.773150365956576e-05,0.268234824145934,0.006070282946040256
112,0.03892976884837009,0.0019299598630476355,0.00219604513777799,0.03373139287641046,0.1448853989074728,0.10786489395055973,0.0029185864561224284,0.012924394590124842,0.009225490908493568,0.005797002069002427,0.00023895871954881202,0.00023382707403142984,5.8156050878147605e-05,0.2685932739042798,0.0063279439134608165
113,0.040052656864669856,0.0019254821181872973,0.002206971918715338,0.03410573968456368,0.14324707368341344,0.10927221878720911,0.0029605775873351985,0.013499218718224426,0.009501363665289676,0.006034418878825678,0.00024199411380999435,0.00024169780739733397,5.83873913873025e-05,0.26897908877618215,0.0065764981914203085
114,0.04119348676459947,0.0019218535422511733,0.0022180215597678,0.034469491494008624,0.1416850517481737,0.11063391847224788,0.003000090758387773,0.014068272326311504,0.009769549688661474,0.006264471323251858,0.0002443281245517952,0.0002491450521152676,5.844257917083615e-05,0.2693873333051208,0.006816387079089757
115,0.04235329547972237,0.0019189863669033603,0.0022291924168358593,0.03482327737775153,0.1401934026954486,0.11195210060008413,0.003037258665573838,0.0146311369255444,0.010030766154887488,0.006487401458381998,0.000246005649814103,0.000256184992201153,5.833663604975801e-05,0.26981389888665097,0.007047928736447011
116,0.04353312356356698,0.0019168077547736763,0.0022404832184246774,0.035167586971407094,0.13876757961828104,0.11322800585963877,0.0030722189381544116,0.015187315061055794,0.010285599762421422,0.006703391387248717,0.000247067485034055,0.00026283114844294093,5.808319023771679e-05,0.27025511947713,0.007271373210963429
117,0.04473407711393271,0.001915256053564395,0.0022518929056531754,0.03550281867967315,0.1374036706539551,0.1144624959699168,0.0031051029757389885,0.015736288553133963,0.010534544256466416,0.0069125889644940895,0.00024755157258423885,0.0002690954589405468,5.769481348528823e-05,0.27070755815274483,0.0074869308095041635
118,0.04595735816917848,0.0019142784510662837,0.002263420560297411,0.03582930407199927,0.1360980499428925,0.11565627114130904,0.0031360306134701073,0.016277543979749304,0.010778021335078344,0.007115119144027847,0.0002474935969523813,0.00027498876336622493,5.718319346951699e-05,0.27116789567742094,0.0076947846978159705
119,0.04720427817054716,0.0019138294062110326,0.0022750653778119074,0.03614731967896639,0.1348472357597167,0.11680994876048896,0.0031651082006105063,0.016810580091735187,0.011016392695749992,0.007311087966369067,0.00024692726378386484,0.0002805209868552234,5.655922716180367e-05,0.27163287281255133,0.00789509544416996
120,0.048476263420913324,0.0019138695191118868,0.0022868266607394406,0.036457092597123736,0.13364784559502477,0.11792407826853847,0.0031924284678850594,0.017334906348415453,0.011249967518812177,0.007500583199689324,0.00024588444395474133,0.0002857011902567722,5.583308011292318e-05,0.2720992586798638,0.00808800191401376
121,0.049774857439697104,0.0019143646650432238,0.0022987038200221496,0.03675880321980063,0.13249659146748272,0.11899913050480959,0.003218071233993528,0.01785003764647693,0.011479007584412258,0.007683673683428817,0.00024439526914381835,0.00029053757039362177,5.5014232669794244e-05,0.27256383085276276,0.008273620755636051
122,0.05110172246987725,0.0019152853013345641,0.0023106963784396565,0.0370525866968423,0.13139028852425452,0.12003547953610318,0.003242104441842693,0.0183554878457579,0.011703731099357368,0.007860408330258091,0.00024248821601838028,0.0002950374485486773,5.4111521942242096e-05,0.2730233603479583,0.008452045516767391
123,0.05245864111640338,0.0019166058976101301,0.002322803973786733,0.037338533861824987,0.1303258652336626,0.12103338468489572,0.0032645852670240205,0.018850763328525144,0.011924315750790452,0.008030815188061808,0.00024019019268344617,0.00029920726273312335,5.313318266923308e-05,0.27347459851410755,0.00862334582614761
124,0.05384751851807163,0.0019183044598942804,0.0023350263610012953,0.03761669194686732,0.12930037080575155,0.12199297556290048,0.0032855611785967257,0.019335357130354787,0.012140901237172833,0.008194900702698349,0.00023752663083692282,0.0003030525688210356,5.2086887737593975e-05,0.2739142646776035,0.008787566790093902
125,0.05527038483112778,0.0019203621300642375,0.00234736341314087,0.03788706521450938,0.1283109788023536,0.12291424077509452,0.003305070907418592,0.019808743858393183,0.012353591405728148,0.008352649211424186,0.00023452158319834401,0.0003065780513057929,5.097978823656213e-05,0.27433903434325985,0.008944728634164885
126,0.05672939785595002,0.0019227628469927214,0.002359815121340758,0.03814961556574822,0.12735498727125255,0.12379702008216562,0.0033231453113827403,0.020270375450459805,0.012562456072942015,0.008504022658268887,0.0002311978247060921,0.0003097875429909701,4.98185527161979e-05,0.27474552811526076,0.009094826578682146
127,0.05822684548463759,0.0019254930587482813,0.0023723815939443844,0.03840426315949471,0.12642981618820817,0.12464099958453852,0.0033398081452954546,0.020719677783452607,0.012767532584692681,0.008648960517152722,0.00022757695604019312,0.0003126840527748593,4.8609405355478026e-05,0.2751303017014948,0.009237830931323252
128,0.05976514734955856,0.0019285414779783587,0.002385063054949626,0.03865088707912763,0.12553300305804138,0.12544570953603473,0.003355076752622174,0.021156048143051727,0.012968827167302976,0.008787379917630957,0.00022367950845611433,0.0003152698010687181,4.735816285595058e-05,0.27548983748975,0.00937368739001174
129,0.061346855489409484,0.0019318988720915767,0.0023978598418490826,0.038889326096709274,0.12466219744042552,0.12621052447637227,0.0033689626954235613,0.021578853561931406,0.013166316121953993,0.008919175982410191,0.0002195250493727879,0.0003175462629245037,4.607026998348361e-05,0.27582053817415275,0.009502317564690966
130,0.06297465316214013,0.0019355578832170109,0.00241077240287171,0.039119379599179625,0.12381515502807525,0.12693466557994273,0.0033814723437682347,0.021987430084875925,0.013359946918588533,0.009044222400482383,0.00021513228850006315,0.0003195142194638742,4.4750833755191315e-05,0.27611872303666213,0.009623619742201512
131,0.06465135145825562,0.0019395128713897342,0.002423801293564584,0.03934080875653284,0.12298973177976844,0.12761720520734365,0.003392607441091893,0.022381083019993947,0.013549639250269419,0.009162372273617894,0.00021051918449154633,0.00032117381864756733,4.3404656307821905e-05,0.2763806274481979,0.00973746993306483
132,0.06637988299432235,0.0019437597762138289,0.0024369471725936885,0.03955333802785368,0.1221838785053915,0.12825707380060458,0.003402365663276803,0.022759088274317413,0.013735286114240835,0.009273459286243693,0.00020570305217955859,0.00032252464678081324,4.203626649379578e-05,0.27660240624359034,0.009843723251697861
133,0.06816329205120178,0.0019482959924060135,0.002450210796600143,0.03975665711148841,0.12139563620688672,0.12885306934007693,0.003410741186522355,0.023120694880641557,0.013916754989775498,0.009377299256818052,0.00020070067031979186,0.00032356581231918733,4.064995021881199e-05,0.2767801416141275,0.009942215689675842
134,0.07000472050367092,0.0019531202550138217,0.0024635930139146355,0.03995042345352743,0.12062313241231026,0.1294038696443179,0.003417725277478653,0.02346512883256541,0.01409388918617133,0.009473692134079142,0.00019552838954306451,0.00032429604358786033,3.9249779485054204e-05,0.27690985616667224,0.01003276634669512
135,0.07190738891487673,0.001958232530474584,0.002477094756916388,0.04013426543086409,0.11986457868215948,0.12990804781866938,0.0034233069168899542,0.023791598341581222,0.014266509435203767,0.009562424501680235,0.00019020223983699176,0.00032471380187431496,3.783964002892632e-05,0.2769875317593,0.01011518018342047
136,0.07387457223805333,0.001963633910076625,0.0024907170328245403,0.04030778631958861,0.11911826941589394,0.1303640911440497,0.003427473465380469,0.024099300614226934,0.014434415800464517,0.00964327264920101,0.00018473803639818066,0.0003248174109964128,3.6423257351900485e-05,0.27700913463955107,0.010189251353947503
137,0.07590956969223789,0.001969326502782159,0.0025044609127317665,0.040470569145277475,0.11838258203748299,0.1307704236402392,0.003430211376863613,0.024387430216087542,0.014597389970320614,0.009716006255314774,0.000179151482128981,0.00032460520386206183,3.5004220843777855e-05,0.2769706472706733,0.010254767162149594
138,0.07801566856629888,0.001975313324803647,0.0025183275187346194,0.04062218248692602,0.11765597858631627,0.13112543243431551,0.003431506961281731,0.02465518904131792,0.01475519799075831,0.009780392709096893,0.00017345826443646855,0.00032407568571016416,3.358600559758359e-05,0.2768681070232314,0.01031151266484111
139,0.08019610195385549,0.0019815981839842733,0.002532318009085539,0.040762187269808445,0.1169370086814614,0.1314274979136042,0.0034313471939783017,0.02490179784069428,0.01490759347840168,0.009836202067677373,0.00016767414337530645,0.000323227712662277,3.217199142493647e-05,0.2766976516297382,0.010359275915139892
140,0.08245400074819842,0.0019881855575838475,0.0025464335613853517,0.04089014453426276,0.11622431376175969,0.13167502744507167,0.0034297205640012804,0.02512650917878963,0.015054321332093236,0.009883212612892954,0.00016181502762546525,0.00032206068295155137,3.076547851253709e-05,0.2764555709496223,0.010397853801982507
141,0.08479234060223736,0.001995080462902225,0.002560675353953064,0.041005624108011965,0.11551663243151823,0.13186649220598182,0.0034266179482194442,0.025328621594442546,0.015195121933628396,0.009921216927261346,0.00015589703438273256,0.0003205747367871592,2.9369699127001076e-05,0.2761383641801621,0.01042705839755824
142,0.08721388497945991,0.0020022883210212526,0.0025750445456451036,0.04110821404169118,0.11481280666462355,0.132000466406092,0.003422033492584147,0.025507494633537537,0.015329735795375436,0.009950028362691269,0.00014993652904989917,0.0003187709593561327,2.7987824790452995e-05,0.27574280119683725,0.010446723675887754
143,0.08972112585363969,0.0020098148148778878,0.0025895422545416167,0.04119753059496656,0.11411178854376004,0.1320756679083472,0.003415965476617514,0.02566256431691987,0.015457908576171091,0.009969487727105873,0.0001439501407281953,0.0003166515800868817,2.662296842403534e-05,0.27526598624564463,0.010456712416344986
144,0.09231622402470716,0.0020176657438021007,0.0026041695360648318,0.0412732284905127,0.11341264714141387,0.13209099899417975,0.003408417132770476,0.025793358509002967,0.015579396349057634,0.009979469968219747,0.00013795474996861637,0.00031422016012804747,2.5278181094168857e-05,0.27470542177736706,0.01045692305941058
145,0.09500095148488792,0.002025846877634666,0.00261892736124721,0.04133501107573343,0.11271457498721368,0.13204558574581785,0.0033993973874793222,0.025899511581013022,0.01569397096616223,0.009979890587752222,0.00013196744594418206,0.00031148175893479837,2.3956443170613653e-05,0.2740590697015239,0.010447296235801817
146,0.09777663958677221,0.002034363810684081,0.0026338165958776838,0.04138263980016431,0.11201689269546672,0.13193881404954058,0.003388921473958467,0.02598077775444432,0.01580142534596584,0.009970711470835496,0.00012600545125776425,0.00030844306977791954,2.266064993559949e-05,0.2733254059734101,0.010427820641806779
147,0.1006441385330202,0.0020432217992519684,0.0026488379801272617,0.041415941901430935,0.11131904905751515,0.13177036015074514,0.003377011337174505,0.026037042542892703,0.015901578641155285,0.009951945944818439,0.00012008601799508378,0.00030511251909795485,2.1393592713330568e-05,0.2725034630883275,0.010398538074624809
148,0.1036037815381667,0.0020524255589501996,0.0026639921049733425,0.041434816638327925,0.11062062259915671,0.1315402193808294,0.003363695905677016,0.02606833155953694,0.015994281711999167,0.009923663872274082,0.00011422631819239981,0.00030150035898046277,2.0157940130444387e-05,0.2715928694452001,0.010359548489577387
149,0.1066552909902208,0.002061979158229686,0.0026792793837687,0.041439250307866694,0.10992136924596252,0.13124875570502437,0.0033490121217182936,0.026074815990140745,0.016079423210158202,0.009885999261969824,0.0001084433694903107,0.0002976188381827957,1.895622687317029e-05,0.2705939530628459,0.010311017696516102
150,0.10979751714311138,0.0020718866030542656,0.0026947000473289463,0.04142936324255012,0.10922139081343558,0.130896800266885,0.0033330085077473014,0.026056815829800357,0.016156932541663845,0.00983915959305999,0.00010275395057735528,0.00029348242409199575,1.7790840918966074e-05,0.2695080154178682,0.010253186808648306
151,0.11302815828349548,0.0020821536120835607,0.0027102542383614075,0.04140547443491585,0.10852132285025595,0.13048571699601588,0.0033157496582555367,0.026014802811604495,0.01622676844402604,0.009783419020962004,9.717420131446675e-05,0.00028910748356487324,1.666395468757558e-05,0.2683375923161319,0.01018636466052892
152,0.11634406355607116,0.0020927886991257798,0.002725942167391135,0.041368072738600416,0.10782214053656276,0.13001723357882272,0.003297312738992554,0.025949397018619272,0.016288895830773066,0.009719080475858104,9.171884158510269e-05,0.0002845109498987639,1.557739366716605e-05,0.2670860838729973,0.010110887661009137
153,0.11974077541617643,0.0021038054764117887,0.002741764182810714,0.041317896111269486,0.10712551655775743,0.12949358496688335,0.003277794556475413,0.025861356413010336,0.016343270246721265,0.009646479870167288,8.640125365623983e-05,0.00027971045743902705,1.4532664585012274e-05,0.26575825249412655,0.010027124245847566
154,0.12321153233108112,0.0021152454948242397,0.0027577225154520636,0.0412562712266855,0.10643499346777657,0.1289171244975155,0.00325733589095511,0.025751438562795912,0.016389563486504936,0.0095657404485812,8.122962919728339e-05,0.00027471666666794014,1.3530294002544297e-05,0.2643608924190431,0.00993521703844897
155,0.1267629199889828,0.002127160597895396,0.0027738231199492076,0.041182539317949185,0.10574673710706413,0.12828345279072728,0.003235898943105339,0.025619745136765876,0.01642679715641349,0.009475930627600755,7.619734863072616e-05,0.0002695066875289502,1.2568241844843526e-05,0.26288583397766263,0.009834202905605273
156,0.13036967677605288,0.0021401468067883847,0.002790102585857401,0.04110400957144408,0.1050979562758118,0.1275816871537209,0.003214072935404028,0.02546044302362642,0.016447204675457707,0.009372584191624974,7.126521048078298e-05,0.0002639555737227636,1.1639049784633557e-05,0.26135415938856316,0.009719444025613155
157,0.13367888729748856,0.0021587479400129437,0.002806494456183429,0.0410680350158156,0.10514944233138611,0.12674281862600878,0.0031963575804301917,0.025129559087018576,0.01638246529652484,0.009289148434070712,6.753812462272601e-05,0.00025927145806543014,1.0935124543527228e-05,0.26021817762484367,0.009626893141302396
158,0.12912269790227354,0.002197174330886218,0.002822077195184978,0.042320553224146774,0.1109543028766645,0.12880646349188823,0.0032884759797074986,0.02478902608778017,0.016311178357230813,0.009646548700234374,7.03764219413423e-05,0.0002687614946998214,1.1346761668912738e-05,0.2678382684360404,0.00999703337854445
159,0.13153985989111175,0.0022196224197738694,0.002838768492878999,0.042452480114149996,0.11175577914232275,0.12822851941697336,0.0032825180533111163,0.024451678741773848,0.016227253203059202,0.00957945093218853,6.711929502435958e-05,0.0002647042908600591,1.0732712767036785e-05,0.2677184953543811,0.009922007230839986
