,Rs,Rj,Ra,Sj,Sa,Sb,Sga,Sgb,Cj,Ca,Cb,Cga,Cgb,Clupeid adult,Cod adult
0,0.019664804824456983,0.0026499469786411107,0.001988127254724195,0.015158265883910402,0.24792560523320079,0.04621445426085841,0.001156495601692791,0.001091892639661517,4.089270940214465e-06,3.9832901878073523e-07,7.856584830445582e-07,2.071859453372078e-08,2.741063759306698e-07,0.2963884477354135,1.4788124722896843e-06
1,0.01967505081577418,0.002650840535466079,0.0019881304255936604,0.015136278780601956,0.24803124977792393,0.04613037635237324,0.0011609606310349226,0.0010943803433048373,1.4678935746517112e-10,1.4241137077140534e-11,2.7000876569135277e-11,7.405111850838397e-13,9.400864352122808e-12,0.2964169671046369,5.138338918348246e-11
2,0.019667540568966385,0.002650840567607337,0.0019881304257060007,0.015144847965690936,0.24803454177276468,0.04612888482898682,0.001154817219090201,0.0010882922427363146,3.0574889537721085e-15,2.987417097521333e-16,5.418604496841583e-16,1.552565060104201e-17,1.8824341536312875e-16,0.296406536063578,1.0443712254004623e-15
3,0.01967490402388912,0.0026508405676080042,0.001988130425706003,0.015133640340205253,0.24805970580658854,0.04610724283695958,0.0011584946438113362,0.0010915674997506316,3.863671576307635e-20,3.801738411386244e-21,6.6007718018476254e-21,1.9748966108482349e-22,2.2881239619813113e-21,0.2964170107871101,1.2888123836300003e-20
4,0.019669362649984562,0.0026508405676080042,0.001988130425706003,0.015140492712325556,0.2480567845766428,0.04611049266253536,0.0011544069621814016,0.0010875871101631825,3.025465584913683e-25,3.002338181577345e-26,4.9822205018348514e-26,1.5587143874154133e-27,1.7231936257196334e-26,0.2964092713115227,9.863623747873372e-26
5,0.019674598381782697,0.0026508405676080042,0.001988130425706003,0.015132789153782213,0.24807200884569092,0.04609727291496271,0.001157243492236528,0.0010901697615164935,1.4878139805820572e-30,1.4863697029381442e-31,2.3601604740324123e-31,7.712783037031031e-33,8.145025902130643e-32,0.29641669501440665,4.738160597553931e-31
6,0.019670429796221182,0.0026508405676080042,0.001988130425706003,0.015138130806384122,0.24806791754571905,0.046101258959008296,0.001154325123938916,0.0010873555804446241,4.634235753496212e-36,4.660851301522272e-37,7.075979139578265e-37,2.417020297098969e-38,2.4364597932282903e-37,0.29641085720911087,1.4414992264038726e-36
7,0.01967429234724274,0.0026508405676080042,0.001988130425706003,0.01513255952623859,0.2480780196168521,0.046092425244596814,0.0011565108331873665,0.001089367600792372,9.200812702989231e-42,9.2948986362806e-43,1.3507265834567026e-42,4.817422470034299e-44,4.640605747360106e-43,0.29641632329542866,2.7924512465211165e-42
8,0.019671120029194408,0.0026508405676080042,0.001988130425706003,0.015136706599236544,0.2480740716541402,0.046096138453682975,0.001154358480311917,0.001087304865616322,1.1695017280899263e-47,1.185871246859156e-48,1.648771977991787e-48,6.142231942123256e-50,5.651824399237508e-49,0.2964118734537514,3.4612479841959266e-48
9,0.019674021971757005,0.0026508405676080042,0.001988130425706003,0.01513257518731013,0.24808111316998724,0.046089947684681346,0.0011560458755306897,0.0010888683759277536,9.552473348086336e-54,9.698676836643887e-55,1.291443884137303e-54,5.020390111591e-56,4.417084207426821e-55,0.29641597510612705,2.753223889660284e-54
10,0.01967159198513277,0.0026508405676080042,0.001988130425706003,0.015135793017348428,0.2480776709625166,0.046093132460361265,0.0011544316137729745,0.0010873279135583112,5.028124324237707e-60,5.105612083290215e-61,6.50914231509758e-61,2.641067100033337e-62,2.2212889692873937e-61,0.2964125629502091,1.410015007767852e-60
11,0.01967379449541143,0.0026508405676080042,0.001988130425706003,0.01513268603812085,0.2480827254842501,0.04608866965680435,0.0011557362249886049,0.0010885420002678036,1.710292712795939e-66,1.7323965436051063e-67,2.1164690368797414e-67,8.95567328336414e-69,7.2064933845445815e-68,0.29641567336631086,4.659071651772948e-67
12,0.01967192622451274,0.0026508405676080042,0.001988130425706003,0.015135182070842352,0.2480798539150805,0.04609130182581857,0.0011545134214156114,0.0010873787167249593,3.768336117612883e-73,3.801798346026761e-74,4.449951339626842e-74,1.9639679665157843e-75,1.511781671086083e-74,0.2964130478790396,9.959928153391263e-74
13,0.019673607882808822,0.0026508405676080042,0.001988130425706003,0.015132825702431057,0.24808355196971738,0.04608802572361674,0.0011555226826859362,0.0010883208124200343,5.3924923327798904e-80,5.404207877586907e-81,6.064748169316017e-81,2.789847906263303e-82,2.0557787632548325e-81,0.2964154211884401,1.3803719600784088e-80
14,0.01967216861972764,0.0026508405676080042,0.001988130425706003,0.015134760850488345,0.24808121670696442,0.04609015338832562,0.0011545910511413238,0.001087436533759294,5.024844593671318e-87,4.99296906824059e-88,5.371390420093222e-88,2.5756625496739842e-89,1.816654562026907e-88,0.2964133976801907,1.2438580305328114e-87
15,0.019673457132659024,0.0026508405676080042,0.001988130425706003,0.015132964446106211,0.24808395758804927,0.046087718721580344,0.0011553718878922524,0.0010881670346594996,3.058349479347165e-94,3.004715097169658e-95,3.100501125698859e-95,1.548890440282151e-96,1.0462755585200902e-95,0.2964152152321814,7.306380825416822e-95
16,0.019672347224256082,0.0026508405676080042,0.001988130425706003,0.015134463760859576,0.2480820848533763,0.04608941819788707,0.0011546592247058437,0.0010874917750050568,1.2199066807569344e-101,1.1824672868649786e-102,1.1701913552831926e-102,6.090804905281173e-104,3.9399678057828126e-103,0.2964136540509743,2.8075634717792645e-102
17,0.019673336608759622,0.0026508405676080042,0.001988130425706003,0.015133089634695547,0.2480841358176841,0.046087592509073315,0.0011552631238392877,0.0010880576802855231,3.201665259861981e-109,3.0528972358010087e-110,2.8987914340928163e-110,1.571336314526995e-111,9.738215647893217e-111,0.2964150491308822,7.082643866135846e-110
18,0.019672480317303464,0.0026508405676080042,0.001988130425706003,0.015134250463021921,0.2480826494672272,0.04608893745582971,0.0011547167456266087,0.0010875406639969886,5.553744738921575e-117,5.196971346286856e-118,4.7339776814124875e-118,2.6727676301441984e-119,1.5867507383411066e-118,0.29641384433268053,1.178497652905487e-117
19,0.01967324103312768,0.0026508405676080042,0.001988130425706003,0.015133197003129732,0.24808419646917834,0.04608755785862599,0.0011551837168492405,0.0010879787765273239,6.401527115313772e-125,5.860667983176493e-126,5.123174839192229e-126,3.011710031760465e-127,1.7133468976013583e-126,0.2964149168211809,1.2998360723146128e-125
20,0.019672580537569005,0.0026508405676080042,0.001988130425706003,0.015134094767011478,0.24808302448504665,0.04608861634363659,0.0011547641396504077,0.0010875821752872796,4.933039532411937e-133,4.406947936054159e-134,3.696309700523651e-134,2.2627821754490255e-135,1.2333649808961749e-134,0.2964139871436209,9.562900835018887e-134
21,0.019673165716617893,0.0026508405676080042,0.001988130425706003,0.015133286215333724,0.2480841961785377,0.046087569992129186,0.0011551248875492626,0.0010879209463379581,2.559665618122134e-141,2.224312057711304e-142,1.7904387139307084e-142,1.141139838369324e-143,5.960763395985254e-143,0.2964148120045541,4.7249410950774705e-142
22,0.019672656297549787,0.0026508405676080042,0.001988130425706003,0.015133980057593257,0.24808327831258306,0.04608839762128966,0.001154802504526804,0.0010876164440446012,9.015828487745869e-150,7.599861054674843e-151,5.8695916518008956e-151,3.895574169055868e-152,1.9496773898984246e-151,0.29641409488244413,1.580868751327975e-150
23,0.01967310681350615,0.0026508405676080042,0.001988130425706003,0.015133358657813026,0.2480841685845179,0.046087601816519205,0.0011550810834526737,0.001087878252374991,2.1758228798283763e-158,1.773500929020046e-159,1.3143781536870762e-159,9.082762832878302e-161,4.356002815049671e-160,0.2964147297368648,3.614306992540872e-159
24,0.01967271365560079,0.0026508405676080042,0.001988130425706003,0.015133895005467923,0.2480834525176001,0.046088246608727894,0.0011548330696615795,0.001087644126305727,3.635444229577846e-167,2.8573235749481005e-168,2.0315195566146985e-168,1.4620138392451076e-169,6.71729799000749e-169,0.2964141763222953,5.706774314488059e-168
25,0.01967306085089522,0.0026508405676080042,0.001988130425706003,0.015133416753229084,0.24808413211039984,0.04608763862141903,0.0011550482840074277,0.0010878464956935309,4.254858822404283e-176,3.214747856439825e-177,2.1927438910166995e-177,1.6433923533012036e-178,7.233797534024115e-178,0.2964146655115198,6.295210736189057e-177
26,0.01967275749869452,0.0026508405676080042,0.001988130425706003,0.01513383107385751,0.24808357486113577,0.04608813995778083,0.001154857339600234,0.001087666323729897,3.53328736958619e-185,2.5594402130028183e-186,1.674302985097539e-186,1.3071537030789056e-187,5.510736248434009e-187,0.29641423848224674,4.915532193251649e-186
27,0.019673024965934437,0.0026508405676080042,0.001988130425706003,0.015133463017891322,0.24808409399140752,0.04608767529639053,0.0011550234051374121,0.0010878225541572995,2.1112407585444708e-194,1.4621557201161605e-195,9.172855099929062e-196,7.460335067480812e-197,3.0121388183129226e-196,0.2964146152470927,2.7552584626151668e-195
28,0.019672791050636972,0.0026508405676080042,0.001988130425706003,0.01513378279545555,0.24808366131313847,0.0460880643049302,0.0011548764156729405,0.0010876839082718224,9.214989579722828e-204,6.087341670554245e-205,3.661157019939674e-205,3.10284932224311e-206,1.1994317473207526e-205,0.29641428594201347,1.1258215370038982e-204
29,0.019672997111823874,0.0026508405676080042,0.001988130425706003,0.015133499470636498,0.2480840594977535,0.04608770763793416,0.0011550045832862006,0.0010878045118864093,2.9853537425564114e-213,1.8766918166534538e-214,1.0819728378327707e-214,9.556286605864654e-216,3.5363645477030324e-215,0.29641457623086026,3.407863975315174e-214
30,0.019672816609530186,0.0026508405676080042,0.001988130425706003,0.015133746396004304,0.24808372259629974,0.04608801055132787,0.001154891200731787,0.0010876976157810894,7.299155972533846e-223,4.35858093934745e-224,2.4080153758993028e-224,2.217124648268538e-225,7.851906148360444e-225,0.2964143219641405,7.77349939490965e-224
31,0.01967297560291778,0.0026508405676080042,0.001988130425706003,0.015133527920452508,0.24808402824848932,0.046087736686771866,0.0011549901949321918,0.001087790798786456,1.3701744401426284e-232,7.758554860785859e-234,4.1070738534324407e-234,3.942475396268067e-235,1.3360408803989544e-234,0.29641454592897987,1.359591713424406e-233
32,0.01967283614415012,0.0026508405676080042,0.001988130425706003,0.015133718821939382,0.24808376867082627,0.04608796974211653,0.001154902827622423,0.0010877084159243774,2.0092268447655057e-242,1.077596785359196e-243,5.4640684320335096e-244,5.469828416372561e-245,1.7732365578014333e-244,0.2964143496564896,1.856025568506416e-243
33,0.01967295897245183,0.0026508405676080042,0.001988130425706003,0.015133550113360119,0.2480840032857486,0.04608775956293712,0.001154979306472678,0.0010877804297493331,2.341741212068148e-252,1.1883592655098511e-253,5.771258624041896e-254,6.025437498559922e-255,1.868446164909817e-254,0.29641452258490775,2.0125841193906217e-253
34,0.019672851405181116,0.0026508405676080042,0.001988130425706003,0.015133697412228784,0.24808380208381095,0.04608794020895168,0.0011549119415467427,0.0010877169248863943,2.2062669214243693e-262,1.0588358363349861e-263,4.92389105914934e-264,5.362652922119029e-265,1.590268930993851e-264,0.2964143711591958,1.7638783645704955e-263
35,0.019672945841770022,0.0026508405676080042,0.001988130425706003,0.015133567756212439,0.24808398280751995,0.0460877781525106,0.0011549708565479488,0.0010877723977534533,1.7080723986581273e-272,7.749744901474766e-274,3.450617672845145e-274,3.920512673577545e-275,1.1117513657316646e-274,0.2964145042143319,1.270416520740933e-273
36,0.019672863034913283,0.0026508405676080042,0.001988130425706003,0.01513368117030903,0.24808382615842808,0.04608791896864312,0.0011549188949565715,0.0010877234404333602,1.1037405122947536e-282,4.7347568290110405e-284,2.0181828241445946e-284,2.392463048390028e-285,6.4865473564994624e-285,0.2964143874624611,7.640840693644585e-284
37,0.019672935992237645,0.0026508405676080042,0.001988130425706003,0.015133581030972412,0.24808396527562473,0.04608779422392326,0.001154964412665801,0.0010877663017892637,6.041452905493744e-293,2.450818349810458e-294,1.0000512748988749e-294,1.2369300455807128e-295,3.206379464581939e-295,0.29641449021400307,3.895200575725598e-294
38,0.019672871775159504,0.0026508405676080042,0.001988130425706003,0.015133669019987193,0.24808384434985759,0.04608790278705877,0.0011549242182412073,0.001087728425727711,2.8398222581354547e-303,1.0900324597781386e-304,4.2574814108322276e-305,5.494757854635789e-306,1.361694473771893e-305,0.29641439978088524,1.7068976267849084e-304
39,0.019672928270867526,0.0026508405676080042,0.001988130425706003,0.015133591501398829,0.24808395279957318,0.0460878054029112,0.001154959561635333,0.001087761700671392,1.16099277735e-313,4.21911263e-315,1.577441465e-315,2.12422235e-316,5.0328334e-316,0.2964144794647911,6.51225967e-315
40,0.01967287887963769,0.0026508405676080042,0.001988130425706003,0.015133659189804197,0.24808386020331802,0.046087888454339754,0.001154928699247776,0.0010877326115857882,2e-323,1e-323,5e-324,0.0,0.0,0.2964144099684914,1.5e-323
41,0.01967292203528744,0.0026508405676080042,0.001988130425706003,0.015133599962869873,0.24808394111634935,0.046087816053168744,0.0011549555324992897,0.0010877578993277995,2e-323,1e-323,5e-324,0.0,0.0,0.2964144706013451,1.5e-323
42,0.019672884311973355,0.0026508405676080042,0.001988130425706003,0.01513365167785712,0.2480838708358788,0.04608787900054285,0.0011549320222852021,0.0010877357350944563,2e-323,1e-323,5e-324,0.0,0.0,0.2964144175938013,1.5e-323
43,0.01967291744835519,0.0026508405676080042,0.001988130425706003,0.015133606212371243,0.24808393305876383,0.04608782328760746,0.001154952651967509,0.0010877551741328446,2e-323,1e-323,5e-324,0.0,0.0,0.2964144641724716,1.5e-323
44,0.019672888277135696,0.0026508405676080042,0.001988130425706003,0.01513364618775521,0.2480838774628433,0.04608787327159029,0.001154934348328527,0.0010877379391815384,2e-323,1e-323,5e-324,0.0,0.0,0.29641442302194365,1.5e-323
45,0.01967291389924187,0.0026508405676080042,0.001988130425706003,0.015133611023256466,0.248083926368816,0.04608782943159229,0.0011549502768419815,0.001087752921280958,2e-323,1e-323,5e-324,0.0,0.0,0.29641445899853125,1.5e-323
46,0.01967289203569465,0.0026508405676080042,0.001988130425706003,0.015133640970630777,0.24808388176097482,0.04608786989925805,0.0011549363598191463,0.0010877398664968477,5e-324,1e-323,5e-324,0.0,0.0,0.2964144278865488,1.5e-323
47,0.01967291205345289,0.0026508405676080042,0.001988130425706003,0.015133613530261712,0.24808391990769454,0.04608783561938498,0.0011549489152438512,0.001087751692470907,5e-324,1e-323,0.0,0.0,0.0,0.2964144561347943,1.5e-323
48,0.0196728920531542,0.0026508405676080042,0.001988130425706003,0.015133640949908522,0.24808388206407264,0.046087869589232354,0.0011549363919824201,0.0010877398910816383,5e-324,1e-323,0.0,0.0,0.0,0.296414427936369,1.5e-323
49,0.019672912058611478,0.0026508405676080042,0.001988130425706003,0.015133613519547028,0.2480839196716746,0.046087835867150026,0.0011549488984105116,0.0010877516822015826,5e-324,1e-323,0.0,0.0,0.0,0.2964144561194367,1.5e-323
50,0.01967289205820553,0.0026508405676080042,0.001988130425706003,0.015133640941555278,0.2480838819589775,0.04608786969947767,0.001154936387394068,0.0010877398898142356,5e-324,1e-323,0.0,0.0,0.0,0.29641442793566347,1.5e-323
51,0.019672912061247674,0.0026508405676080042,0.001988130425706003,0.015133613517753615,0.2480839197482857,0.046087835785877086,0.0011549489092075602,0.0010877516915382423,5e-324,1e-323,0.0,0.0,0.0,0.29641445613490863,1.5e-323
52,0.019672892054743634,0.0026508405676080042,0.001988130425706003,0.015133640947561533,0.24808388201452516,0.046087869639600446,0.0011549363906937257,0.0010877398910340758,5e-324,1e-323,0.0,0.0,0.0,0.29641442793585343,1.5e-323
53,0.019672912059133713,0.0026508405676080042,0.001988130425706003,0.015133613520430531,0.2480839197775879,0.04608783575691548,0.0011549489073567518,0.0010877516884277407,5e-324,1e-323,0.0,0.0,0.0,0.2964144561302879,1.5e-323
54,0.019672892055561306,0.0026508405676080042,0.001988130425706003,0.01513364094531458,0.24808388191692785,0.04608786974105165,0.001154936383291836,0.001087739886062514,5e-324,1e-323,0.0,0.0,0.0,0.2964144279273338,1.5e-323
55,0.01967291205543093,0.0026508405676080042,0.001988130425706003,0.015133613527452959,0.24808391982935848,0.04608783569829405,0.0011549489141099982,0.0010877516936335621,5e-324,5e-324,0.0,0.0,0.0,0.2964144561353961,1e-323
56,0.019672892054269468,0.0026508405676080042,0.001988130425706003,0.015133640947399142,0.2480838820107611,0.04608786964573236,0.0011549363869870193,0.001087739887294624,5e-324,5e-324,0.0,0.0,0.0,0.29641442793077505,1e-323
57,0.0196729120571261,0.0026508405676080042,0.001988130425706003,0.015133613524588195,0.24808391983631853,0.046087835693633665,0.0011549489131494777,0.0010877516927733206,5e-324,5e-324,0.0,0.0,0.0,0.29641445613587497,1e-323
58,0.019672892055249608,0.0026508405676080042,0.001988130425706003,0.015133640945396827,0.24808388198157544,0.04608786967701589,0.0011549363843534612,0.0010877398854694065,5e-324,5e-324,0.0,0.0,0.0,0.2964144279284142,1e-323
59,0.01967291205700331,0.0026508405676080042,0.001988130425706003,0.015133613523660895,0.24808391980849046,0.04608783572475968,0.0011549489083404092,0.001087751688802706,5e-324,5e-324,0.0,0.0,0.0,0.29641445613039324,1e-323
60,0.019672892069635645,0.0026508405676080042,0.001988130425706003,0.01513364093180569,0.24808388193575362,0.0460878697082169,0.0011549364135631929,0.001087739917038853,5e-324,5e-324,0.0,0.0,0.0,0.29641442797457257,1e-323
61,0.019672911015825984,0.0026508405676080042,0.001988130425706003,0.015133614986675025,0.24808392140783028,0.04608783377641067,0.001154948595416708,0.0010877513477960713,5e-324,5e-324,0.0,0.0,0.0,0.29641445512745374,1e-323
62,0.019672893855537582,0.0026508405676080042,0.001988130425706003,0.015133638520814263,0.24808388940931766,0.04608786242214161,0.001154937902207315,0.0010877412590901353,5e-324,5e-324,0.0,0.0,0.0,0.2964144309927567,1e-323
63,0.019672909189612713,0.0026508405676080042,0.001988130425706003,0.015133617472890883,0.248083917439941,0.04608783743737039,0.0011549473840447384,0.0010877502141930268,5e-324,5e-324,0.0,0.0,0.0,0.2964144524755491,1e-323
64,0.01967289497374055,0.0026508405676080042,0.001988130425706003,0.015133636989754487,0.2480838923720993,0.04608785966024814,0.001154938651232961,0.0010877419434665633,5e-324,5e-324,0.0,0.0,0.0,0.296414432627047,1e-323
65,0.019672908898684373,0.0026508405676080042,0.001988130425706003,0.015133617901285637,0.24808391862497808,0.04608783609950895,0.0011549473729810626,0.0010877501644496281,5e-324,5e-324,0.0,0.0,0.0,0.2964144522619177,1e-323
66,0.019672895087317878,0.0026508405676080042,0.001988130425706003,0.015133636818772368,0.2480838915797241,0.04608786052473108,0.0011549386291099051,0.0010877419438883715,5e-324,5e-324,0.0,0.0,0.0,0.29641443267745343,1e-323
67,0.01967290815553645,0.0026508405676080042,0.001988130425706003,0.015133618888655475,0.2480839155837564,0.04608783909149882,0.001154946742946012,0.0010877496052024683,5e-324,5e-324,0.0,0.0,0.0,0.2964144510234037,1e-323
68,0.0196728965194089,0.0026508405676080042,0.001988130425706003,0.015133634864712425,0.24808389510910442,0.04608785723224403,0.0011549396228948492,0.0010877428769050718,5e-324,5e-324,0.0,0.0,0.0,0.2964144348411483,1e-323
69,0.01967290717778072,0.0026508405676080042,0.001988130425706003,0.015133620270636586,0.2480839169587213,0.04608783737882151,0.0011549464552349517,0.0010877492942445038,5e-324,5e-324,0.0,0.0,0.0,0.2964144500870222,1e-323
70,0.019672896637648356,0.0026508405676080042,0.001988130425706003,0.015133634719238374,0.24808389695124733,0.046087855349401734,0.0011549398478301076,0.0010877430690270594,5e-324,5e-324,0.0,0.0,0.0,0.2964144352175062,1e-323
71,0.019672907183558904,0.0026508405676080042,0.001988130425706003,0.015133620254805892,0.24808391644400196,0.046087837920791914,0.0011549464109686062,0.0010877492641753112,5e-324,5e-324,0.0,0.0,0.0,0.2964144500399378,1e-323
72,0.019672896633885013,0.0026508405676080042,0.001988130425706003,0.015133634725777211,0.24808389700988343,0.04608785528554586,0.001154939852983494,0.0010877430725506631,5e-324,5e-324,0.0,0.0,0.0,0.29641443522096345,5e-324
73,0.019672907178133425,0.0026508405676080042,0.001988130425706003,0.015133620265100583,0.24808391665863927,0.04608783769540416,0.0011549464263784649,0.0010877492737106868,5e-324,5e-324,0.0,0.0,0.0,0.2964144500541326,5e-324
74,0.01967289663582591,0.0026508405676080042,0.001988130425706003,0.015133634722749006,0.24808389696858976,0.046087855328536,0.0011549398511857844,0.0010877430718947896,5e-324,5e-324,0.0,0.0,0.0,0.2964144352202064,5e-324
75,0.019672907170881163,0.0026508405676080042,0.001988130425706003,0.01513362027920506,0.24808391689907844,0.04608783743974086,0.0011549464465373943,0.0010877492872655907,5e-324,5e-324,0.0,0.0,0.0,0.2964144500726223,5e-324
76,0.019672896634747562,0.0026508405676080042,0.001988130425706003,0.015133634724220857,0.24808389699014846,0.046087855306688505,0.0011549398513492565,0.0010877430714623388,5e-324,5e-324,0.0,0.0,0.0,0.29641443521964855,5e-324
77,0.019672907171796383,0.0026508405676080042,0.001988130425706003,0.015133620276882226,0.24808391686250775,0.046087837480010184,0.001154946441667163,0.0010877492833889619,5e-324,5e-324,0.0,0.0,0.0,0.29641445006757405,5e-324
78,0.019672896639068092,0.0026508405676080042,0.001988130425706003,0.015133634717096165,0.24808389687942684,0.04608785542241875,0.0011549398452625887,0.0010877430684266465,5e-324,5e-324,0.0,0.0,0.0,0.2964144352155348,5e-324
79,0.01967290717237476,0.0026508405676080042,0.001988130425706003,0.015133620276201224,0.24808391682499925,0.046087837517384274,0.0011549464410882946,0.001087749283833795,5e-324,5e-324,0.0,0.0,0.0,0.2964144500673056,5e-324
80,0.01967289663463741,0.0026508405676080042,0.001988130425706003,0.015133634724302706,0.24808389699193562,0.046087855305077176,0.0011549398510842827,0.0010877430711389497,5e-324,5e-324,0.0,0.0,0.0,0.296414435219236,5e-324
81,0.019672907171448952,0.0026508405676080042,0.001988130425706003,0.015133620277957442,0.24808391685978365,0.04608783748080006,0.0011549464436231567,0.0010877492854152846,5e-324,5e-324,0.0,0.0,0.0,0.2964144500696222,5e-324
82,0.019672896634594306,0.0026508405676080042,0.001988130425706003,0.01513363472462425,0.2480838969935379,0.04608785530265961,0.0011549398520975041,0.0010877430721111059,5e-324,5e-324,0.0,0.0,0.0,0.2964144352204061,5e-324
83,0.019672907180979256,0.0026508405676080042,0.001988130425706003,0.015133620259410074,0.24808391651220035,0.04608783784848195,0.0011549464160164394,0.0010877492673487432,5e-324,5e-324,0.0,0.0,0.0,0.2964144500440475,5e-324
84,0.019672896650424338,0.0026508405676080042,0.001988130425706003,0.01513363469625526,0.24808389659519348,0.0460878557263045,0.0011549398216789007,0.001087743052694594,5e-324,5e-324,0.0,0.0,0.0,0.29641443519587146,5e-324
85,0.019672907169436524,0.0026508405676080042,0.001988130425706003,0.015133620281582535,0.24808391692804518,0.04608783740912413,0.0011549464482690326,0.0010877492881897763,5e-324,5e-324,0.0,0.0,0.0,0.2964144500736281,5e-324
86,0.019672896638582703,0.0026508405676080042,0.001988130425706003,0.015133634718053854,0.24808389690109783,0.04608785539966629,0.0011549398468810998,0.0010877430694603818,5e-324,5e-324,0.0,0.0,0.0,0.2964144352171056,5e-324
87,0.019672907170752686,0.0026508405676080042,0.001988130425706003,0.015133620279481522,0.24808391690777357,0.04608783743069786,0.0011549464471215742,0.00108774928760883,5e-324,5e-324,0.0,0.0,0.0,0.29641445007320183,5e-324
88,0.01967289663515065,0.0026508405676080042,0.001988130425706003,0.015133634723495926,0.24808389698021588,0.046087855317279165,0.0011549398505470002,0.0010877430709241966,5e-324,5e-324,0.0,0.0,0.0,0.2964144352189662,5e-324
89,0.0196729071711413,0.0026508405676080042,0.001988130425706003,0.015133620278753753,0.2480839168933796,0.046087837445835424,0.001154946446065158,0.0010877492869399833,5e-324,5e-324,0.0,0.0,0.0,0.2964144500722201,5e-324
90,0.019672896636523083,0.0026508405676080042,0.001988130425706003,0.015133634720919808,0.24808389693981484,0.04608785536024201,0.001154939847284141,0.0010877430687780728,5e-324,5e-324,0.0,0.0,0.0,0.29641443521611904,5e-324
91,0.019672907171367205,0.0026508405676080042,0.001988130425706003,0.01513362027817215,0.24808391688909137,0.04608783745099668,0.0011549464450554556,0.0010877492860512051,5e-324,5e-324,0.0,0.0,0.0,0.2964144500711947,5e-324
92,0.019672896647349832,0.0026508405676080042,0.001988130425706003,0.015133634701246913,0.24808389664766883,0.046087855670562214,0.0011549398248025821,0.0010877430543580705,5e-324,5e-324,0.0,0.0,0.0,0.2964144351973917,5e-324
93,0.019672907171093258,0.0026508405676080042,0.001988130425706003,0.015133620278791277,0.24808391688973883,0.046087837449547676,0.0011549464458434236,0.0010877492868196505,5e-324,5e-324,0.0,0.0,0.0,0.29641445007194955,5e-324
94,0.019672896634578926,0.0026508405676080042,0.001988130425706003,0.015133634724451835,0.24808389699348507,0.046087855303313725,0.001154939851350052,0.0010877430713633826,5e-324,5e-324,0.0,0.0,0.0,0.2964144352195122,5e-324
95,0.019672907171296612,0.0026508405676080042,0.001988130425706003,0.015133620278466502,0.2480839168903289,0.04608783744916456,0.0011549464457645867,0.0010877492867226266,5e-324,5e-324,0.0,0.0,0.0,0.29641445007198064,5e-324
96,0.019672896634335975,0.0026508405676080042,0.001988130425706003,0.015133634724847375,0.24808389698978076,0.04608785530680515,0.0011549398513107621,0.0010877430714255386,5e-324,5e-324,0.0,0.0,0.0,0.2964144352193222,5e-324
97,0.019672907171313994,0.0026508405676080042,0.001988130425706003,0.015133620278622497,0.24808391689767142,0.046087837441247025,0.00115494644670993,0.0010877492874717732,5e-324,5e-324,0.0,0.0,0.0,0.29641445007310013,5e-324
98,0.019672896634604052,0.0026508405676080042,0.001988130425706003,0.015133634724398068,0.24808389699175323,0.046087855305112675,0.001154939851231077,0.0010877430712903993,5e-324,5e-324,0.0,0.0,0.0,0.2964144352193874,5e-324
99,0.01967290717041434,0.0026508405676080042,0.001988130425706003,0.01513362028012832,0.2480839169176276,0.046087837420189876,0.0011549464479567403,0.0010877492881723042,5e-324,5e-324,0.0,0.0,0.0,0.2964144500739465,5e-324
100,0.019672896635146087,0.0026508405676080042,0.001988130425706003,0.015133634723281436,0.2480838969715052,0.04608785532669907,0.001154939849423308,0.001087743070042007,5e-324,5e-324,0.0,0.0,0.0,0.2964144352176696,5e-324
101,0.01967290718202592,0.0026508405676080042,0.001988130425706003,0.015133620257435719,0.2480839165008836,0.04608783786171974,0.001154946414179335,0.0010877492658321664,5e-324,5e-324,0.0,0.0,0.0,0.29641445004261485,5e-324
102,0.019672896638882956,0.0026508405676080042,0.001988130425706003,0.015133634717039261,0.24808389692088054,0.04608785538172197,0.0011549398455151824,0.0010877430675543002,5e-324,5e-324,0.0,0.0,0.0,0.29641443521567196,5e-324
103,0.019672907170978995,0.0026508405676080042,0.001988130425706003,0.015133620279085878,0.24808391690206893,0.04608783743671961,0.0011549464467310745,0.001087749287372128,5e-324,5e-324,0.0,0.0,0.0,0.29641445007289174,5e-324
104,0.019672896635324337,0.0026508405676080042,0.001988130425706003,0.015133634723451918,0.2480838969773459,0.046087855319586264,0.0011549398512788057,0.0010877430717398213,5e-324,5e-324,0.0,0.0,0.0,0.2964144352199508,5e-324
105,0.019672907181079804,0.0026508405676080042,0.001988130425706003,0.015133620259487167,0.24808391656174592,0.04608783779810194,0.0011549464186536048,0.0010877492686389404,5e-324,5e-324,0.0,0.0,0.0,0.2964144500471404,5e-324
106,0.019672896645001586,0.0026508405676080042,0.001988130425706003,0.01513363470588236,0.24808389668876588,0.046087855624501885,0.0011549398302227152,0.0010877430586350024,5e-324,5e-324,0.0,0.0,0.0,0.29641443520212546,5e-324
107,0.01967290717008055,0.0026508405676080042,0.001988130425706003,0.015133620279897118,0.24808391688681877,0.046087837453170556,0.0011549464440968147,0.0010877492851392736,5e-324,5e-324,0.0,0.0,0.0,0.29641445006922534,5e-324
108,0.01967289663503442,0.0026508405676080042,0.001988130425706003,0.015133634723657316,0.24808389698426628,0.046087855313157004,0.0011549398506537406,0.0010877430709187858,5e-324,5e-324,0.0,0.0,0.0,0.2964144352189958,5e-324
109,0.019672907171696036,0.0026508405676080042,0.001988130425706003,0.015133620277616078,0.24808391686726683,0.04608783747330346,0.0011549464440675848,0.0010877492856588833,5e-324,5e-324,0.0,0.0,0.0,0.29641445007029676,5e-324
110,0.019672896634990927,0.0026508405676080042,0.001988130425706003,0.015133634723764071,0.2480838969828614,0.04608785531444285,0.001154939850728539,0.0010877430710281395,5e-324,5e-324,0.0,0.0,0.0,0.29641443521906097,5e-324
111,0.019672907170417718,0.0026508405676080042,0.001988130425706003,0.015133620280124296,0.24808391691895978,0.04608783741883259,0.0011549464480278128,0.0010877492882069568,5e-324,5e-324,0.0,0.0,0.0,0.29641445007402717,5e-324
112,0.019672896642935072,0.0026508405676080042,0.001988130425706003,0.01513363470965586,0.24808389675923903,0.04608785555039176,0.0011549398351477697,0.0010877430616196555,5e-324,5e-324,0.0,0.0,0.0,0.2964144352063982,5e-324
113,0.01967290717061691,0.0026508405676080042,0.001988130425706003,0.015133620279649844,0.2480839169056961,0.04608783743279933,0.0011549464469221761,0.0010877492874636757,5e-324,5e-324,0.0,0.0,0.0,0.29641445007288125,5e-324
114,0.019672896635404395,0.0026508405676080042,0.001988130425706003,0.015133634723072664,0.24808389697449196,0.04608785532330029,0.0011549398502053788,0.0010877430707372775,5e-324,5e-324,0.0,0.0,0.0,0.2964144352187349,5e-324
115,0.019672907171444487,0.0026508405676080042,0.001988130425706003,0.015133620278248735,0.2480839168859029,0.04608783745367849,0.0011549464456693359,0.0010877492867630962,5e-324,5e-324,0.0,0.0,0.0,0.2964144500720138,5e-324
116,0.019672896652742192,0.0026508405676080042,0.001988130425706003,0.015133634692232594,0.24808389652888693,0.0460878557959375,0.0011549398174150979,0.0010877430502525345,5e-324,5e-324,0.0,0.0,0.0,0.2964144351924921,5e-324
117,0.019672907181891994,0.0026508405676080042,0.001988130425706003,0.01513362025778434,0.24808391648470504,0.04608783787744447,0.0011549464141232223,0.0010877492662128396,5e-324,5e-324,0.0,0.0,0.0,0.2964144500424855,5e-324
118,0.019672896634276058,0.0026508405676080042,0.001988130425706003,0.015133634724970356,0.24808389699353242,0.04608785530287301,0.0011549398515834873,0.001087743071589307,5e-324,5e-324,0.0,0.0,0.0,0.2964144352195783,5e-324
119,0.01967290717084496,0.0026508405676080042,0.001988130425706003,0.015133620278957831,0.24808391689261922,0.046087837447168135,0.0011549464451501425,0.0010877492860509388,5e-324,5e-324,0.0,0.0,0.0,0.2964144500709885,5e-324
120,0.01967289663503833,0.0026508405676080042,0.001988130425706003,0.015133634723819518,0.24808389697783792,0.046087855319135645,0.0011549398510226055,0.0010877430714669536,5e-324,0.0,0.0,0.0,0.0,0.2964144352194631,5e-324
121,0.01967290717771995,0.0026508405676080042,0.001988130425706003,0.015133620266518799,0.2480839166838264,0.04608783766743387,0.0011549464302038025,0.0010877492768479528,5e-324,0.0,0.0,0.0,0.0,0.2964144500583121,5e-324
122,0.019672896634798476,0.0026508405676080042,0.001988130425706003,0.015133634724059665,0.24808389698844466,0.046087855308687004,0.0011549398509841326,0.0010877430711416479,5e-324,0.0,0.0,0.0,0.0,0.2964144352192574,0.0
123,0.019672907170388165,0.0026508405676080042,0.001988130425706003,0.015133620280097092,0.24808391691169304,0.04608783742634598,0.0011549464474719037,0.0010877492878453275,5e-324,0.0,0.0,0.0,0.0,0.2964144500733562,0.0
124,0.01967289665025526,0.0026508405676080042,0.001988130425706003,0.015133634696624269,0.24808389656653967,0.04608785575457321,0.0011549398210958259,0.0010877430528878497,5e-324,0.0,0.0,0.0,0.0,0.2964144351950965,0.0
125,0.019672907178758935,0.0026508405676080042,0.001988130425706003,0.015133620264380395,0.24808391663485102,0.04608783771899936,0.0011549464263537518,0.0010877492743346007,5e-324,0.0,0.0,0.0,0.0,0.29641445005453876,0.0
126,0.019672896649631372,0.0026508405676080042,0.001988130425706003,0.015133634697805516,0.24808389662515437,0.046087855694618915,0.001154939824067179,0.0010877430542634379,5e-324,0.0,0.0,0.0,0.0,0.2964144351981039,0.0
127,0.01967290717392319,0.0026508405676080042,0.001988130425706003,0.015133620273624953,0.24808391681117511,0.046087837532958954,0.0011549464397711336,0.0010877492829130897,5e-324,0.0,0.0,0.0,0.0,0.2964144500668183,0.0
128,0.019672896638167358,0.0026508405676080042,0.001988130425706003,0.015133634718156921,0.2480838969204762,0.046087855381532886,0.0011549398456317784,0.0010877430676733567,5e-324,0.0,0.0,0.0,0.0,0.29641443521531424,0.0
129,0.01967290717650426,0.0026508405676080042,0.001988130425706003,0.015133620268138583,0.24808391671889007,0.04608783763216858,0.0011549464305958199,0.0010877492762668905,5e-324,0.0,0.0,0.0,0.0,0.2964144500579214,0.0
130,0.019672896634391528,0.0026508405676080042,0.001988130425706003,0.015133634724834708,0.2480838969934019,0.04608785530298357,0.0011549398517021955,0.0010877430717175943,5e-324,0.0,0.0,0.0,0.0,0.29641443521980526,0.0
131,0.01967290716911961,0.0026508405676080042,0.001988130425706003,0.015133620281939738,0.24808391688751508,0.04608783745001211,0.00115494644631636,0.0010877492873312422,5e-324,0.0,0.0,0.0,0.0,0.29641445007117484,0.0
132,0.019672896634734583,0.0026508405676080042,0.001988130425706003,0.015133634724013259,0.2480838969869205,0.04608785531059471,0.0011549398503928735,0.0010877430705775611,5e-324,0.0,0.0,0.0,0.0,0.29641443521848565,0.0
133,0.019672907171212693,0.0026508405676080042,0.001988130425706003,0.015133620278475911,0.24808391689480158,0.04608783744493348,0.0011549464455401445,0.001087749286377706,5e-324,0.0,0.0,0.0,0.0,0.2964144500716529,0.0
134,0.01967289664990754,0.0026508405676080042,0.001988130425706003,0.015133634697123088,0.2480838965810342,0.04608785573984679,0.001154939821508319,0.001087743052889544,5e-324,0.0,0.0,0.0,0.0,0.2964144351952788,0.0
135,0.019672907171163736,0.0026508405676080042,0.001988130425706003,0.015133620278763318,0.24808391689250553,0.046087837446583055,0.0011549464462300614,0.0010877492871310085,5e-324,0.0,0.0,0.0,0.0,0.2964144500724496,0.0
136,0.019672896635957126,0.0026508405676080042,0.001988130425706003,0.015133634721924185,0.2480838969497154,0.04608785534949517,0.0011549398481688136,0.001087743069386766,5e-324,0.0,0.0,0.0,0.0,0.2964144352167662,0.0
137,0.019672907176138853,0.0026508405676080042,0.001988130425706003,0.01513362026863701,0.24808391671915836,0.04608783763179611,0.0011549464304106824,0.0010877492760694501,5e-324,0.0,0.0,0.0,0.0,0.29641445005743455,0.0
138,0.019672896643350132,0.0026508405676080042,0.001988130425706003,0.015133634708892415,0.24808389678442685,0.0460878555257687,0.0011549398355858423,0.0010877430613811345,5e-324,0.0,0.0,0.0,0.0,0.29641443520716254,0.0
139,0.019672907171467878,0.0026508405676080042,0.001988130425706003,0.015133620278163748,0.24808391688101536,0.0460878374587572,0.0011549464452916035,0.0010877492865139491,5e-324,0.0,0.0,0.0,0.0,0.29641445007157813,0.0
