,Rs,Rj,Ra,Sj,Sa,Sb,Sga,Sgb,Cj,Ca,Cb,Cga,Cgb,Clupeid adult,Cod adult
0,0.0944958297738655,0.002360010199319118,0.002176812481719613,0.01967000743334907,0.1497226613178457,0.06644019993688467,0.0015661959572008865,0.007839955859010483,0.004311825789654094,0.00453236224576532,0.0034937892042977187,0.00018985298613466095,0.000998184874838097,0.2255690130709418,0.009214189311035795
1,0.09662627726633762,0.002305944238319955,0.0021740035168494286,0.018851158920762633,0.14182027825419968,0.0715436721446116,0.0016374618757966843,0.008689193782943697,0.004753397007340963,0.004832317403104668,0.0035871253087262703,0.00020457969375096437,0.0010356430789939903,0.22369060605755167,0.009659665484575891
2,0.08730521351820315,0.0022990832094015373,0.0021742615160229716,0.021840437519085446,0.15054909917310427,0.07036679380917316,0.0016062542873419784,0.008432068469900206,0.004831305501494027,0.0049356875932766225,0.0035710886139332385,0.00020942307889897015,0.0010247753632646362,0.23095421573951957,0.009740974649373468
3,0.09379703654103035,0.0022931153198868606,0.0021718457858557125,0.020897735438204376,0.14378034276045318,0.06930123399569418,0.0016640050185688794,0.00899108304422951,0.004868821674105227,0.005207465806501353,0.003702660642417017,0.00022088739140333936,0.0010658579925243595,0.22373666481894575,0.01019687183284607
4,0.09322970806290307,0.0022795544823049217,0.002170801498334635,0.020193313428643448,0.14380597612544932,0.07079249042712006,0.0017383061637274311,0.009091253791234735,0.0049566318445368055,0.0053665498839792465,0.0037729334385282532,0.00022793394241081102,0.0010866021446111537,0.22542802650753155,0.010454019409529464
5,0.0925922169623043,0.0022569098946876496,0.0021680846618703222,0.02207145920820674,0.13953292869256287,0.07190854056040241,0.0016691320430943103,0.009340892525584255,0.005209354434298476,0.005808431142468852,0.003919948782935158,0.0002500369282977879,0.0011385865966965533,0.22245149382164386,0.01111700345039835
6,0.10236646203628036,0.0021692390302441122,0.0021511833385774778,0.02119807787927796,0.12670357924865006,0.07166957484681045,0.001657895840778251,0.010392665618549565,0.005843688659027314,0.006805930830434224,0.004521977542196306,0.00028476565303489295,0.0012899888260982457,0.21042371555478834,0.012902662851763667
7,0.09031687450066371,0.0022195388135634003,0.0021661274771469885,0.02304033415740072,0.13790547054128635,0.0737524642028397,0.0017672878749748213,0.009952900591732204,0.00546848933371746,0.00620200980921175,0.004028122281344188,0.0002681716873204414,0.0011686860839622058,0.22337812321083308,0.011666989861838586
8,0.09282479676374243,0.0020888371992964193,0.0021556661689443534,0.02315847565011598,0.12452555990671606,0.079673978508797,0.0018803832058498552,0.011816407743935615,0.0066192835686306566,0.007639265199084463,0.004811461979943972,0.00033637813646051316,0.001422895105749388,0.21789632936529854,0.014210000421238335
9,0.1076007290510852,0.0020038711320319435,0.0021337379533864606,0.021338252948732234,0.10776801059241099,0.07812471356881466,0.0019367587371715768,0.013031995115204167,0.007147016725888692,0.008939822641468883,0.005498187097999516,0.00037906979218126037,0.0016029137261852375,0.20086147801360144,0.016419993257834897
10,0.11560656024118576,0.002018858709667036,0.0021277882628775195,0.02280670726923265,0.09698888053862846,0.0746367844795509,0.001887212103167276,0.014081157710620545,0.007094429909881808,0.009552593463194885,0.005652242802167054,0.00040065855335123823,0.0016586499400030735,0.18759403483196715,0.01726414475871625
11,0.11300096977466072,0.0019500509148418041,0.0021253486111999726,0.022654183625402197,0.09428107273621848,0.07898171057760553,0.0019918128433090653,0.015266538189013731,0.007694285087669108,0.010314305361458512,0.0057998078134045405,0.00044175859840456016,0.0017449159747369887,0.19052113434614681,0.0183007877480046
12,0.12116888789361267,0.0018170142511908876,0.0021092870514733564,0.022108552029372754,0.07954869518765001,0.08060236284396928,0.0020636626285433016,0.017244856026853862,0.00871576933004436,0.012006313516032105,0.0063969250891137315,0.0005217628119130982,0.0019594656451034746,0.17945957668701645,0.02088446706216241
13,0.11958485927357645,0.001837232494498804,0.002114358488989852,0.022745743618224838,0.08091230123551514,0.0800110501572296,0.002057599774828014,0.01720665230012804,0.008547062175268315,0.011882949122117573,0.006089880364497086,0.0005226544150623896,0.0018731886307737635,0.1801876034677008,0.020368672532450813
14,0.1172186702443407,0.0017558249624796977,0.002113651749707213,0.022719461510317004,0.07817504008514584,0.08339674345133694,0.0021467936909814523,0.018771405843635892,0.009300718675456688,0.012659212659595251,0.0064273979567379055,0.0005765887017647587,0.0020074291055125894,0.18248998307110012,0.0216706284236105
15,0.11754467926232158,0.001742405088955204,0.0021102308386101607,0.02334073603040317,0.07479988239245462,0.08413194879211537,0.0022188779911974754,0.02016299581403232,0.009491322399061851,0.013288379020128818,0.00657604283470296,0.0006108698757117613,0.0020584617145600432,0.1813137049897998,0.022533753445103583
16,0.1226986297056104,0.0016517875900155256,0.0021046598303278517,0.02265313576971732,0.06513027262842105,0.08548796035326077,0.002250387841417354,0.022406955668604817,0.010400766301241378,0.01407887612672051,0.0068704697508694765,0.0006570487341534439,0.0021574191579984514,0.175275576491704,0.02376381376974188
17,0.11332587787970909,0.00164268992238769,0.0021076767436438684,0.02406240607588012,0.06904203428342263,0.09001015185978654,0.0023386761562255417,0.02319080345990104,0.0107282486758335,0.014558096138481257,0.006925053283118959,0.000692289024109114,0.002192785246582628,0.18458166575933574,0.024368223692291958
18,0.11420917839709147,0.0015867194497837835,0.002104210336799667,0.02399638691032154,0.06360890218477752,0.09183581485681046,0.002441327063727828,0.025854881580452092,0.011407781463752951,0.015336311406939042,0.007174363676969857,0.0007390794745401787,0.002280953195965256,0.1837409256857679,0.025530707754414333
19,0.11243001851036549,0.0015803442169511613,0.002103975180402093,0.024370217439685562,0.0633648063347824,0.09281876253721116,0.0024893712705397813,0.02666920852065191,0.011553469044693631,0.015631969606179772,0.007145258793011381,0.0007569620794114695,0.0022735356704224148,0.18534214866318527,0.025807726149025035
20,0.10916337092334295,0.0015699547748456067,0.002103516652902366,0.024796595293493456,0.06397846235009418,0.09487777136472864,0.002538570623535549,0.02745632416850165,0.011769353173665398,0.01604938533316754,0.007159038472720615,0.0007824303064059252,0.0022826984952432415,0.18885112850686,0.02627355260753732
21,0.10564477348917656,0.0015633230631886999,0.0021037010318215965,0.025265236722459807,0.06495643361128449,0.09688766830361678,0.002590742346543132,0.02812801733155149,0.011948347134367675,0.016398912875490126,0.007137593885339459,0.0008043219534685264,0.0022797858193557598,0.19256286159299593,0.026620614533653872
22,0.10244769537509242,0.0015629040684346147,0.0021044044208871444,0.025660621670632988,0.06640705401730282,0.09859398394623092,0.0026267153057059557,0.028292338976291662,0.012036645266124205,0.016600469472441565,0.007028802100493081,0.0008171280518826314,0.002246057327947167,0.1959200922455314,0.026692456952764447
23,0.09905339212219638,0.0015636882956235566,0.0021054937294049943,0.026075745624620405,0.06808132485477597,0.10036746684521998,0.002662574988443501,0.02836289538527269,0.012114107238886958,0.0167608863350326,0.006900992954591913,0.0008278333681384716,0.002206042895752662,0.19947426207371213,0.026695755553515648
24,0.09567055707357235,0.001565000049443241,0.002106772261819835,0.02648568938130218,0.06982460393106837,0.10212189072124421,0.002696264780985521,0.028371226355118066,0.012183498011075123,0.01689215009976459,0.006763061877542798,0.0008369564496223601,0.0021625204683275033,0.20301398578841617,0.02665468889525725
25,0.09231211397559372,0.0015668726368731083,0.002108247116360909,0.026888066114706975,0.07163864369807223,0.10384894154571107,0.0027272919502707655,0.028311441722555696,0.012243793521743965,0.01699127135311619,0.0066145400002063015,0.0008443235157049206,0.0021153446936712245,0.20652631891660972,0.026565479562698637
26,0.08898963687815,0.0015693353765498573,0.002109924283054257,0.027280518712452972,0.07352553356284508,0.10554099108603432,0.0027551630614950084,0.02817849595383099,0.012294039491724515,0.01705550376875358,0.006455174944845483,0.0008497757907484785,0.0020644457499145426,0.2100001836642054,0.026424900254262088
27,0.08571406807062718,0.0015724107960810845,0.0021118071254428044,0.027660611477759212,0.07548700078431193,0.10719089004349705,0.002779382538196574,0.027968496332033937,0.012333368551615327,0.017082512584299124,0.0062849894459078995,0.0008531779499660056,0.002009847144066599,0.2134257696980395,0.026230527124239626
28,0.08249508125488692,0.001576114036405098,0.00211389622210645,0.0280259067619796,0.07752451141516876,0.10879235205284568,0.00279947014074515,0.027678954411168074,0.012361028467925078,0.01707048139764731,0.006104300050304587,0.0008544245579400132,0.0019516719622013645,0.21679528801992765,0.02598087796809328
29,0.07934060850227265,0.0015804530786383405,0.002116189448763536,0.028374028235682643,0.0796393877268034,0.11034024579600248,0.0028149744771992337,0.027308911276490603,0.012376395560850817,0.017018170593412207,0.005913708819861195,0.000853443743707745,0.0018901398513016517,0.2201035192764957,0.025675463008282797
30,0.07625655182989302,0.0015854299868477645,0.002118682353260609,0.028702709693945463,0.08183294232240844,0.11183078310393589,0.0028254802025435236,0.02685891671773519,0.012378970401935138,0.016924914966226393,0.005714066831589652,0.0008501974135025596,0.0018255544067743083,0.22334812234662307,0.025314733618092916
31,0.07324672269768624,0.0015910430057416252,0.0021213687404789297,0.029009824331955123,0.08410656557898856,0.11326160630813065,0.0028306064608671047,0.026330878885877634,0.012368356970963949,0.016790565696208532,0.00550641618704341,0.0008446782250914407,0.0017582832312338134,0.2265296572338639,0.024899943339577197
32,0.0703130127438708,0.001597289157634756,0.0021242413206993362,0.029293395993555855,0.08646166562014126,0.11463182717514697,0.002829995146878431,0.02572783531312106,0.012344230721718006,0.016615396315993205,0.005291922099144482,0.000836904366042316,0.0016887345605267696,0.22965132325528775,0.024432957341706772
33,0.06745578678560321,0.0016041668492657126,0.002127292228981246,0.02955159920896929,0.08889928536522214,0.11594212914586012,0.002823288100755109,0.025053726220119244,0.012306304004466303,0.016400003019884618,0.00507180851712177,0.0008269137739608577,0.0016173349551330265,0.23271842883195665,0.023916060266100273
34,0.06467445279738593,0.0016116779399512906,0.002130513179236225,0.029782779407688358,0.09141914407139604,0.11719511041560146,0.0028100909912633235,0.024313241130953966,0.01225430316750629,0.016145240913996696,0.004847310845875622,0.0008147600241462333,0.0015445125211732455,0.2357375866092148,0.023351824305191796
35,0.06196848316087954,0.001619827994824201,0.002133894852442579,0.029985469510595133,0.0940172747613414,0.11839625589937702,0.0027899215056302264,0.023511979763824863,0.01218796914909255,0.015852247589817566,0.00461965964030239,0.0008005125189628043,0.001470690009019736,0.23871543193017353,0.022743109758102495
36,0.05933850471379446,0.0016286241948165407,0.00213742493822817,0.03015865375872625,0.0966817924794346,0.11955591116916044,0.002762124652450356,0.02265674595104004,0.012107139991773942,0.01552266883823877,0.004390116711811664,0.0007842668436510592,0.0013962945138104607,0.24165657425208545,0.022093346907511954
37,0.056788968630902874,0.0016380672435355676,0.002141083942472507,0.030301996082745423,0.09938372742267654,0.1206934386080007,0.00272579042291184,0.02175707419685208,0.012011899846227156,0.01515916094125475,0.004160081599866031,0.0007661688981228487,0.0013217889779957505,0.24456003065044116,0.021407200417239383
38,0.054329051858487486,0.0016481342113133753,0.0021448416481439584,0.030416187315376434,0.10207193772324062,0.1218397298673512,0.002679798517458051,0.02082532148962429,0.011902876183548145,0.014765910660141896,0.003931187967270265,0.0007464408867644508,0.0012477029377769918,0.2474167875976742,0.020691242451953605
39,0.05196013283204822,0.001658835183256624,0.0021486807833803875,0.03050157314637609,0.10471830985717072,0.12301582864637282,0.002623845620604633,0.019869340190613777,0.011780218500602995,0.014345767093814554,0.003704633661124527,0.000725241412674514,0.0011744335545602399,0.25022732431476197,0.019950075722173836
40,0.04970442666625873,0.001670042887787896,0.002152540152595811,0.030562432178723047,0.10734761172576476,0.12414001981290514,0.0025647565728413903,0.01893045319136221,0.011646666197177642,0.0139082764126797,0.003483184136514631,0.000703071390924236,0.0011028759044461973,0.2529828413028735,0.01919740784456476
41,0.040137527077504766,0.0018551427717559618,0.002172261800188226,0.03171328205540594,0.13597408226826194,0.11447912893628706,0.002395218645384148,0.01445056758274004,0.0092531019276681,0.011482619904406414,0.0028829652659767353,0.0005812131800027025,0.0009180322795432183,0.2672989974326732,0.015864830629929067
42,0.034821727489166614,0.0019545955945743307,0.0021841665895226377,0.031996646998757344,0.1516082926307656,0.1098962953568363,0.0023970229930160717,0.012375338175638866,0.008035682192970642,0.00994825110897705,0.002445041308513387,0.0005039301425328675,0.000779998543017703,0.2762769491562569,0.013677221103041004
43,0.03327083583357165,0.0019778201438345753,0.002187898632483954,0.03194392320979191,0.15543334903255313,0.10937398010255495,0.002389967759235353,0.011797288186385906,0.007780653300898435,0.009444277773976814,0.0022494537525343584,0.0004780946936696354,0.0007165722166357375,0.27899458508072933,0.012888398436816544
44,0.03174504430864541,0.0020019555069971324,0.002191800525917684,0.031798607577094795,0.15946380967518872,0.10882423325312598,0.002379896323988087,0.011194003868993383,0.007513845840222987,0.008903814312088901,0.002055010152622434,0.0004504185010990788,0.0006536943989053692,0.2818619431212962,0.012062937364715783
45,0.030209772289402737,0.002028240327914867,0.0021960140032901863,0.03153381542963089,0.16390210995997567,0.10818821512842343,0.0023651336312599577,0.010541663425250843,0.007220904802682983,0.00830564773318635,0.0018575474348349647,0.00041984290484424274,0.0005900627877733366,0.2849971221449099,0.011173100860638894
46,0.02860717118143657,0.0020589574686250326,0.0022008048060011705,0.031093163885457922,0.16912242070725475,0.107359348895539,0.0023425804257869325,0.009797090948318364,0.006876223389494638,0.007608856250313685,0.0016492317974047977,0.00038432000310218713,0.000523223229143702,0.28862144097689907,0.010165631279964372
47,0.026804063677530018,0.0020999454539743956,0.0022068359718239515,0.03032579009320131,0.17607304086696265,0.1060585070539809,0.0023042157027622734,0.008853795052119542,0.006416202325263851,0.0067098680841991155,0.001410412895453457,0.00033865703845776786,0.000447016722540527,0.29328955867582535,0.008905954740650868
48,0.024321805100466654,0.002178112219902112,0.002216833956701455,0.028543336423409647,0.1889738460468131,0.10286607510132824,0.002211903690377706,0.007272949487327093,0.005562519064035073,0.005179005470212473,0.0010598609346255572,0.00026129555035732675,0.0003359565506020999,0.3013247743258462,0.006836118505797456
49,0.020094592330889144,0.0026706661377710154,0.0022447772069243747,0.020200919204135945,0.24980295720168508,0.07326832916161728,0.0016363173551208834,0.0025659396618557544,0.0017214937706503681,0.000810441490573552,0.00017148337477658227,4.113795988776191e-05,5.4835618740022765e-05,0.327273543380279,0.001077898443977919
50,0.01959134655819201,0.002998689404127627,0.0022499933891571068,0.017298309304238747,0.27881413119224074,0.05320646936580931,0.0013224902902459945,0.0012723605896579919,5.739079451146261e-06,1.0208033303397234e-06,2.1273815439933745e-07,5.207904555171362e-08,6.817521743189047e-08,0.33461545143795407,1.353795747722665e-06
51,0.019604508533108342,0.0029999982844122856,0.00224999999209003,0.017227618295095035,0.27932138760488795,0.052804644554320115,0.0012971231551989243,0.0012392979048820702,7.49890570647818e-09,1.2223228334250343e-09,2.4593553287367965e-10,6.233346516880925e-11,7.862543438733556e-11,0.33466245321928906,1.609217265854859e-09
52,0.019607912426221927,0.002999999998194159,0.002249999999991958,0.017211810871203295,0.2794308062110549,0.05271613817567894,0.001291263272209488,0.0012319361529774717,7.891345790461056e-12,1.2439505887752038e-12,2.417126865115167e-13,6.335743393460728e-14,7.709049085434512e-14,0.33467014381192084,1.6261112000756728e-12
53,0.019609308921185214,0.002999999999998375,0.002249999999999992,0.01720536085215708,0.2794756286023022,0.052679817077748915,0.0012889006944649891,0.0012289606513234445,7.1008431568350765e-15,1.0931593073165318e-15,2.051345772857144e-16,5.559801982457322e-17,6.526783823804171e-17,0.3346733070258395,1.4191597426648611e-15
54,0.019610014633172024,0.0029999999999999975,0.0022499999999999985,0.017202110982298503,0.27949824041372107,0.05266148155128652,0.0012877174788821113,0.0012274687111639795,5.557321271970093e-18,8.381966484900818e-19,1.5189400962364439e-19,4.2566907924990664e-20,4.821241714524896e-20,0.33467490815505363,1.0808699831839659e-18
55,0.019610408509003557,0.0029999999999999988,0.0022499999999999985,0.017200300396818708,0.2795108443974759,0.0526512577015277,0.001287060504633429,0.0012266397923512964,3.818230580247982e-21,5.650045244285876e-22,9.887006026260089e-23,2.864907895548161e-23,3.1306894897460106e-23,0.3346758023959884,7.238305585441302e-22
56,0.019610640589930204,0.0029999999999999988,0.0022499999999999985,0.0171992346249398,0.27951826621084047,0.05264523614654385,0.0012866745719340641,0.001226152655817198,2.3187833584376283e-24,3.368710311842904e-25,5.692118151400804e-26,1.7054637372418016e-26,1.7980642342990733e-26,0.3346763295851356,4.288274924137073e-25
57,0.019610781915553658,0.0029999999999999988,0.0022499999999999985,0.01719858631100535,0.27952278009497716,0.05264157359942508,0.0012864401362788229,0.0012258566901586585,1.2517910792698144e-27,1.7861498040899226e-28,2.9141061454715225e-29,9.028318511469758e-30,9.183157498920802e-30,0.3346766505208397,2.25967517874098e-28
58,0.01961086920678232,0.0029999999999999988,0.0022499999999999985,0.017198185884224067,0.2795255679542234,0.05263931154737514,0.0012862953321705955,0.0012256738928300294,6.037763031529806e-31,8.463409106430789e-32,1.3331855443381297e-32,4.271063019908604e-33,4.191138319346823e-33,0.3346768487265992,1.064281478469446e-31
59,0.019610924020559646,0.0029999999999999988,0.0022499999999999985,0.01719793450332251,0.27952731901448596,0.05263789052028859,0.0012862045360139507,0.0012255592365085514,2.6140464606055967e-34,3.6002225800543207e-35,5.475371643328185e-36,1.8139028273793904e-36,1.71715376101903e-36,0.33467697330729707,4.500865403226981e-35
60,0.01961095889512936,0.0029999999999999988,0.0022499999999999985,0.017197774773047934,0.27952843206956096,0.05263698703740535,0.001286146981059231,0.0012254865030907316,1.0203066493657256e-37,1.3808203820077327e-38,2.0274132876353193e-39,6.945584937695274e-40,6.342954490387016e-40,0.3346770525911163,1.7164471050520872e-38
61,0.019610980985782515,0.0029999999999999988,0.0022499999999999985,0.017197673414469296,0.2795291369555583,0.05263641527424673,0.0012861102605174967,0.0012254401904908093,3.6050222477042055e-41,4.7944386309779844e-42,6.7958875751194976e-43,2.407629976002503e-43,2.1210399009793757e-43,0.33467710268081335,5.926894376188123e-42
62,0.01961099496161638,0.0029999999999999988,0.0022499999999999985,0.017197609379101607,0.2795295838433844,0.05263605240526917,0.001286087221202827,0.0012254110535652243,1.157531321120851e-44,1.51291377030677e-45,2.0701843815807655e-46,7.584730931099758e-47,6.445620537002439e-47,0.3346771345234216,1.8602357231458686e-45
63,0.019611003926615304,0.0029999999999999988,0.0022499999999999985,0.017197568282259327,0.27952987030441495,0.052635819885226746,0.001286072400146596,0.0012253923286065717,3.390077826909565e-48,4.354798554809701e-49,5.752187249343253e-50,2.1795260256264453e-50,1.7866585549799622e-50,0.3346771549183949,5.3266357378046674e-49
64,0.01961100965149248,0.0029999999999999988,0.0022499999999999985,0.0171975420385833,0.27953005317615615,0.052635671460209296,0.0012860629318671244,0.0012253803687825254,9.087961236110576e-52,1.147432220053592e-52,1.4630066262356673e-53,5.7330166421311e-54,4.5332278806570986e-54,0.33467716793701513,1.3963953279050408e-52
65,0.019611013305762856,0.0029999999999999988,0.0022499999999999985,0.01719752528822981,0.2795301698586784,0.05263557676358263,0.0012860568868596012,0.001225372734402502,2.2374800878147887e-55,2.7768206123372484e-56,3.4174810187225754e-57,1.385034364427496e-57,1.0563796481479122e-57,0.33467717624352317,3.362710115467047e-56
66,0.019611015639159977,0.0029999999999999988,0.0022499999999999985,0.01719751459289191,0.27953024431647366,0.05263551634469926,0.001286053024146641,0.001225367857961767,5.0754650088800455e-59,6.191840136356733e-60,7.355331649323355e-61,3.0830715230683965e-61,2.2681347563726376e-61,0.33467718154328135,7.462493929233172e-60
67,0.019611017096479406,0.0029999999999999988,0.0022499999999999985,0.01719750789977785,0.2795302907955859,0.052635478661362096,0.0012860505919271704,0.0012253647948107657,1.0639952945304837e-62,1.276049950269288e-63,1.4630530800579619e-64,6.342747639956171e-65,4.500693653392709e-65,0.33467718484368586,1.5307896712085732e-63
68,0.0196110180158117,0.0029999999999999988,0.0022499999999999985,0.017197503700608494,0.2795303200647014,0.05263545489445085,0.001286049085837899,0.001225362889147229,2.0673414875235026e-66,2.437557160973049e-67,2.697386341009898e-68,1.2094986232210351e-68,8.277810296429223e-69,0.3346771869341374,2.911023760360435e-67
69,0.01961101846853143,0.0029999999999999988,0.0022499999999999985,0.01719750155722274,0.2795303345559999,0.05263544326589157,0.0012860482466921272,0.0012253618606920546,3.733323388344683e-70,4.327979326390308e-71,4.62227607570791e-72,2.1437376557434913e-72,1.4150812586091694e-72,0.33467718792927564,5.146088825396366e-71
70,0.01961101876686825,0.0029999999999999988,0.0022499999999999985,0.017197500222701972,0.27953034401929655,0.0526354355314862,0.001286047793052376,0.0012253612746693052,6.2825445623560755e-74,7.161534780892124e-75,7.38152235407631e-76,3.54098176502071e-76,2.254368595275115e-76,0.33467718861850443,8.479222052329338e-75
71,0.019611018928271707,0.0029999999999999988,0.0022499999999999985,0.01719749946641116,0.2795303491647817,0.052635431390454936,0.0012860475041578828,0.0012253609179206178,9.87696588334813e-78,1.1071602714978749e-78,1.1013022260338638e-79,5.46455235191323e-80,3.355361834369298e-80,0.33467718897731513,1.3054896359640867e-78
72,0.019611019104762848,0.0029999999999999988,0.0022499999999999985,0.01719749868760159,0.2795303547427029,0.05263542681365114,0.0012860472493889865,0.0012253605840647646,1.4541164797617126e-81,1.6030219352209038e-82,1.538788819721878e-83,7.897790536895012e-84,4.676986899542184e-84,0.3346771893898077,1.8826485915574635e-82
73,0.019611019298594167,0.0029999999999999988,0.0022499999999999985,0.017197497825903376,0.27953036084104077,0.052635421828330274,0.0012860469591204973,0.0012253602084327528,2.0093363073080754e-85,2.1786350615939283e-86,2.018158005022694e-87,1.0714412499173914e-87,6.119234185889343e-88,0.3346771898369243,2.54878732894683e-86
74,0.01961101948350097,0.0029999999999999988,0.0022499999999999985,0.017197496998066025,0.2795303666580911,0.052635417084943764,0.0012860466743087773,0.0012253598429266333,2.611720475738505e-89,2.785413917809647e-90,2.489885336470309e-91,1.3673735034033296e-91,7.531415061779499e-92,0.33467719026027026,3.2464539524148055e-90
75,0.019611019642546287,0.0029999999999999988,0.0022499999999999985,0.017197496282674248,0.27953037166119077,0.0526354130122304,0.0012860464247352293,0.0012253595243763354,3.1997723640846657e-93,3.3570214613596605e-94,2.8956806579797392e-95,1.6449815605133415e-95,8.737834785784238e-96,0.33467719062253276,3.8984660310668113e-94
76,0.019611019770524707,0.0029999999999999988,0.0022499999999999985,0.017197495705265128,0.2795303756864913,0.05263540973916883,0.001286046221514293,0.0012253592658848747,3.7024093172214954e-97,3.82149497553031e-98,3.1807165613062042e-99,1.8691570494834393e-99,9.574910393056745e-100,0.3346771909130593,4.422231440539842e-98
77,0.019611019869303734,0.0029999999999999988,0.0022499999999999985,0.017197495258756374,0.27953037879268067,0.05263540721531646,0.0012860460634801683,0.001225359065313706,4.053557112919103e-101,4.116629090442194e-102,3.3061068846239204e-103,2.009814796884764e-103,9.928506610721667e-104,0.334677191136791,4.747506324700279e-102
78,0.01961101994352074,0.0029999999999999988,0.0022499999999999985,0.017197494922869955,0.27953038112596773,0.0526354053204,0.0012860459441628091,0.0012253589141006799,4.2067732855311074e-105,4.203922233253272e-106,3.2576301805590935e-107,2.0486469417128243e-107,9.759484212180499e-108,0.33467719130463125,4.832144787602269e-106
79,0.019611019998326498,0.0029999999999999988,0.0022499999999999985,0.01719749467464207,0.2795303828486832,0.052635403921797455,0.0012860458557735002,0.0012253588021896905,4.145338658353592e-109,4.0767111374798206e-110,3.0480185219090664e-111,1.9829739180890457e-111,9.109646751517931e-112,0.3346771914284439,4.6709068489948117e-110
80,0.019611020038337593,0.0029999999999999988,0.0022499999999999985,0.01719749449332823,0.27953038410616954,0.052635402901126505,0.0012860457911056395,0.001225358720366388,3.8848181903446443e-113,3.7601901381199564e-114,2.7124811469248727e-115,1.825610301328006e-115,8.087426725160839e-116,0.334677191518768,4.294873550196853e-114
81,0.01961102006732878,0.0029999999999999988,0.0022499999999999985,0.017197494361911297,0.27953038501716193,0.05263540216181169,0.0012860457441834104,0.0012253586610227703,3.467760298166913e-117,3.30386806394777e-118,2.2994166604095915e-119,1.601064730847952e-119,6.839461199774407e-120,0.3346771915841798,3.762310815071268e-118
82,0.019611020088230357,0.0029999999999999988,0.0022499999999999985,0.017197494267149813,0.2795303856738254,0.05263540162895406,0.0012860457103255455,0.0012253586182146249,2.9527789700013567e-121,2.7693946227224577e-122,1.8595452512287945e-123,1.3395403313959524e-123,5.517882967149125e-124,0.33467719163131965,3.144482010656424e-122
83,0.019611020103239413,0.0029999999999999988,0.0022499999999999985,0.017197494199087057,0.2795303861453918,0.05263540124632289,0.0012860456859929452,0.0012253585874563153,2.401715627146785e-125,2.217695336259782e-126,1.436612560364892e-127,1.0706672881262446e-127,4.252730691601338e-128,0.33467719166516396,2.5109506280249092e-126
84,0.01961102011399495,0.0029999999999999988,0.0022499999999999985,0.017197494150310397,0.27953038648328177,0.052635400972170066,0.0012860456685507247,0.0012253585654107323,1.86851789921843e-129,1.6988316905566006e-130,1.061678438706337e-131,8.186188966791519e-132,3.1353405376262955e-132,0.3346771916894133,1.918214829471413e-130
85,0.019611020121683694,0.0029999999999999988,0.0022499999999999985,0.01719749411543357,0.27953038672483144,0.052635400776200554,0.0012860456560706067,0.00122535854964065,1.3922161075053072e-133,1.2464623260801992e-134,7.514770386803986e-136,5.9949628886087586e-136,2.2139712613360296e-136,0.33467719170674326,1.4036993714476871e-134
86,0.019611020127176252,0.0029999999999999988,0.0022499999999999985,0.017197494090517802,0.27953038689741033,0.05263540063618404,0.0012860456471556567,0.001225358538375012,9.946544607185468e-138,8.77022891839381e-139,5.100708353073571e-140,4.210090972616962e-140,1.4991751717341378e-140,0.3346771917191251,9.851226368136277e-139
87,0.019611020131089195,0.0029999999999999988,0.0022499999999999985,0.01719749407276978,0.27953038702031824,0.052635400536470194,0.0012860456408049666,0.0012253585303503866,6.821683842968097e-142,5.924386227509799e-143,3.3238013160552795e-144,2.838536654307078e-144,9.745938900246848e-145,0.3346771917279438,6.6380794135485045e-143
88,0.019611020133880892,0.0029999999999999988,0.0022499999999999985,0.017197494060106667,0.2795303871080228,0.05263540046531462,0.001286045636274191,0.0012253585246250521,4.496127868494242e-146,3.846364679925151e-147,2.0816294971533385e-148,1.8393724616933732e-148,6.089195950697422e-149,0.3346771917342367,4.299356835316796e-147
89,0.01961102013587379,0.0029999999999999988,0.0022499999999999985,0.017197494051068327,0.27953038717060574,0.05263540041454314,0.0012860456330398406,0.0012253585205384148,2.8507879821918366e-150,2.402612381020915e-151,1.2542587792408647e-152,1.1467496073953907e-152,3.6602667174241053e-153,0.3346771917387272,2.6793158868587818e-151
90,0.019611020137292018,0.0029999999999999988,0.0022499999999999985,0.01719749404463114,0.27953038721517554,0.052635400378388646,0.0012860456307334995,0.0012253585176253473,1.7406062827193427e-154,1.4453507586544994e-155,7.278072185596012e-157,6.88527829428734e-157,2.1189085716474252e-157,0.33467719174192306,1.6081733491698072e-155
91,0.019611020138306328,0.0029999999999999988,0.0022499999999999985,0.017197494040032495,0.2795303872470411,0.05263540035253125,0.001286045629090315,0.0012253585155478776,1.0243666981050899e-158,8.38163870365751e-160,4.070998341079372e-161,3.985091694153933e-161,1.1824105569985917e-161,0.33467719174421057,9.305488762880703e-160
92,0.0196110201390244,0.0029999999999999988,0.0022499999999999985,0.017197494036769685,0.27953038726966123,0.05263540033417826,0.0012860456279211977,0.0012253585140706356,5.815945409898285e-163,4.689659813161092e-164,2.197007049146833e-165,2.2254084862427977e-165,6.366072845789346e-166,0.3346771917458314,5.195562095157949e-164
93,0.019611020139536098,0.0029999999999999988,0.0022499999999999985,0.017197494034452122,0.2795303872856846,0.052635400321182066,0.0012860456270919393,0.0012253585130233028,3.1883617528711048e-167,2.5338608610281734e-168,1.1449334518951557e-169,1.2000743451421667e-169,3.3097445176828936e-170,0.3346771917469819,2.801459085908735e-168
94,0.01961102013989795,0.0029999999999999988,0.0022499999999999985,0.017197494032807764,0.2795303872970867,0.052635400311930404,0.00128604562650306,0.0012253585122791184,1.6890883186991494e-171,1.323147129044557e-172,5.766366656746688e-174,6.254442122170769e-174,1.662998560920801e-174,0.3346771917477992,1.4599852024429396e-172
95,0.019611020140155686,0.0029999999999999988,0.0022499999999999985,0.017197494031637537,0.2795303873052111,0.05263540030533582,0.0012860456260847493,0.0012253585117499503,8.653927743444439e-176,6.682760760554258e-177,2.808897793585223e-178,3.15275014699595e-178,8.081691972820484e-179,0.3346771917483816,7.359742474340581e-177
96,0.019611020140343823,0.0029999999999999988,0.0022499999999999985,0.017197494030785437,0.27953038731108754,0.052635400300572587,0.0012860456257789519,0.001225358511364349,4.291146289569461e-180,3.266998098971894e-181,1.3243540340439077e-182,1.538274927396832e-182,3.801443682833625e-183,0.33467719174880345,3.591275431944304e-181
97,0.019611020140470743,0.0029999999999999988,0.0022499999999999985,0.017197494030206675,0.27953038731510443,0.0526354002973137,0.0012860456255709902,0.001225358511101728,2.060823007163559e-184,1.5470165913949222e-185,6.048040340978106e-187,7.269923020013361e-187,1.731963115365744e-187,0.33467719174909083,1.6975158561584943e-185
98,0.01961102014056625,0.0029999999999999988,0.0022499999999999985,0.01719749402978167,0.2795303873180288,0.05263540029494013,0.0012860456254220113,0.0012253585109127975,9.59200639993571e-189,7.100484704915409e-190,2.677080948269908e-191,3.330205264710146e-191,7.648325716381306e-192,0.33467719174930377,7.777696583377226e-190
99,0.019611020140643448,0.0029999999999999988,0.0022499999999999985,0.017197494029432707,0.2795303873204192,0.05263540029300556,0.0012860456252960434,0.0012253585107545194,4.3297249027515333e-193,3.16088258636885e-194,1.1492777284056457e-195,1.4795785364946206e-195,3.2757610165942844e-196,0.3346771917494753,3.456525823024819e-194
100,0.01961102014068368,0.0029999999999999988,0.0022499999999999985,0.01719749402924125,0.2795303873218203,0.05263540029185878,0.0012860456252275262,0.0012253585106664217,1.8965364554097384e-197,1.3656007588197203e-198,4.788206028337205e-200,6.379676027745802e-200,1.3615821652845618e-200,0.33467719174957306,1.4908954010333961e-198
101,0.019611020140717663,0.0029999999999999988,0.0022499999999999985,0.017197494029092292,0.27953038732278207,0.0526354002910897,0.0012860456251725502,0.0012253585105989329,8.066182148233508e-202,5.729143929987251e-203,1.9371382316451758e-204,2.671212679566907e-204,5.495622853252905e-205,0.33467719174964333,6.244935249640988e-203
102,0.019611020140741127,0.0029999999999999988,0.0022499999999999985,0.01719749402898305,0.2795303873235703,0.052635400290445424,0.001286045625134076,0.0012253585105494894,3.332922428031527e-206,2.3353415386236988e-207,7.614343165798089e-209,1.0867051258501598e-208,2.1551402349548702e-209,0.3346771917496993,2.5417068852162443e-207
103,0.019611020140756493,0.0029999999999999988,0.0022499999999999985,0.0171974940289143,0.2795303873240386,0.0526354002900666,0.0012860456251091942,0.0012253585105182463,1.3386475441068937e-210,9.254201159840379e-212,2.909521146507548e-213,4.297754613550851e-213,8.215857621479595e-214,0.3346771917497327,1.0057087312061017e-211
104,0.019611020140767346,0.0029999999999999988,0.0022499999999999985,0.0171974940288682,0.27953038732434193,0.05263540028982188,0.0012860456250934661,0.001225358510498457,5.228947578838412e-215,3.5667948014442075e-216,1.0813110594262493e-217,1.653183401630509e-217,3.0462943411675395e-218,0.3346771917497558,3.870707190961559e-216
105,0.01961102014078014,0.0029999999999999988,0.0022499999999999985,0.01719749402880836,0.27953038732476115,0.05263540028948181,0.0012860456250715383,0.0012253585104708548,1.987387830460534e-219,1.3377683291699964e-220,3.9105044455070425e-222,6.188180694254532e-222,1.0991207025863123e-222,0.33467719174978533,1.4497463875934753e-220
106,0.019611020140786955,0.0029999999999999988,0.0022499999999999985,0.01719749402878152,0.2795303873249383,0.05263540028933755,0.0012860456250634303,0.0012253585104602567,7.353179857839064e-224,4.8848457668461056e-225,1.3768021064435255e-226,2.2551274945739468e-226,3.86079801810511e-227,0.33467719174979954,5.2866467071289034e-225
107,0.019611020140792218,0.0029999999999999988,0.0022499999999999985,0.017197494028750655,0.2795303873251918,0.052635400289127825,0.0012860456250513002,0.0012253585104445139,2.649640793874973e-228,1.7373311909092244e-229,4.72129933512176e-231,8.004608531117818e-231,1.3208747511510804e-231,0.3346771917498154,1.877799017083131e-229
108,0.019611020140794713,0.0029999999999999988,0.0022499999999999985,0.017197494028740996,0.27953038732523994,0.05263540028909175,0.0012860456250472592,0.001225358510439934,9.302605900602389e-233,6.020913302294998e-234,1.577571432118848e-235,2.7685745696210434e-235,4.403371040188523e-236,0.33467719174981886,6.499561612870872e-234
109,0.019611020140793335,0.0029999999999999988,0.0022499999999999985,0.017197494028746006,0.2795303873252056,0.05263540028912023,0.0012860456250486216,0.0012253585104418344,3.1835124898065913e-237,2.0340810288377037e-238,5.138450333489682e-240,9.334642078844533e-240,1.43095566116413e-240,0.3346771917498163,2.193121509572687e-238
110,0.019611020140796485,0.0029999999999999988,0.0022499999999999985,0.01719749402873485,0.2795303873252616,0.052635400289077164,0.0012860456250450422,0.0012253585104376155,1.0623402896804214e-241,6.701479617018895e-243,1.6321550484760644e-244,3.069268989166573e-244,4.534765422070977e-245,0.3346771917498214,7.216969675003868e-243
111,0.019611020140799462,0.0029999999999999988,0.0022499999999999985,0.017197494028722463,0.2795303873253525,0.052635400289001835,0.0012860456250412473,0.0012253585104324493,3.458115243816479e-246,2.1539364866413404e-247,5.057547584166999e-249,9.845353035331239e-249,1.4019561831496495e-249,0.334677191749828,2.3169850546678187e-247
112,0.019611020140804156,0.0029999999999999988,0.0022499999999999985,0.01719749402870115,0.27953038732549185,0.05263540028889046,0.0012860456250333087,0.001225358510422734,1.0984760857947642e-250,6.7563330527890575e-252,1.5294106694336265e-253,3.082073422964236e-253,4.22981420326387e-254,0.33467719174983834,7.259779604061482e-252
113,0.019611020140806533,0.0029999999999999988,0.0022499999999999985,0.017197494028688053,0.2795303873255964,0.05263540028880422,0.0012860456250282178,0.0012253585104161507,3.4061761381760845e-255,2.0689728451860596e-256,4.515059536682523e-258,9.419322974047129e-258,1.2458479659802847e-258,0.33467719174984495,2.2207751499531583e-256
114,0.01961102014080078,0.0029999999999999988,0.0022499999999999985,0.017197494028709404,0.27953038732549795,0.05263540028887675,0.001286045625036445,0.0012253585104253385,1.0313656894507122e-259,6.187389360978618e-261,1.301671642019293e-262,2.8112845403956284e-262,3.583513882865385e-263,0.3346771917498365,6.634520118048764e-261
115,0.019611020140802363,0.0029999999999999988,0.0022499999999999985,0.017197494028709813,0.2795303873254224,0.05263540028894834,0.0012860456250361172,0.0012253585104265762,3.050458236211984e-264,1.8076167623000685e-265,3.665855861306767e-267,8.196637454225081e-267,1.0069103820010709e-267,0.3346771917498335,1.9363107992753975e-265
116,0.01961102014080259,0.0029999999999999988,0.0022499999999999985,0.017197494028703512,0.27953038732549135,0.05263540028889041,0.0012860456250326445,0.001225358510422086,8.81569095482971e-269,5.160397698616148e-270,1.0088276758658286e-271,2.3353078979186757e-271,2.764661249260964e-272,0.3346771917498365,5.5224578684872085e-270
117,0.019611020140802574,0.0029999999999999988,0.0022499999999999985,0.017197494028706514,0.27953038732547103,0.05263540028890508,0.001286045625035244,0.0012253585104248317,2.4900789222959427e-273,1.4400053114005576e-274,2.7136417080327793e-276,6.503637561419728e-276,7.419739806220208e-277,0.3346771917498362,1.5395978439013028e-274
118,0.01961102014080014,0.0029999999999999988,0.0022499999999999985,0.017197494028716544,0.2795303873254299,0.05263540028893323,0.0012860456250401455,0.0012253585104300187,6.876331178878913e-278,3.92889259439273e-279,7.136791619676404e-281,1.7708972249264126e-280,1.9469381766032545e-281,0.33467719174983324,4.196819614848168e-279
119,0.019611020140804583,0.0029999999999999988,0.0022499999999999985,0.017197494028698794,0.27953038732552415,0.052635400288861114,0.0012860456250332645,0.0012253585104220826,1.8569656889804798e-282,1.0483769437036683e-283,1.8356279780786546e-285,4.715973738154559e-285,4.996300385367855e-286,0.3346771917498406,1.118889261251368e-283
120,0.019611020140806762,0.0029999999999999988,0.0022499999999999985,0.017197494028688996,0.27953038732559143,0.052635400288806804,0.001286045625029458,0.0012253585104173292,4.9053070367848627e-287,2.736638339727562e-288,4.618584672815275e-290,1.228575467287725e-289,1.2542649173050082e-290,0.334677191749845,2.9182243823575377e-288
121,0.019611020140806873,0.0029999999999999988,0.0022499999999999985,0.0171974940286892,0.27953038732557095,0.05263540028882689,0.0012860456250287492,0.0012253585104170933,1.2678008921015625e-291,6.989995722010428e-293,1.137058235229178e-294,3.13178328840197e-294,3.080926522987439e-295,0.33467719174984367,7.447689139603418e-293
122,0.019611020140806578,0.0029999999999999988,0.0022499999999999985,0.017197494028689815,0.27953038732557856,0.052635400288818565,0.001286045625029653,0.0012253585104178243,3.2067233233954617e-296,1.7474252648437173e-297,2.739736248575931e-299,7.813464689707175e-299,7.406745855773352e-300,0.3346771917498446,1.8603640200823217e-297
123,0.019611020140803043,0.0029999999999999988,0.0022499999999999985,0.01719749402870644,0.2795303873254414,0.052635400288933994,0.0012860456250346113,0.001225358510424888,7.939560639361005e-301,4.276427084405646e-302,6.462278497371418e-304,1.9083423995808162e-303,1.7431156770791103e-304,0.33467719174983485,4.549315266108233e-302
124,0.019611020140807466,0.0029999999999999988,0.0022499999999999985,0.01719749402868632,0.2795303873255971,0.0526354002888045,0.0012860456250280228,0.001225358510415951,1.9246468796810312e-305,1.0247524466435435e-306,1.492478828429202e-308,4.563776347416617e-308,4.0167275534489e-309,0.3346771917498455,1.0893317259554506e-306
125,0.019611020140800746,0.0029999999999999988,0.0022499999999999985,0.017197494028712155,0.2795303873254371,0.052635400288933154,0.001286045625036099,0.0012253585104261883,4.56895218706855e-310,2.4049344627435e-311,3.3757268472e-313,1.068904274704e-312,9.064773736e-314,0.33467719174983257,2.554646932422e-311
126,0.01961102014079987,0.0029999999999999988,0.0022499999999999985,0.017197494028721432,0.2795303873253704,0.05263540028898464,0.0012860456250420936,0.0012253585104329075,1.0623825683e-314,5.5286784e-316,7.47912e-318,2.4523764e-317,2.00386e-318,0.33467719174983,5.8687459e-316
127,0.01961102014080023,0.0029999999999999988,0.0022499999999999985,0.017197494028719465,0.27953038732536356,0.05263540028899458,0.0012860456250398953,0.0012253585104310487,2.42003e-319,1.245e-320,1.63e-322,5.53e-322,4.4e-323,0.3346771917498291,1.321e-320
128,0.019611020140802148,0.0029999999999999988,0.0022499999999999985,0.017197494028706555,0.27953038732548313,0.05263540028889392,0.0012860456250349556,0.0012253585104243054,1.5e-323,5e-324,0.0,0.0,0.0,0.3346771917498363,5e-324
129,0.019611020140803525,0.0029999999999999988,0.0022499999999999985,0.01719749402870481,0.27953038732544894,0.052635400288928325,0.0012860456250339757,0.0012253585104241571,5e-324,5e-324,0.0,0.0,0.0,0.3346771917498354,5e-324
130,0.019611020140806495,0.0029999999999999988,0.0022499999999999985,0.017197494028689878,0.2795303873255714,0.05263540028882605,0.0012860456250288767,0.0012253585104172115,5e-324,0.0,0.0,0.0,0.0,0.3346771917498435,0.0
131,0.019611020140807983,0.0029999999999999988,0.0022499999999999985,0.01719749402868629,0.27953038732559304,0.05263540028880719,0.0012860456250291714,0.001225358510417132,5e-324,0.0,0.0,0.0,0.0,0.33467719174984656,0.0
132,0.01961102014081089,0.0029999999999999988,0.0022499999999999985,0.017197494028670445,0.2795303873256875,0.052635400288735326,0.001286045625020944,0.0012253585104078785,5e-324,0.0,0.0,0.0,0.0,0.3346771917498517,0.0
133,0.01961102014081067,0.0029999999999999988,0.0022499999999999985,0.017197494028670258,0.2795303873257101,0.05263540028871331,0.0012860456250216963,0.0012253585104081393,5e-324,0.0,0.0,0.0,0.0,0.3346771917498533,0.0
134,0.019611020140806696,0.0029999999999999988,0.0022499999999999985,0.017197494028687074,0.2795303873256404,0.05263540028876097,0.0012860456250300154,0.0012253585104169203,5e-324,0.0,0.0,0.0,0.0,0.3346771917498483,0.0
135,0.01961102014080538,0.0029999999999999988,0.0022499999999999985,0.017197494028694443,0.2795303873255445,0.05263540028884718,0.001286045625030584,0.0012253585104192548,5e-324,0.0,0.0,0.0,0.0,0.33467719174984156,0.0
136,0.01961102014080071,0.0029999999999999988,0.0022499999999999985,0.017197494028710965,0.2795303873254358,0.05263540028893693,0.001286045625034515,0.001225358510424805,5e-324,0.0,0.0,0.0,0.0,0.33467719174983207,0.0
137,0.01961102014080233,0.0029999999999999988,0.0022499999999999985,0.017197494028709365,0.279530387325442,0.05263540028892951,0.0012860456250365056,0.001225358510426512,5e-324,0.0,0.0,0.0,0.0,0.3346771917498345,0.0
138,0.01961102014080204,0.0029999999999999988,0.0022499999999999985,0.01719749402870986,0.2795303873254336,0.05263540028893771,0.001286045625036079,0.001225358510426305,5e-324,0.0,0.0,0.0,0.0,0.33467719174983374,0.0
139,0.019611020140796492,0.0029999999999999988,0.0022499999999999985,0.017197494028729478,0.2795303873253462,0.05263540028900219,0.0012860456250430139,0.0012253585104340821,5e-324,0.0,0.0,0.0,0.0,0.33467719174982546,0.0
