,Rs,Rj,Ra,Sj,Sa,Sb,Sga,Sgb,Cj,Ca,Cb,Cga,Cgb,Clupeid adult,Cod adult
0,0.018233604279864524,0.0016434981514960856,0.0012326236136220646,0.006506741962927122,0.11538558032076629,0.02598505928274022,0.0007575852946513208,0.0009856867613097394,1.496839709940275e-18,4.459803498557897e-18,1.5432030290051687e-18,3.0998713559520133e-19,9.180289544722388e-19,0.14311391165946755,7.231022617630506e-18
1,0.018195904595197925,0.0016519335032337968,0.0012389501274253478,0.006579638813183593,0.11657059036286295,0.02598047915563492,0.0007189656890028842,0.000924295878119841,5.027801075964316e-24,1.5823984560056074e-23,5.3968493096462076e-24,1.1018451350504117e-24,3.185948129916776e-24,0.1441943310856206,2.5508627134669468e-23
2,0.01827934032271529,0.0016604172619374945,0.001245312946453121,0.006588856050084356,0.11734127238249693,0.02632166885885102,0.0007572917432591207,0.000983981679225863,5.697405634374098e-24,1.678289818106792e-23,5.7317729268389376e-24,1.166450251487546e-24,3.361669482400017e-24,0.14540421466383294,2.704279084179442e-23
3,0.018209685196182532,0.001668949733218335,0.0012517122999137515,0.006711413076316618,0.118356968891407,0.026465705610843656,0.0007316379461823055,0.0009369580842013768,5.873365050342429e-24,1.7998848210710896e-23,6.129930629524157e-24,1.2493424688919304e-24,3.5732585253799584e-24,0.14649127053263433,2.895137983450694e-23
4,0.018162283067358127,0.001677531224785667,0.0012581484185892502,0.006919419947000344,0.11852054057599216,0.027282074660493105,0.0007999887668674448,0.0010310946207731154,6.505232900290389e-24,1.9285845340803464e-23,6.571021922701399e-24,1.334687311058e-24,3.8059357112787264e-24,0.14763369862412584,3.0997490285841585e-23
5,0.018076867496003915,0.0016861620464625234,0.0012646215348468927,0.007072744849465075,0.11931582205220222,0.02763661571137359,0.0007811251009630438,0.0010005142654818324,8.093435554779105e-24,2.056475035336078e-23,7.076100226159586e-24,1.4434941313463184e-24,4.066647209457784e-24,0.14873407713002068,3.315099192032447e-23
6,0.0182236826863645,0.0016948425102012957,0.0012711318826509718,0.007004860537491179,0.12025335485849664,0.027887593587738926,0.0008268611844641295,0.0010682992188920572,7.819011504547476e-24,2.178788496747373e-23,7.442887827377772e-24,1.501272717312633e-24,4.258354259413615e-24,0.15003610884959173,3.499039977157775e-23
7,0.018113823672833748,0.0017035729300994994,0.0012776796975746247,0.0071741461800726635,0.12137915751010614,0.02794914461411426,0.0007840424774207742,0.000998038993889703,9.430646462676391e-24,2.3219369329510935e-23,7.971790172673721e-24,1.6234285707489594e-24,4.523590222842864e-24,0.15111038359553086,3.7338178295776483e-23
8,0.018263582148400046,0.0017123536224156698,0.0012842652168117525,0.007088773925947714,0.12243264966575022,0.028128505602374447,0.0008247329873599824,0.0010514810945944756,9.068677046288361e-24,2.4535980491254527e-23,8.371346094844028e-24,1.6802684798013538e-24,4.7322499828289485e-24,0.15243736935007912,3.9319845048728856e-23
9,0.018146424945811045,0.0017211849055854085,0.0012908886791890564,0.007287196896089133,0.12328140739741446,0.02844818722000258,0.0007929165681086635,0.0010070607264327657,1.0645424799454541e-23,2.6085331458245488e-23,8.894567842089688e-24,1.8133022928895614e-24,4.982789579433203e-24,0.15352957191195848,4.177599117265795e-23
10,0.018258674165577485,0.0017300671002375007,0.0012975503251781257,0.007260335698563089,0.12420631333020535,0.028732001717912545,0.0008407548255503521,0.0010664631523219623,1.0362916853520295e-23,2.743580920238129e-23,9.299653053389409e-24,1.872233010476624e-24,5.18767967874048e-24,0.1548455330259902,4.37953749449878e-23
11,0.01815194826854821,0.0017390005292102217,0.0013042503969076665,0.007448189996449542,0.12509377014267767,0.029037796851131854,0.0008108756725219486,0.0010248850260603096,1.2217414465567475e-23,2.907861796886701e-23,9.854178619559217e-24,2.0131892826734634e-24,5.4490567983770844e-24,0.15596732769239177,4.639504266947677e-23
12,0.01826882512679329,0.0017479855175677377,0.0013109891381758035,0.007415287989115521,0.12604382823873259,0.029320863828986944,0.0008564627433480142,0.0010836752385035894,1.1843749789162897e-23,3.059539217062808e-23,1.0309367944355061e-23,2.0795301198895672e-24,5.675508092534051e-24,0.1573048300495711,4.865979832740676e-23
13,0.018169824736226747,0.0017570223926166417,0.0013177667944624814,0.00759981782049323,0.1269755188577276,0.02960103898336221,0.0008251401551350548,0.0010430606311768883,1.3985809016393143e-23,3.228488215425313e-23,1.0886933903047614e-23,2.224527734637396e-24,5.9425656364247045e-24,0.15844475862740173,5.133890942836284e-23
14,0.0183196704724839,0.0017661114839226486,0.0013245836129419867,0.007514988885049618,0.12812195618111794,0.029747867507551345,0.0008671299969713335,0.001097223713635266,1.3070323870494901e-23,3.3769521178600683e-23,1.1266436900216595e-23,2.2870244687758752e-24,6.1185086198859e-24,0.15983417739927588,5.344149116747906e-23
15,0.01825081670092843,0.001775253123327364,0.0013314398424955232,0.0076446457166075175,0.12929650642020052,0.029854800941399036,0.0008309083135788994,0.0010419756886835031,1.4392711499992028e-23,3.577748812274024e-23,1.1923085269744938e-23,2.432520667368373e-24,6.4286732660234075e-24,0.16102419136386195,5.656176732587696e-23
16,0.018326677094513612,0.001784447644965248,0.0013383357337239364,0.007654203807066365,0.13035544677844182,0.030063406252711426,0.0008637292380210284,0.001076186126871759,1.545289173843661e-23,3.7497967500730853e-23,1.2491867544266664e-23,2.5205664120494796e-24,6.702496345384792e-24,0.16235876839604602,5.921289780243179e-23
17,0.018238353964959913,0.0017936953852806796,0.00134527153896051,0.00784058382372403,0.1311504909417898,0.03050554646064944,0.0008432262672901652,0.001055545258489254,1.7303485399060822e-23,3.934874045977265e-23,1.304443264706117e-23,2.6776038209196125e-24,6.935880503842839e-24,0.16355480892821866,6.200665743159626e-23
18,0.01837390448798544,0.0018029966830451622,0.0013522475122838718,0.0077786540814170045,0.13227754756892168,0.030697286857505963,0.000886681258025795,0.0011108772953663335,1.6572084759723564e-23,4.120611784693143e-23,1.353460031100195e-23,2.761963850275481e-24,7.158843637687323e-24,0.16497239297981975,6.466152564589619e-23
19,0.01828809463084112,0.0018123518793746924,0.0013592639095310196,0.007943100831332409,0.13331662972627775,0.030952772497208365,0.0008545725259806831,0.0010648348605154362,1.8721742744891885e-23,4.334797732722496e-23,1.423866009422761e-23,2.920679845240778e-24,7.475206312292398e-24,0.16618880960998225,6.798252357898575e-23
20,0.018401580619585578,0.0018217613177472106,0.0013663209883104082,0.007916693651808962,0.13439177151311107,0.031192608476189758,0.0008979899200833067,0.0011202063784801015,1.8723691191583847e-23,4.511846748132747e-23,1.4704898578040886e-23,3.0079855978527083e-24,7.67514574237034e-24,0.16760257628786424,7.05064973995914e-23
21,0.018318008502854623,0.0018312253440202484,0.0013734190080151865,0.00808022304869052,0.13545744401026952,0.031444099019060895,0.0008653787730472393,0.001073446975204901,2.0915984186870223e-23,4.7454029968886805e-23,1.544682689392181e-23,3.1774184798584126e-24,8.00269288479361e-24,0.16884036877758254,7.408096822746063e-23
22,0.01842925122879372,0.001840744306448687,0.0013805582298365155,0.008059012861529482,0.13652896096689335,0.03170434658033427,0.0009100505487493923,0.0011308606966320604,2.1214062405054516e-23,4.934004926327443e-23,1.5949714679520388e-23,3.271169185064596e-24,8.21435815039596e-24,0.17027421879260907,7.677529127825537e-23
23,0.018345319676990907,0.0018503185557026604,0.0013877389167769956,0.00822620739333145,0.13759607771878943,0.03197341536336639,0.0008777395804273033,0.001084824159402079,2.3350405733423475e-23,5.1773917558522306e-23,1.6692643890736745e-23,3.444823546721058e-24,8.533495828390884e-24,0.17153205682198522,8.044488082437099e-23
24,0.018452726200897374,0.0018599484448856274,0.001394961333664221,0.008212363632494729,0.1386555439962471,0.03226167366214982,0.0009236887169165708,0.001144178974063251,2.3961507645685968e-23,5.37879467927378e-23,1.7232336987912644e-23,3.545504393823086e-24,8.75643215064259e-24,0.17298508534937676,8.332222032511611e-23
25,0.018367147349116052,0.0018696343295525313,0.001402225747164399,0.008385293861211868,0.1397225826857038,0.032548936397387235,0.0008913356588279217,0.0010987486927148036,2.6238968283175564e-23,5.630845986315887e-23,1.7979816465132558e-23,3.724692829022213e-24,9.068210067405042e-24,0.17426160343463376,8.708117922471869e-23
26,0.01847495967113467,0.0018793765677281636,0.001409532425796123,0.008371813301208342,0.14080262112683317,0.032838456581264844,0.0009380581535599866,0.0011586311659529639,2.692464634130659e-23,5.841387794051946e-23,1.8530016987873884e-23,3.827488927351658e-24,9.289329484101716e-24,0.17573776702761096,9.006071333984672e-23
27,0.018387902353888243,0.0018891755199256463,0.001416881639944235,0.008550562281518372,0.14187157872804135,0.03314196110919401,0.000905760068900373,0.0011139482734992374,2.9469627031181e-23,6.103366257087137e-23,1.92902013074331e-23,4.013357243554665e-24,9.597751380389268e-24,0.17703324817963498,9.39349725022484e-23
28,0.01849672448683558,0.0018990315491650641,0.0014242736618737984,0.00853629737055985,0.14297627054198747,0.033430027204260325,0.000953082542135263,0.0011740622310236197,3.022762719995796e-23,6.32218771833164e-23,1.9845983862339614e-23,4.117085062562545e-24,9.814653766883909e-24,0.1785334425194067,9.699959987510247e-23
29,0.018408352925637472,0.0019089450209922455,0.0014317087657441845,0.008720606713744554,0.14404685648386673,0.03375075062574931,0.000920507331755384,0.0011298192044845387,3.305596662766502e-23,6.592588011815976e-23,2.0611593440403138e-23,4.308742543696855e-24,1.011593485953003e-23,0.17984793364585597,1.0096215096178976e-22
30,0.018518375064597237,0.0019189163034977208,0.0014391872276232909,0.008705022840736763,0.1451784999050032,0.034036045798950684,0.0009681807621079649,0.0011898411258386649,3.3908583889486677e-23,6.819482694979012e-23,2.1170747417140897e-23,4.4128319445804094e-24,1.0327631984233425e-23,0.18137256759190054,1.0410603829574484e-22
31,0.018428528880187634,0.0019289457673357729,0.00144670932550183,0.008895447788122415,0.14624801050093192,0.034376483176109154,0.0009354072223064933,0.0011462282555610515,3.7043126791348065e-23,7.096377156748902e-23,2.1933904261850383e-23,4.609224240521116e-24,1.0617860192689032e-23,0.1827061291549086,1.0812476026254957e-22
32,0.01853976337802827,0.0019390337857437016,0.0014542753393077766,0.00887825713157171,0.1474090069227328,0.03465742278033494,0.0009833067504282282,0.0012059227583998218,3.8046362815862927e-23,7.332703413515545e-23,2.2500022106223607e-23,4.714017478184586e-24,1.0826299737552982e-23,0.1842556592118958,1.1136737345711663e-22
33,0.018448174588631388,0.0019491807345612116,0.001461885550920909,0.009075658243274576,0.14847340033175865,0.03502109365814884,0.0009504533581145667,0.001163224288786878,4.1496509018732557e-23,7.612346878133079e-23,2.3247001966995888e-23,4.913172780181163e-24,1.1098851272825743e-23,0.18560817163680893,1.153824948013336e-22
34,0.018550011459081004,0.0019593869922499563,0.0014695402441874674,0.009069446193432133,0.14964635028502987,0.035310779995809734,0.000996476373413485,0.0012182555421546613,4.3330966330016914e-23,7.854406093232817e-23,2.383217164105273e-23,5.0139536929954414e-24,1.1311691756322981e-23,0.18717186219640777,1.1870187802269933e-22
35,0.018459800170018928,0.0019696529399132736,0.0014772397049349552,0.009273974132464096,0.1506972151270675,0.03570215866854696,0.0009651114969483654,0.0011800812173096435,4.702083745566373e-23,8.131752041495145e-23,2.453646798635425e-23,5.220960789024115e-24,1.155081170195861e-23,0.18854456650987247,1.2262576089228844e-22
36,0.018581848250300206,0.0019799789613160093,0.001484984220987007,0.009233507859097139,0.15203135504250193,0.03588173910941819,0.0010099529802258932,0.0012316642290001387,4.8147307799338166e-23,8.375614620432727e-23,2.5070788757145374e-23,5.310532247532194e-24,1.1734818140448006e-23,0.19015471136114617,1.2587228534945286e-22
37,0.018492895590173808,0.001990365442904572,0.001492774082178429,0.009436860383597655,0.15313591509898863,0.036247504499759685,0.0009766586251167488,0.001189989751474918,5.1947219535390533e-23,8.660234354970112e-23,2.5767395882739727e-23,5.517787813341648e-24,1.1963289220592089e-23,0.19155006797534,1.2985081646637458e-22
38,0.01861440916917724,0.002000812773827112,0.0015006095803703336,0.009397632962073736,0.15451998193858463,0.03640195936644207,0.0010208634330525952,0.0012397417445586239,5.339230439353388e-23,8.89885901706453e-23,2.6260105479380947e-23,5.6032911158547265e-24,1.2120361865394315e-23,0.19318254648263788,1.3297234863127527e-22
39,0.018526736054753315,0.002011321345953865,0.0015084910094653983,0.009601079684773457,0.15566471677152532,0.03675381462492152,0.000986474047032471,0.001196133061640564,5.753883469409887e-23,9.185394234920042e-23,2.693628493515859e-23,5.8089755508620985e-24,1.2332351854960328e-23,0.19460113850511992,1.3693155469018144e-22
40,0.01864721734533029,0.0020218915538976925,0.0015164186654232693,0.009564202223662334,0.15707249503484083,0.036908180066083505,0.0010309929958630423,0.0012459056636059136,5.930184383854124e-23,9.423836128566805e-23,2.7401499525522616e-23,5.891548124514063e-24,1.247048122361166e-23,0.1962575737603933,1.4000189015931637e-22
41,0.018560706105390536,0.0020325237950347213,0.0015243928462760408,0.009768970291368959,0.1582430304260415,0.037258940087254236,0.000996195597842629,0.0012017856570755601,6.378365267802868e-23,9.709337326901389e-23,2.804657450490188e-23,6.094151871730029e-24,1.2661429806124224e-23,0.19769995176821392,1.4389552945177002e-22
42,0.018680468214124148,0.0020432184695252146,0.0015324138521439108,0.00973388746658738,0.15967707807003423,0.037411534008917786,0.00104100401334228,0.0012515047426516724,6.593232735637471e-23,9.946400637688245e-23,2.848067051927907e-23,6.1728194442342544e-24,1.2779725717008548e-23,0.19938112083494594,1.4689722205740432e-22
43,0.01859512120940478,0.002053975980334581,0.0015404819852509353,0.00994014156490669,0.16087268699821652,0.03776209082618209,0.0010058748205386875,0.001207026987553931,7.077333600899251e-23,1.0229372924903596e-22,2.908914364978585e-23,6.371307514989328e-24,1.2947872383904991e-23,0.2008476796324912,1.5070205279771613e-22
44,0.018714149797468736,0.0020647967332545506,0.0015485975499409128,0.009906889996831184,0.16233396666979766,0.03791237858742796,0.0010509474826995721,0.0012566327976084785,7.339146146473901e-23,1.0463276143258471e-22,2.948710363994163e-23,6.4451053779034426e-24,1.3044783452236462e-23,0.20255392553753368,1.5360975390266623e-22
45,0.01863001527412054,0.0020756811369245583,0.0015567608526934184,0.010114600644977725,0.16355535159390247,0.038262451818695434,0.0010155045169236772,0.0012118249226852613,7.865539692260661e-23,1.0741982099184773e-22,3.005380402895194e-23,6.638246810595884e-24,1.3188695067758382e-23,0.20404513285220685,1.5730056689915392e-22
46,0.01874826850866951,0.0020866296028532296,0.0015649722021399217,0.010083273005516815,0.16504466611605587,0.03841001988341603,0.0010608173618627526,0.0012612630670082291,8.184775522816271e-23,1.0970970384899177e-22,3.041100781331666e-23,6.706293042112762e-24,1.3262947469808522e-23,0.20577676642834283,1.600899521742297e-22
47,0.01866540831961858,0.0020976425454401096,0.0015732319090800819,0.010292372007538833,0.16629277274769716,0.038759132503410135,0.0010250732098853706,0.0012161393093760352,8.762900982038995e-23,1.1243526506079232e-22,3.093089021124299e-23,6.892790571415069e-24,1.3381365581584865e-23,0.2072931177703687,1.6364031142503522e-22
48,0.018782836180649055,0.002108720381997535,0.001581540286498151,0.010263073929153488,0.16781094992024942,0.038903544605497796,0.001070599131691822,0.0012653514529922193,9.153494408697264e-23,1.1465937475836242e-22,3.124337601422097e-23,6.954304228422884e-24,1.3432072137708523e-23,0.20905044511043125,1.6628912713871482e-22
49,0.01870131928494784,0.002119863532772678,0.0015898976495795083,0.010473479285463692,0.1690868093357839,0.03925114959334635,0.0010345679764782545,0.001219927381703837,9.796717920910093e-23,1.1730310967258604e-22,3.171145242352637e-23,7.132806699457468e-24,1.3523866907597353e-23,0.21059245428731238,1.6967123570316722e-22
50,0.0188178649341164,0.002131072420969814,0.0015983043157273603,0.010446325638279668,0.1706347246151928,0.03939192858710413,0.001080275833796428,0.001268849677166282,1.0277904014841596e-22,1.1944738639199358e-22,3.197635778419197e-23,7.187201796819531e-24,1.3550694189787124e-23,0.21237577871325966,1.7216164016279218e-22
51,0.018737767342923383,0.0021423474727726853,0.0016067606045795135,0.010657943232700402,0.17193944088195437,0.03973741818959651,0.0010439745425281281,0.001223144071733191,1.1005362770781418e-22,1.219863663975644e-22,3.2387427023148166e-23,7.356243734794113e-24,1.3614741324131715e-23,0.21394397768581222,1.7534477847963836e-22
52,0.018853366338451385,0.002153689117367128,0.001615266838025346,0.010633059148974432,0.17351802042927997,0.039874043221695646,0.0010898285236622918,0.0012717066253032658,1.1604723136105664e-22,1.240421398061163e-22,3.2603686962781564e-23,7.403291818707136e-24,1.3618169602233416e-23,0.21575359879994122,1.7766728818983844e-22
53,0.01877477200184254,0.002165097786963845,0.0016238233402228834,0.010845781319318872,0.1748527787081895,0.04021674121629277,0.0010532773487437993,0.0012257424107785316,1.2444484008590141e-22,1.2644932383587358e-22,3.295198554441367e-23,7.561210671455252e-24,1.3653202422838384e-23,0.2173485396840046,1.806157224745809e-22
54,0.01888935115345929,0.0021765739168213578,0.0016324304376160181,0.010823304044028094,0.1764629983937078,0.040348648326923385,0.0010992361464538143,0.0012738685888035262,1.3203234631594148e-22,1.2841755541799614e-22,3.312130896413608e-23,7.601279611380953e-24,1.363487866487524e-23,0.2191847514558885,1.8277502265838844e-22
55,0.01881235269380071,0.002188117945269189,0.0016410884589518916,0.011037008666474158,0.17782906728576112,0.04068780743801331,0.0010624591776640378,0.0012276733529417339,1.4198125207534203e-22,1.3066230496313413e-22,3.340068653564615e-23,7.746256755722062e-24,1.3639562692707547e-23,0.22080700725438018,1.854488109472099e-22
56,0.01892582914029385,0.0021997303137311543,0.0016497977352983653,0.011017088481711767,0.17947196078866356,0.04081438214825319,0.001108475350980351,0.001275279436461547,1.5180794708795492e-22,1.3256018107131193e-22,3.35289794721632e-23,7.78067412204058e-24,1.360280355030199e-23,0.2226700977243587,1.874726382158177e-22
57,0.01885052924435997,0.0022114114667489185,0.0016585586000616888,0.011231636420670588,0.1808707073983087,0.04114917018608752,0.0010715013242257863,0.0012288862769701749,1.6399996875076742e-22,1.3461443486740126e-22,3.373440746053811e-23,7.91110680833772e-24,1.3576336692429156e-23,0.22432026518559217,1.8983628582870622e-22
58,0.01896280894512902,0.0022231618520057103,0.0016673713890042827,0.011214438946287512,0.182547366331962,0.0412697471505382,0.0011175200280268936,0.001275880291828852,1.7713368287122344e-22,1.364857961839442e-22,3.3833906885943587e-23,7.94272291909857e-24,1.3526867262593924e-23,0.22621051380235593,1.9178929325158027e-22
59,0.018889321131198858,0.0022349819203502323,0.0016762364402626735,0.011429673801775677,0.18398024968218782,0.04159925186980637,0.0010803832328988255,0.0012293293206378953,1.9276883228236423e-22,1.38338652820529e-22,3.396476906818026e-23,8.058069009394458e-24,1.347023032779349e-23,0.2278892141055309,1.938317212258972e-22
60,0.01900029682523688,0.0022468721258207575,0.0016851540943655676,0.01141538410568872,0.185691807512651,0.04171312847829327,0.0011263412836441846,0.001275611283769105,2.1110527209910128e-22,1.402719605672335e-22,3.4057622708704827e-23,8.092215506836922e-24,1.341741858402395e-23,0.22980688855835757,1.9583921736679918e-22
61,0.01892874729020105,0.002258832925669468,0.0016941246942521004,0.011631128718592112,0.18716039914538582,0.04203633875413023,0.0010890824916250745,0.0012289502689415259,2.3244822659918983e-22,1.4195449088937314e-22,3.4122863365559726e-23,8.194387426269703e-24,1.3335235244485537e-23,0.23151477066008266,1.9760697692568814e-22
62,0.019038297319937197,0.002270864780386905,0.0017031485852901783,0.011619951773609286,0.18890805173903014,0.04214275716709728,0.0011349066682683727,0.0012744102786545553,2.596870417029236e-22,1.4411975459112588e-22,3.4248518713377936e-23,8.240853887588091e-24,1.3294682473923287e-23,0.23346012585305034,1.999038096660152e-22
63,0.018968826051111973,0.0022829681537267048,0.0017122261152950282,0.011836008049734899,0.1904140221791433,0.04245857370540674,0.0010975745866946033,0.0012276970929567521,2.914926881408671e-22,1.4574867477228734e-22,3.42750666191623e-23,8.336617852566431e-24,1.3198155099621596e-23,0.23519786756420138,2.0155851434363767e-22
64,0.019076811638304405,0.0022951435127304904,0.0017213576345478676,0.011828174069076798,0.19219900650423302,0.042556739207701706,0.0011431800901678553,0.0012722153441003961,3.358688476746865e-22,1.484856838372688e-22,3.450798856813243e-23,8.414404385076001e-24,1.319798692676724e-23,0.237171141146203,2.0460606371724444e-22
65,0.019009574323949653,0.002307391327752969,0.0017305434958147263,0.012044320615784814,0.19374412802520724,0.04286397114905288,0.001105832838777295,0.0012255197304375375,3.896530708510463e-22,1.5036745328183234e-22,3.4560376917658647e-23,8.521066986755396e-24,1.3111756132938808e-23,0.23893945174347497,2.065606533191852e-22
66,0.01911583635636649,0.0023197120724872773,0.0017397840543654577,0.01204009172897941,0.19556768847598716,0.04295308188554579,0.0011511211375157663,0.0012689660934236745,4.730471192872891e-22,1.5443019582955912e-22,3.50586457748861e-23,8.671592152809863e-24,1.3209943018865792e-23,0.24094085759247238,2.1137037677612088e-22
67,0.01905100675634831,0.002332106223990448,0.001749079667992836,0.01225608071383505,0.19715384037384934,0.04325044113040705,0.0011138280937765222,0.0012223717929955604,5.822196686069331e-22,1.573882948452457e-22,3.5300109335733035e-23,8.834872184963928e-24,1.3193647495297816e-23,0.2427404813910285,2.1471692386124053e-22
68,0.019155363280411272,0.0023445742627091716,0.0017584306970318782,0.012255754449404646,0.19901722769474553,0.043329689591541556,0.0011586844075882896,0.0012646045654445116,7.762955427230834e-22,1.6475067787999164e-22,3.6461784368731474e-23,9.165510335954838e-24,1.35336025717368e-23,0.24477020625931986,2.2391157515641476e-22
69,0.019093134661259736,0.002357116672505719,0.0017678375043792887,0.012471313095423391,0.20064634809591567,0.04361583207651496,0.001121528709546409,0.0012182135959893372,1.058171277205956e-21,1.713390596926257e-22,3.7373487084611984e-23,9.525531044279084e-24,1.375903614213817e-23,0.2466019224779664,2.319971139636549e-22
70,0.01919537647073857,0.0023697339406840885,0.0017773004555130662,0.012475232129603973,0.2025507570841775,0.04368446098186473,0.0011658190304194673,0.0012590796534269148,1.6482040437965343e-21,1.8833184993979593e-22,4.042099098499948e-23,1.0378567972243027e-23,1.477587184365908e-23,0.2486601167498886,2.5390728074069755e-22
71,0.019135964389001857,0.0023824265580163974,0.001786819918512298,0.012690060663301746,0.20422481740283524,0.043958008658554336,0.0011289003551289934,0.0012130159190832535,2.5851925891517928e-21,2.079169554142363e-22,4.3669779855004276e-23,1.144413571273715e-23,1.582930516014992e-23,0.25052474233560185,2.7886017614212764e-22
72,0.019235850147268273,0.002395195018769414,0.0017963962640770604,0.01269862381546959,0.2061713078250222,0.04401538285264795,0.001172467710864309,0.0012523506437140035,4.873304662914108e-21,2.591055923789662e-22,5.309334318074099e-23,1.4139702468652237e-23,1.9102400843123993e-23,0.25261150903224844,3.454410388714835e-22
73,0.01917949500874427,0.0024080398207313846,0.0018060298655485382,0.01291239596290582,0.20789224632438508,0.044274982248257246,0.0011359057963841476,0.0012067651343368013,8.660992921512976e-21,3.3116945028036836e-22,6.523203984321008e-23,1.8033475929046445e-23,2.325580809292485e-23,0.2545098995033633,4.376907741455497e-22
74,0.019276745966534427,0.002420961465239044,0.0018157210989292827,0.012926070216111219,0.20988164488907501,0.04432067914817883,0.0011785658167540796,0.0012443925777095226,1.903359789847706e-20,5.25823715915522e-22,9.973079393880303e-23,2.83988312509337e-23,3.527212288605382e-23,0.2566252824317174,6.892254639913125e-22
75,0.019223715729516887,0.002433960457204845,0.0018254703429036335,0.013138435507956346,0.21165125567944282,0.04456510102834036,0.0011425046113484039,0.0011994697299452062,3.6180880519929715e-20,8.325930056764436e-22,1.4867703637853913e-22,4.4805634545777385e-23,5.2052572768973417e-23,0.2585583310490768,1.0781282493697336e-21
76,0.019318009012674563,0.002447037305144452,0.0018352779788583385,0.013157773066151797,0.21368399039229544,0.04459906327754148,0.0011840399526961427,0.0012352032007520244,8.675318284513459e-20,1.6948646257708256e-21,2.916601210147773e-22,9.053679262583414e-23,1.0129901990626494e-22,0.2607022968232851,2.178360559317702e-21
77,0.019268602093087124,0.00246019252120438,0.0018451443909032845,0.013368361293808488,0.21550375436242836,0.04482735536307865,0.0011486528492822715,0.0011911689190515983,1.6836521783896437e-19,3.1162734306737995e-21,5.012082485994644e-22,1.6563840255155976e-22,1.7222556212460166e-22,0.2626709314938409,3.9553456439494245e-21
78,0.019359563127512858,0.0024734266211899423,0.0018550699658924563,0.013394020236419566,0.21757962141395973,0.0448501073853651,0.0011888063924607836,0.0012248119185868092,4.202387768558491e-19,7.234131754875696e-21,1.1344931182304493e-21,3.8207633113879354e-22,3.8693055542877005e-22,0.26484334711037244,9.137631759673709e-21
79,0.01931411287409432,0.0024867401245933854,0.0018650550934450388,0.013602444119632512,0.2194504985915265,0.045061786015662395,0.0011543019140019836,0.0011819415099739445,8.138560262280438e-19,1.4071368260558244e-20,2.059600313226361e-21,7.38623627255476e-22,6.947499259409837e-22,0.2668485280311648,1.7564342126981065e-20
80,0.019401307853877118,0.0025001335546222577,0.0018751001659666935,0.013635208732631765,0.2215683897996806,0.04507469225257007,0.0011927670649618423,0.0012132857690472067,2.06176922134226e-18,3.421565397610155e-20,4.92859389142487e-21,1.7862496656003064e-21,1.6509018273989666e-21,0.2690491348862597,4.258139936052569e-20
81,0.01936019023256554,0.0025136074382280534,0.0018852055786710406,0.013841062069246598,0.22349056314160473,0.045269983795466616,0.0011593946062893514,0.0011719107515280338,3.949507014585077e-18,6.731334803336562e-20,9.037890385759737e-21,3.488912986292685e-21,2.993317523090586e-21,0.27109185229488875,8.283346892850863e-20
82,0.019443118539318367,0.0025271623061350035,0.001895371729601254,0.013881861117788875,0.22564816012212277,0.04527554608442258,0.0011958001188367554,0.001200727890058632,1.0023955416991259e-17,1.654107761016322e-19,2.1984154609684344e-20,8.533196928044499e-21,7.232579510710353e-21,0.2733202342154407,2.0316070715007143e-19
83,0.0194067703826186,0.0025407986928691973,0.0019055990196519006,0.014084692572793024,0.22762085487672779,0.045455574111697566,0.0011638537613794053,0.0011612368995108783,1.89459451681017e-17,3.2366025588775033e-19,4.004634147874697e-20,1.6561942182861264e-20,1.3023082779511509e-20,0.2754015196493156,3.932916223288701e-19
84,0.019484858936838975,0.002554517136787887,0.001915887852590923,0.014134598508609854,0.229814469009775,0.04545761713726896,0.0011977334774117988,0.0011872494311420485,4.784840475531097e-17,7.919706912656065e-19,9.737636588562757e-20,4.036156915891459e-20,3.146393890678496e-20,0.2776570690555978,9.611725652169336e-19
85,0.01945382913392255,0.0025683181801090583,0.0019262386350818081,0.014333802379515974,0.23183619281120776,0.04562424758264934,0.0011675443905782863,0.0011500670817734915,8.92366718536548e-17,1.5299341533109812e-18,1.7497285568163557e-19,7.72798812976398e-20,5.587180348387102e-20,0.2797780518662089,1.8380586937741273e-18
86,0.019526425642305684,0.0025822023689412426,0.0019366517767059692,0.014393987979768598,0.23406101006489397,0.045627786331751054,0.0011982612491265848,0.0011728638478858441,2.235042210989191e-16,3.702145693888632e-18,4.219236136878371e-19,1.863448515855397e-19,1.3389173074703788e-19,0.28205992149365744,4.444305889909047e-18
87,0.01950155149930203,0.002596170253313572,0.0019471276899852468,0.01458835893406898,0.23613165055362687,0.04578194960344694,0.001170129077477523,0.00113833924157712,4.1134640795405924e-16,7.001649487674661e-18,7.418045040987393e-19,3.490837364391055e-19,2.3258599869095107e-19,0.28422206847612846,8.325123726903459e-18
88,0.019567893045600585,0.002610222387205989,0.0019576667904046617,0.014659957214447877,0.23838287212419879,0.04579241166453821,0.0011966322978575106,0.0011571157490978046,1.0210334425303685e-15,1.6723353154185062e-17,1.7697503197518655e-18,8.312260067668347e-19,5.51549673024814e-19,0.28652903183569234,1.9875879153728576e-17
89,0.019551295932852257,0.0026243593285800284,0.001968269496435326,0.01484489728634867,0.2405186992275746,0.045921992990379704,0.001170181366913415,0.001124671832666337,1.8443405158553735e-15,2.991260404621052e-17,2.9400565178915952e-18,1.4722625702527377e-18,9.051715739636715e-19,0.2887355454175341,3.523009470831852e-17
90,0.019610135223992162,0.0026385816394090354,0.001978936229557534,0.014929041964272232,0.24279080852981216,0.04594686308766951,0.0011899353665196638,0.0011372363101233103,4.556348137465425e-15,7.212515126022246e-17,7.102615642864633e-18,3.5404914269586994e-18,2.174067945251621e-18,0.2910648432941247,8.494232627529741e-17
91,0.019624462903830117,0.0026528898857104076,0.001989667414284093,0.015040229005803367,0.24531374443967924,0.045798048539276125,0.0011473731098664063,0.0010853673033046584,7.791047068887711e-15,8.601921053030013e-17,7.927309534633105e-18,4.194740673328254e-18,2.3996887406818326e-18,0.2933445333921264,1.0054094947894334e-16
92,0.019655385752734927,0.0026672846375742207,0.0020004634781837635,0.01518682234355728,0.2473563023492983,0.04604370061777992,0.001165940567876035,0.0011008113463221857,1.8723630888867848e-14,2.5696092141698536e-16,2.3549887105758024e-17,1.2476131888315041e-17,7.081314755065762e-18,0.2956667548812765,3.000682551661242e-16
93,0.01966880663576814,0.0026817664691987458,0.002011324851904974,0.01534471167720385,0.2495317194728286,0.046198900468049794,0.0011606570840023247,0.0010913192377055862,3.5879175276290787e-14,4.651557101688266e-16,4.0309873782441966e-17,2.2448133676072088e-17,1.1996301259261737e-17,0.29798259626258633,5.399100188866024e-16
94,0.019683421515812507,0.002696335958915628,0.0020222519691996893,0.015521734801879008,0.25153986385216826,0.046504229487858824,0.0011718828188001524,0.00110043473413293,7.885094627280898e-14,1.28886643671618e-15,1.0814248754556558e-16,6.174694731582695e-17,3.189337681895118e-17,0.30031641089296013,1.4906492483965237e-15
95,0.019696566835134738,0.002710993689227102,0.00203324526694748,0.01570180585053444,0.2535745779103089,0.04680283544166186,0.0011810551402867179,0.0011073801672166162,1.655863743197634e-13,3.2715907712646385e-15,2.644255933494303e-16,1.5553435996704996e-16,7.724800313324505e-17,0.3026658486594741,3.768798727714363e-15
96,0.019710041331964537,0.0027257402468315825,0.002044305185179825,0.01588423571483113,0.2556215504465754,0.047106143488913885,0.0011908280504323515,0.0011149301190694744,3.4334330852138765e-13,8.126038929634187e-15,6.337758029511534e-16,3.833132830018832e-16,1.834155759265002e-16,0.30503345210499117,9.326543591513725e-15
97,0.01972362792650294,0.0027405762226543834,0.00205543216710454,0.016069016695968764,0.25768392241221927,0.047411738694771575,0.0012007745634923551,0.0011226281642478817,6.977732297504665e-13,1.952877618300415e-14,1.4708238249426956e-15,9.139091035791399e-16,4.2168394918452456e-16,0.3074190638347311,2.2335193060710508e-14
98,0.019737349336525486,0.0027555022118726006,0.0020666266591304727,0.016256125348087232,0.25976209965012126,0.047719386899388136,0.0012108913929807803,0.0011304660506560814,1.3905987800877814e-12,4.5492564333037204e-14,3.3110782698360917e-15,2.111913813619634e-15,9.404482843937155e-16,0.30982284399314625,5.1856004700886644e-14
99,0.019751197667584937,0.0027705188139361212,0.00207788911089236,0.016445583215294563,0.2618564118480051,0.04802892228036052,0.0012211566442563008,0.0011384189363330894,2.716909098067474e-12,1.0281182968440341e-13,7.235857905116088e-15,4.7342028240944135e-15,2.036142435752165e-15,0.312244909708955,1.1681803284936608e-13
100,0.01976516485041328,0.00278562663258043,0.002089219975275856,0.016637423854779936,0.26396707014855597,0.0483402773842338,0.0012315570913451399,0.0011464721429279416,5.202746557159227e-12,2.256112553197964e-13,1.536271750634544e-14,1.030379846165197e-14,4.283048404242312e-15,0.3146853767670629,2.5556081969203613e-13
101,0.019779243677991883,0.002800826275827141,0.002100619708442782,0.016831686003881168,0.26609423485688,0.04865342551336624,0.001242085133149515,0.0011546171523241422,9.762950717081673e-12,4.811091181315458e-13,3.1712395721339905e-14,2.1791258478220508e-14,8.759833250485232e-15,0.31714436265571994,5.433726055815915e-13
102,0.019793428811262656,0.0028161183559660442,0.002112088769856426,0.017028409118228557,0.268238041204446,0.04896836083096349,0.001252736515437037,0.0011628490513560753,1.7948804085233667e-11,9.97705328532819e-13,6.368911842621931e-14,4.4814363562186366e-14,1.7431313453574483e-14,0.3196219876022026,1.123640123974799e-12
103,0.01980771649390919,0.002831503489511217,0.002123627622307025,0.01722763231701729,0.27039861664799714,0.04928508370367277,0.001263509190650143,0.0011711651649643205,3.2323089825757045e-11,2.0132634173714078e-12,1.2451623077569957e-13,8.96749335530939e-14,3.3768097241299096e-14,0.3221183747072844,2.2612226789415005e-12
104,0.01982210415487735,0.0028469822971223476,0.002135236731937246,0.017429394211595447,0.2725760849429815,0.04960359785368348,0.001274402356273411,0.0011795640831446948,5.7006048924383374e-11,3.955017417660258e-12,2.3708797918951303e-13,1.7468651403192675e-13,6.37125669291746e-14,0.3246336492360831,4.430504477810873e-12
105,0.0198365902086461,0.002862555403483203,0.002146916568267633,0.01763373282810957,0.2747705692105667,0.04992390794820591,0.0012854159937307067,0.0011880451531802866,9.843408456085433e-11,7.566488452653872e-12,4.397997222811787e-13,3.3138820030713577e-13,1.1711869265437983e-13,0.32716793830568364,8.454795067896566e-12
106,0.01985117368661922,0.0028782234371320754,0.0021586676042219042,0.01784068604270615,0.27698219650341244,0.05024601512795533,0.001296550862780321,0.0011966084060423235,1.663600728002393e-10,1.4100365187654946e-11,7.949608159002174e-13,6.123539864597797e-13,2.0979491302665974e-13,0.32972137090019044,1.5717474903041603e-11
107,0.01986585422980033,0.002893987030248084,0.002170490316152056,0.01805029142243188,0.27921109164725477,0.05056992321467665,0.001307808017013488,0.0012052542014277436,2.750824327937123e-10,2.5596940645630645e-11,1.4002520063883639e-12,1.1022871410342718e-12,3.662326660027857e-13,0.3322940770803727,2.8465712459056065e-11
108,0.019880631589678746,0.0029098468184103297,0.002182385183863086,0.018262587069373008,0.28145738723711694,0.0508956285914505,0.001319189213651071,0.0012139834240362758,4.4482664997642496e-10,4.5263450891602035e-11,2.4033110493845295e-12,1.932864495792659e-12,6.229991165149954e-13,0.33488618846625484,5.022262555329422e-11
109,0.019895506173110332,0.0029258034403653577,0.002194352690637501,0.018477610507483422,0.28372120510924465,0.051223139614434386,0.0013306954816135765,0.0012227964827242835,7.031149579219379e-10,7.795747328331857e-11,4.018830437491183e-12,3.3012562375612076e-12,1.0325941965223337e-12,0.3374978366880169,8.631015415489327e-11
110,0.01991047799270538,0.0029418575378534944,0.002206393323259606,0.018695400716672285,0.2860026853866744,0.051552445748927554,0.001342329451657367,0.001231694929728212,1.0858820739186636e-09,1.307580263179926e-10,6.5466605760741124e-12,5.4914466715779175e-12,1.6673590724716507e-12,0.3401291555169875,1.444634926381163e-10
111,0.01992554761519349,0.0029580097555350613,0.0022185075720398107,0.018915996189808215,0.2883019552545273,0.0518835509657472,0.001354092645619947,0.001240679541201389,1.6381355572109494e-09,2.1359331536348435e-10,1.0388991070491986e-11,8.896946878507859e-12,2.6229451855378055e-12,0.34278027840709585,2.3550219849802203e-10
112,0.019940715478363662,0.002974260741003017,0.0022306959308391197,0.019139436343479196,0.2906191508219922,0.05221645014947633,0.0013659874272636133,0.0012497516934313292,2.414215951218506e-09,3.399061749466945e-10,1.6065647459498527e-11,1.4044095791287982e-11,4.021126864877862e-12,0.3454513400921635,3.7403704506235887e-10
113,0.01995598199819716,0.0029906111447406073,0.0022429588970933265,0.019365761300661994,0.29295441310960096,0.05255113362812316,0.0013780165761464948,0.0012589130518283534,3.478328697237954e-09,5.274199846511224e-10,2.4230467434146105e-11,2.1618536850608872e-11,6.012726915943745e-12,0.34814247636569895,5.792817158518212e-10
114,0.019971347843258838,0.003007061619721311,0.002255296971835814,0.01959501125836414,0.295307875463928,0.052887600586220836,0.0013901820620922424,0.0012681646589380378,4.9068181379210145e-09,7.992395336668182e-10,3.569866742020281e-11,3.250423558414855e-11,8.783077852003632e-12,0.3508538227711791,8.762255145231732e-10
115,0.019986813200047145,0.003023612820224686,0.0022677106597162756,0.019827228107660192,0.2976796909359661,0.053225829505354885,0.0014024876112441796,0.001277508776359788,6.7942891752343794e-09,1.1857643236314286e-09,5.150335842325171e-11,4.7853587688565024e-11,1.2564287224522362e-11,0.35358551682892486,1.2976855569677678e-09
116,0.02000237938040682,0.0030402653993875464,0.0022802004690114356,0.020062452039371986,0.3000699770246639,0.05356583725159746,0.0014149341822008393,0.0012869458963292494,9.265999610501557e-09,1.7281713457881579e-09,7.300693847374471e-11,6.921723776957902e-11,1.7660117527156828e-11,0.35633769435479146,1.8880556395586386e-09
117,0.02001804606502378,0.0030570200048790712,0.0022927669116217524,0.02030072738102538,0.30247890541591504,0.05390758319557153,0.0014275269293013075,0.0012964791358459848,1.2499649591980509e-08,2.4846459809128294e-09,1.0210422564751315e-10,9.877734163026318e-11,2.449156795792624e-11,0.35911049467663386,2.7100191161485316e-09
118,0.020033813905196544,0.0030738772716384266,0.0023054105030437754,0.020542097213661615,0.30490661854482326,0.05425105798959237,0.0014402689119004247,0.0013061103497159837,1.6761973260030737e-08,3.541357035973703e-09,1.4157774919498648e-10,1.3975779316667126e-10,3.367629206986559e-11,0.361904055796032,3.856368870405226e-09
119,0.020049683368425966,0.003090837809485982,0.0023181317622987243,0.020786605896533885,0.3073532658429733,0.05459624481788581,0.0014531637779848106,0.001315841744982494,2.2471224351395776e-08,5.032012604490855e-09,1.9572204347610553e-10,1.9715286282080935e-10,4.616738544107366e-11,0.3647185161838264,5.471054896228844e-09
120,0.02006565461288399,0.003107902180972981,0.0023309312117770066,0.0210342995112515,0.3098190075555819,0.05494311469254596,0.0014662162754757986,0.001325676285104997,3.03089864418223e-08,7.17385472223972e-09,2.7147701011544654e-10,2.790640454792957e-10,6.350413927331907e-11,0.36755401480870864,7.78789991710778e-09
121,0.020081728128106865,0.0031250708596125207,0.002343809376913003,0.02128522481470779,0.31230399245062757,0.05529164904323778,0.0014794307957932816,0.0013356168217326916,4.1431172713820344e-08,1.0336882359457773e-08,3.8058050322002754e-10,3.992633861471473e-10,8.828639996060337e-11,0.37041068911139124,1.1205012648785552e-08
122,0.020097904039493696,0.003142344146858979,0.002356766785499496,0.021539431453538153,0.3148083817432904,0.05564181239547587,0.0014928137212311511,0.0013456677423875696,5.7887811272881826e-08,1.5183731914970706e-08,5.438658186890556e-10,5.823581130861232e-10,1.2511814440902573e-10,0.373288675602385,1.6435073991154913e-08
123,0.02011418273363789,0.0031597219980267315,0.002369803966196295,0.02179697191186845,0.3173323237304234,0.05599357519943708,0.0015063723931755797,0.0013558345352626244,8.350434302985335e-08,2.2967852743637773e-08,8.00307741181103e-10,8.747660813691607e-10,1.8258632295041294e-10,0.3761881058582987,2.4825512889138452e-08
124,0.020130565526663154,0.003177203636540218,0.0023829214451380923,0.022057903072198806,0.31987592606393966,0.05634693461787033,0.0015201150176147643,0.0013661243138917724,1.2583744966678355e-07,3.620610741692817e-08,1.227150302217276e-09,1.3693908956167005e-09,2.7764630769299293e-10,0.37910910001331655,3.908029492245514e-08
125,0.020147043376198527,0.0031947942533481787,0.002396119797180489,0.022322261379671058,0.32243974852303803,0.05670153963816795,0.001534052126956722,0.0013765361516671897,1.6268394957054438e-07,4.8850795447844957e-08,1.6103228669460705e-09,1.8348558307116963e-09,3.6131775769985044e-10,0.3820518764398299,5.265729190320257e-08
126,0.020163629260897455,0.0032124838776311773,0.0024093994836571837,0.022590148836077403,0.3250233631541214,0.057057749009127995,0.0015482016023995663,0.0013870976956281472,2.4776499862177535e-07,7.747680977577694e-08,2.483567142404645e-09,2.8899777377513995e-09,5.526281090430203e-10,0.38501641146127713,8.3402982764976e-08
127,0.020180334702156882,0.003230261885161346,0.0024227609516142205,0.02286167997402671,0.3276263988743739,0.0574158353607931,0.0015625908547679476,0.0013978436889678946,4.3886204164556187e-07,1.4261660652878627e-07,4.444951099797633e-09,5.283122378072415e-09,9.808502015876084e-10,0.3880026687789029,1.5332553020824395e-07
128,0.02019719464311158,0.00324809805868288,0.002436204468666218,0.023137073427827563,0.33024741148138137,0.05777674421644632,0.0015772766982429852,0.0014088589112033086,8.937494758242543e-07,3.0125133989721485e-07,9.127286736002983e-09,1.1082831111192998e-08,1.9973465415316066e-09,0.3910102913072741,3.2345880428594246e-07
129,0.020214304843804678,0.003265903378852715,0.0024497297431083586,0.023416884116545494,0.3328820847252533,0.05814305594098196,0.0015924325558293185,0.0014203959617113025,2.071150200054833e-06,7.227939678359294e-07,2.1284333150131e-08,2.6408221085564213e-08,4.6189650224510635e-09,0.39403796918377587,7.751054870940757e-07
130,0.02023221209189121,0.003283397865918532,0.0024633346174134443,0.023702179987469676,0.33550747554542876,0.058532577564771655,0.0016078901866760683,0.0014328151789648887,5.410329197911038e-06,1.9515271804345446e-06,5.584229663356895e-08,7.081129352618502e-08,1.2017571295998854e-08,0.3970807584758414,2.090198341890298e-06
131,0.020252520171307156,0.00329963397998168,0.002477010249146285,0.023997073056546275,0.33805479139048406,0.05899555613459905,0.0016238264332133726,0.0014478108783761154,1.5794121592307486e-05,5.8790279548583615e-06,1.6343266083440585e-07,2.1185381614393248e-07,3.4878248294135396e-08,0.4001219848366726,6.289192680130835e-06
132,0.020281016337648585,0.003311163312737753,0.0024907220509756134,0.02431690616888659,0.34027554054744524,0.05971121083941365,0.001641269198348459,0.00147187446169584,5.111700475900294e-05,1.9608153450552743e-05,5.294158303808112e-07,7.017298493678599e-07,1.1203682972571909e-07,0.40309989504690313,2.0951335960027132e-05
133,0.020341040886819192,0.003304613773429052,0.0025043287780088757,0.024722815890797823,0.3411795591051433,0.06139155414507907,0.001664266197330618,0.0015312614867260738,0.00018209001932433807,7.193009336476646e-05,1.8854354570736857e-06,2.5565147593840992e-06,3.956202161802069e-07,0.40576664093427905,7.676766379740446e-05
134,0.020539765363900668,0.003226371552977119,0.0025172054770549027,0.025483365092998374,0.3364267405394327,0.06714098632101223,0.0017090752829204612,0.0017473701821892685,0.0007111245050014038,0.0002903539581464009,7.379702954557212e-06,1.0248816944996434e-05,1.5347020025124003e-06,0.4070241723255547,0.000309517180048467
135,0.021619815782193543,0.0028680559239033193,0.0025256990574064843,0.0281086198550199,0.3028060453490509,0.09291381826079904,0.001857941743112445,0.002971751887570972,0.003178208630933263,0.0014188605105831264,3.4691984629836504e-05,4.972043831897477e-05,7.132943480356488e-06,0.4005495572405334,0.0015104058770122944
136,0.03571612260781849,0.002000938808953984,0.002504512576748487,0.037892012884077064,0.16517998547240853,0.16771869910569384,0.0024427418177228872,0.01421723319549919,0.013416537222251614,0.008315839857384221,0.0001892691732821769,0.00028858572665344965,3.8115755255163324e-05,0.3495586595913244,0.008831810512575013
137,0.037821408004799634,0.0019760115229039664,0.0025154816123679866,0.03865991058066172,0.1590564009373648,0.17068453919370113,0.0025109100955657284,0.015558160742778826,0.014143452099998177,0.008954934605640393,0.00019718525031715354,0.00030849529136237866,3.935298338872802e-05,0.3478100109694105,0.009499968130708653
138,0.03881603007709841,0.0019739258745513116,0.0025284058436867755,0.03914828705605111,0.15756334746494374,0.1724038883782417,0.0025561277071947516,0.016214707145714945,0.01449289806559942,0.009254805519815825,0.00019712439540506879,0.0003164727029998516,3.8998561274592594e-05,0.34873807069609514,0.009807401179495339
139,0.039823500998714075,0.0019724343981843574,0.002541461390621966,0.03962846605478314,0.15615939044001334,0.17406876715445846,0.0026008842667012907,0.016873660587067955,0.014836970595478926,0.009547869595304181,0.0001966532229715064,0.00032407788290010614,3.856685516749728e-05,0.34970270244824103,0.010107167556343293
140,0.04084039859488405,0.0019715404257021614,0.0025546562670511874,0.040098140436819675,0.15483386698420978,0.17570407745446937,0.002643731192239027,0.017526169251080668,0.015174707064194777,0.009832490387847028,0.0001957653299999613,0.0003312616019946169,3.8058678717789796e-05,0.35070784488199885,0.010397575998559396
141,0.041868901477917234,0.0019711691824328497,0.0025679853030985142,0.04055889365901225,0.1535678861841424,0.17731942961887354,0.0026846076098656136,0.018173419091569967,0.015507239792899996,0.010109662085884525,0.00019450807954890048,0.00033806419026463614,3.7485145837432934e-05,0.3517453425044515,0.010679719501535493
142,0.042911018758149885,0.0019712602403022814,0.00258144429914944,0.04101202191743402,0.1523459717471602,0.17892236779570966,0.0027234521828029897,0.018816399533142122,0.01583549421344166,0.010380199754928196,0.00019292204667387922,0.0003445189972204508,3.6855738307580686e-05,0.35280819125881496,0.010954496537130107
143,0.04396813137799689,0.001971769767405861,0.002595030903991465,0.041458279758817634,0.15116037157036202,0.1805156681712571,0.0027602854099385028,0.019455455800037942,0.01616007117854023,0.010644568530586014,0.00019103892705066996,0.0003506470687120028,3.6177987018560155e-05,0.35389178095159557,0.011222432513367247
144,0.04504109586124879,0.001972666020253919,0.0026087442158155383,0.04189799225758226,0.15000942980547613,0.18209839126575358,0.002795206437631475,0.020090380651939355,0.01648132086344592,0.010902957599628104,0.0001888839667112275,0.0003564599974426093,3.545799994445354e-05,0.35499340816080055,0.011483759563726395
145,0.04613056772148901,0.001973923732445358,0.002622583986553233,0.04233128389384408,0.14889401348092413,0.1836681263363812,0.002828349418721015,0.020720717783991663,0.016799470967843608,0.011155431428934484,0.0001864792245352576,0.0003619651310269556,3.470111349827091e-05,0.35611120702001803,0.011738576897994969
146,0.04723721779877078,0.001975520939918701,0.002636550135522694,0.0427582200242202,0.14781529937512358,0.18522235856221345,0.0028598513305713104,0.021345963736093005,0.017114703943445456,0.011402022538037439,0.00018384535894738708,0.0003671686837806861,3.391224396429084e-05,0.3572434730040014,0.011986948824729803
147,0.04836182611899462,0.0019774377021122462,0.002650642560547727,0.043178862870474906,0.14677391493610817,0.18675897973444228,0.002889837110458936,0.021965652196052322,0.01742718755373152,0.011642767475535389,0.00018100225175763786,0.00037207691222145586,3.309601327897168e-05,0.3583883839770617,0.01222894265279345
148,0.0495053097385575,0.0019796556971237817,0.002664861098665091,0.04359328410749348,0.14576976827860957,0.18827636808270523,0.0029184150457640333,0.022579374290217627,0.017737082312067092,0.011877714083054894,0.00017796910940443223,0.00037669633620281444,3.225677616353672e-05,0.3595439256972965,0.012464636304825678
149,0.05066872434686864,0.001982158117367969,0.002679205542308223,0.044001560766433544,0.14480213688032267,0.1897733094145496,0.002945676755536887,0.023186772786573568,0.01804454035833683,0.012106918016020598,0.00017476440003704594,0.0003810336154837807,3.1398617424764744e-05,0.3607078958369827,0.01269411464896619
150,0.05185325824868018,0.0019849296389440455,0.002693675668962414,0.044403766930908896,0.1438698201786689,0.19124888150604144,0.00297169880064438,0.02378752812456646,0.018349702150582143,0.012330436598454697,0.00017140577058759345,0.0003850953493266992,3.052534624640624e-05,0.3618779286099212,0.012917463064615395
151,0.05306022650621479,0.001987956388443651,0.002708271269014084,0.04479996564504389,0.14297128315726115,0.1927023465697077,0.002996544651952859,0.024381343783127153,0.018652693253189866,0.012548322953677877,0.00016790998814743648,0.0003888878936033272,2.9640495268608027e-05,0.36305151816204884,0.013134761330697246
152,0.05429106793228935,0.0019912258875481245,0.0027229921675057307,0.04519020205075918,0.1421047708873846,0.19413306359761998,0.0030202665374679766,0.024967933422267392,0.018953621842817066,0.012760621238481948,0.00016429291231486666,0.000392417220145191,2.8747325294113807e-05,0.36422603444473994,0.013346078696236122
153,0.0555473450019947,0.0019947269849144127,0.0027378382398526215,0.045574498190516254,0.1412683934364464,0.19554042033350183,0.003042906996181794,0.025547009960296935,0.019252576909049145,0.012967363001832126,0.0001605694930213419,0.0003956888166055285,2.78488343261641e-05,0.365398730726427,0.013551470145785161
154,0.05683074667625512,0.001998449781936722,0.00275280942279327,0.04595284910098525,0.1404601854798629,0.19692378157710713,0.003064500135193612,0.02611827661617644,0.019549626963367248,0.013168564420681811,0.00015675378631274032,0.000398707617376202,2.6947769401672095e-05,0.36656674380834015,0.013750973593772425
155,0.05814309411349409,0.0020023855533464687,0.0027679057216982725,0.0463252195180704,0.13967814654442895,0.19828244977912746,0.0030850726368674163,0.026681419609897717,0.019844819094447342,0.013364224182209615,0.00015285898197646628,0.00040147795748637645,2.6046640028300277e-05,0.3677270885703215,0.013944607761700758
156,0.05948634852008253,0.0020065266717248253,0.00278312721538054,0.04669154120513172,0.13892026750636555,0.19961563423049714,0.003104644540389577,0.027236101797793982,0.020138178204265247,0.013554321816668349,0.00014889743820105592,0.0004040035423619525,2.514773231167745e-05,0.3688766480750462,0.014132370529543034
157,0.06086262055967101,0.0020108665423583688,0.0027984740594428894,0.04705171078552347,0.13818454679907133,0.2009224264111242,0.0031232298402952613,0.027781957066478985,0.020429706282129728,0.013738816284347253,0.0001448807197433564,0.0004062874267164583,2.425312313674582e-05,0.3700121601169698,0.014314237553943813
158,0.062274181976295535,0.0020153995426081964,0.002813946488655893,0.04740558752437473,0.13746899899738374,0.20220177960439956,0.0031408369511477102,0.028318585442043378,0.020719381652567027,0.013917644696967931,0.0001408196376662667,0.00040833199897734844,2.3364694079804012e-05,0.3711302009949744,0.014490161027691349
159,0.06372347860909391,0.002020120968572016,0.002829544818723595,0.04775299103548623,0.13677165859882207,0.20345249112665745,0.003157469062905777,0.028845548488342265,0.021007158150232626,0.014090721121478031,0.00013672428946737467,0.00041013896954937015,2.24841448609719e-05,0.3722271672767275,0.014660068525355747
