,Rs,Rj,Ra,Sj,Sa,Sb,Sga,Sgb,Cj,Ca,Cb,Cga,Cgb,Clupeid adult,Cod adult
0,0.12074879116787313,0.0029657844459049128,0.0025130448506039344,0.03061027275013471,0.17939789052322128,0.06255178755684343,0.0023275774416888204,0.006743728287651733,0.0036864158094499205,0.005173521497909458,0.0027199444276652888,0.0001419009250336685,0.0004710616064831644,0.2510209838094053,0.00850642845709158
1,0.1577025128314245,0.0030220323796084233,0.0025133099314907014,0.02576998725185538,0.14592577914042681,0.05351729725865605,0.0019371620454940585,0.0064421083973241365,0.0032091367241718193,0.004622036496234322,0.0023842291280923773,0.00011932663911003656,0.0003909270673100295,0.20782234684190104,0.007516519330746765
2,0.14799378380114445,0.0029496686377898053,0.002509910236016229,0.026185821162629,0.15383044966527332,0.05744002154116136,0.0021738140627354783,0.006561324801446371,0.003791732481684599,0.005403732318095338,0.0026582200037410996,0.00014759453092472215,0.0004571773685100926,0.22000561007061653,0.008666724221271252
3,0.12839634235354114,0.0029950117985280368,0.002535667871168406,0.02963516123501695,0.16812690757529586,0.06348513133033926,0.002330048619239817,0.007398747395794295,0.003645486221380385,0.00497099656508627,0.002347338610910221,0.00015120340248976706,0.0004452963175301053,0.24134083492066924,0.007914834896016363
4,0.14861710387521307,0.0029931030977402313,0.002514663637697639,0.02658038364480199,0.15361299103075085,0.056322130658059834,0.0020937741946706824,0.0065948709602945245,0.003380069353002685,0.004915808263884193,0.00230206073667763,0.00012930582704330013,0.0003785552961922369,0.2186237668437759,0.007725730123797359
5,0.14690268811924076,0.002942128803161981,0.002511741724544842,0.027389277683949127,0.14984680514256987,0.05960652999172617,0.0021665896703263574,0.007347762526782934,0.003854814671329131,0.005566417263670671,0.0024981631911826204,0.00015192853140788716,0.00042561202740343886,0.21896768733140534,0.008642121013664617
6,0.1442780653063425,0.002917841741794915,0.0025113220685014336,0.0279261876675015,0.15004602924233937,0.06151142265274666,0.002204689181490336,0.007563484345534044,0.0040459944736136655,0.005842707404018861,0.0025351841873197454,0.00016186905585249361,0.00043538786089772813,0.2213256254221104,0.008975148508088828
7,0.14289049708054632,0.002869478125807926,0.0025088584089597125,0.028510039163798895,0.14687172217705524,0.06425279230984264,0.0022526802842701677,0.008222543130120706,0.004496619152324113,0.006445169050381541,0.0026973632951391682,0.00018322471180685983,0.00047230893314916103,0.22159973790128873,0.009798065990476728
8,0.15671026625091647,0.002882790720200026,0.00250064933141208,0.026369308636353117,0.1365828678340033,0.059708753099525884,0.0021352616280395365,0.007696101521737073,0.00422745289656802,0.00627871108153045,0.002584157514857213,0.00016772134049950453,0.0004226781316073412,0.20612298408330582,0.009453268068494508
9,0.13527902159283095,0.002876635641670258,0.0025122466182915114,0.029728055184082575,0.155282269158331,0.06466632411004769,0.0022664379211257465,0.007869415188599965,0.004361393238127223,0.0063437899010017765,0.0024981137621418923,0.000177908271022255,0.0004333709657830499,0.2300844463781044,0.009453182899948974
10,0.16341824757748294,0.0027440759479256203,0.002482606099200716,0.02594894850389284,0.1242628481551181,0.06140765942066221,0.00208091330350483,0.008553959519120299,0.005210243555452453,0.007726167286235153,0.0029565314287513965,0.00020198261812848074,0.00048563824645938853,0.19630538039840545,0.011370319579574418
11,0.13245425467960312,0.0027427063906828404,0.0025061872604066763,0.03015525555609312,0.14708522195267792,0.07223793609309964,0.0025178669536432864,0.009624319493055145,0.005552185001031836,0.007942986629747524,0.0028667836709203175,0.00023518313732837282,0.0005243564937944022,0.23146534449247602,0.011569309931790615
12,0.127233286498396,0.002752419590530847,0.002509128098842591,0.03158164624686539,0.15172238073931155,0.07272388025109992,0.0024703087804124804,0.009316828519310332,0.005425566688992916,0.007856032670181867,0.002720394953897944,0.00023176785003426758,0.0005008149700713544,0.23623339829013432,0.011309010444185433
13,0.13176479926382523,0.0026466639946103264,0.0025009676608579077,0.03050745075745766,0.1434627850307751,0.07442159827745641,0.0025696001154576925,0.010455921765492428,0.006315020140205136,0.008974457782830346,0.0029582075104388106,0.0002685533816051835,0.0005616552038296731,0.2309099051891816,0.012762873878704012
14,0.15778573156433232,0.002592191517328831,0.0024836378025774454,0.027370127994378445,0.11729695192648051,0.06952213409987573,0.0022908571654102596,0.010499193417179654,0.006482819617710397,0.00948439867530358,0.0029775726574593664,0.00026355722583278806,0.0005468576808076144,0.19960913660894614,0.01327238623940335
15,0.1465523518633983,0.0026874389129541085,0.00249902474410495,0.029484738377971564,0.12906335769571667,0.0704889890934503,0.002379132060811545,0.01013467907834839,0.005632009743191351,0.008478721958879144,0.0025093148848165333,0.0002352033220214486,0.00046716900887123515,0.21206615792832686,0.01169040917458836
16,0.15376368063781712,0.00255036089940127,0.0024885392494645516,0.028385912977509187,0.11516227221873557,0.07348448280157445,0.002401895535189466,0.011625015606522147,0.006808586693358268,0.009863263684850751,0.0027769359179268516,0.0002822511337008024,0.0005320545704935503,0.20267366616202162,0.013454505306971955
17,0.14351876322917834,0.002518057120667013,0.0024912141955634333,0.029978844978412012,0.12414275145972638,0.0757353652078409,0.0024842282267257187,0.01161346432825681,0.007122160058742232,0.010204990383459756,0.0027337126756620013,0.000301311141950485,0.0005341079201782112,0.2139758092225498,0.013774122121250456
18,0.14409816199542916,0.002495111619271574,0.0024937065094900756,0.030033340447272308,0.12095423230083951,0.07705275312056777,0.0024991944665761325,0.012133350056594635,0.007304772531180154,0.010327729719094299,0.002629248567518357,0.00031087145401396737,0.0005191556487950814,0.21263952994457802,0.013787005389421706
19,0.14207220571352738,0.0024750839109487595,0.002496197108046523,0.030756882816107292,0.11900207759612971,0.07949242067349356,0.0025546347175418867,0.012837000949121118,0.00749730954097181,0.010460092125638192,0.002533811301394644,0.00032060365697671,0.0005046693610899928,0.21388613393628628,0.013819176445099538
20,0.13876938610569695,0.002422990607798336,0.002496738106434895,0.030997129441683164,0.12020178186163057,0.0815128027462023,0.002620596860171028,0.013164240123314153,0.008012190253708178,0.010953500202302935,0.0025402669110049223,0.00034363515649667555,0.0005116660777187085,0.21749942159131802,0.014349068347523242
21,0.15154302861242874,0.002394627168475411,0.0024929838424465724,0.029438353604885018,0.1088360715752981,0.07802590526768072,0.0024627895617393377,0.013147878282389638,0.008019990804929232,0.010853432717007309,0.002380960820600704,0.000333582998903014,0.00047409414190738427,0.20247264468710777,0.014042070678418414
22,0.13604976844750608,0.0023389013625644203,0.002497499320177562,0.03169446289679536,0.11591460500434245,0.08617222379141298,0.0026812119607688397,0.014492606230898977,0.008902828690246957,0.011670396868441927,0.002482326101388812,0.00037720277798485274,0.0005058630200223679,0.21926064698742323,0.01503578876783796
23,0.13192485732201667,0.0023647777037705945,0.002503626493586788,0.03252331721198212,0.12010841562575288,0.08632001239141457,0.0027231366895253454,0.014366724297248397,0.008639172161412524,0.011160646089421255,0.0022442126844051356,0.00036221586152473945,0.0004570641533533217,0.22351828900394116,0.014224138788704451
24,0.1374162224117755,0.0023427862190880046,0.002504337435950339,0.031871055470091086,0.11405540165998851,0.08544275757687092,0.0026729780102630082,0.014695539129125516,0.008770422745578038,0.011072664262661411,0.0021159195568894343,0.0003591865524434748,0.00043002594854547627,0.21686667637624796,0.013977796320539797
25,0.13609858667368055,0.002314761837545517,0.0025051376768726544,0.032222808909838856,0.1124594240977616,0.08747093158987615,0.0026919772871800626,0.015219660596234438,0.009083009705556613,0.01124590113034822,0.0020551214362809485,0.0003676349701462791,0.00041848304969781746,0.21784199357105224,0.014087140586473264
26,0.12896907240143116,0.00227282420218839,0.002505524575386139,0.03324957273995512,0.11456611446461303,0.09188205498784408,0.0028168761959602,0.01612701064749186,0.009707491651314154,0.01180169560137523,0.0020772490955340292,0.00039241897418999284,0.0004258217762037025,0.22539205629590917,0.014697185447302951
27,0.13793352433656603,0.002184447026325788,0.002497498477682243,0.031690654926647036,0.10523492321885286,0.09089557453831142,0.0027397248660713416,0.016713334767907012,0.010443508816768934,0.012459842942784132,0.0021180653536002295,0.00041159601913264287,0.00043215819130403254,0.21558355739114257,0.015421662506821036
28,0.14173579834495484,0.0022015276715156937,0.0025021364518117155,0.0316327731828164,0.10192089613445486,0.08909301790569003,0.002659474345289824,0.016636153130304546,0.010181034461774879,0.01176176028884874,0.0018795491373318437,0.00038601718338983473,0.000381311712948706,0.21030954151573925,0.014408638322519124
29,0.13563381592879434,0.002149945142493077,0.0025005181408912715,0.03243240345606903,0.1032850206172715,0.09340152396413867,0.0027633281709143515,0.01752703711453232,0.010933514333989723,0.012519375224549439,0.0019306820259226214,0.0004170525620764279,0.0003940467496422143,0.2169769098668568,0.015261156562190705
30,0.1336442984651034,0.0021520767877414586,0.0025051584922999234,0.03287853194188134,0.10233128864507439,0.095378760753353,0.0028116482050795444,0.018250408346615742,0.0110135131679306,0.012276481975137211,0.0017963424028153744,0.00041165726066077525,0.0003671474575284555,0.21877210595012264,0.014851629096141817
31,0.13561899725430676,0.0021237451734727373,0.002504472121120259,0.032669641264190356,0.09910720003546343,0.09569644235220053,0.002794562358686299,0.018668569762014284,0.011296715617489779,0.012349608472866458,0.0017226970300610238,0.0004135570855770595,0.000351207725296948,0.2162667745083645,0.014837070313801489
32,0.13618219055791714,0.0020963075556944912,0.002504071084419071,0.03264937557044202,0.0967049071147205,0.09669207031282388,0.002792245798098992,0.019204150802138966,0.011627560292761265,0.012480900302381063,0.0016621734209785427,0.0004184152731007093,0.0003384961049518815,0.21539337402778233,0.014899985101412197
33,0.135826733870235,0.0020872068903927915,0.002505794851418947,0.03276620029646963,0.09545606565121686,0.09767007875823633,0.0028092200272296546,0.01965359402178783,0.011777299875119072,0.012401195865230048,0.0015710094093942984,0.0004164623455993276,0.00031968906716635685,0.21558895845847065,0.01470835668739003
34,0.13113430584072458,0.002066778211842824,0.0025056099529918237,0.03339637185732868,0.0969611818077203,0.10071378996647483,0.00287988565854334,0.0202640213260113,0.012170830867005803,0.012767312718913178,0.0015473981560453006,0.00043149717755081447,0.000315406133602293,0.22081887875874975,0.015061614186111585
35,0.13432539600106766,0.002063002070166519,0.002507555947259146,0.03309814467137728,0.09362278080233027,0.0999157232497016,0.002840198007850235,0.020545546408872566,0.012161603900402277,0.012396173262003434,0.0014239935310683116,0.00041704826077171,0.00028914734503299416,0.21692424846875466,0.01452636239887645
36,0.13433783604073687,0.0020304474110859347,0.002505278467056181,0.033072713206635955,0.09205152259871684,0.10104991890355773,0.0028285677286939213,0.020982672074938594,0.012576010333609874,0.01273365894799555,0.0014045344068602395,0.0004285581994718817,0.00028490764045684363,0.2169126813059071,0.014851659194784515
37,0.12945499384945258,0.002020693157699218,0.002506387777591854,0.033751708966432994,0.09388656276315387,0.10400290646887074,0.0029010880679290856,0.02158380355697502,0.012870483868241899,0.012932486739270744,0.0013616553873937334,0.0004377029456210003,0.0002765838443083256,0.22237436085692874,0.015008428916593802
38,0.12711279726563618,0.0020140708672052366,0.0025075623845219577,0.03416326620887505,0.09440003360989452,0.105518294566971,0.0029300998030021845,0.02194664903141648,0.01305262270903189,0.012940683725070599,0.0012962866433153836,0.00043854459481222055,0.0002630765534121763,0.2247950770112842,0.014938591516610377
39,0.1279504450624699,0.0020004453658028615,0.002507986994447301,0.034042532663219494,0.0927769090073749,0.10590255445788059,0.002918149565297265,0.02230281216018847,0.013218915447206221,0.012877797388553045,0.0012294489365788466,0.00043577957616528466,0.00024900586122640465,0.22390042519074121,0.014792031762523581
40,0.12960959295907004,0.001994870019068718,0.0025095141176501327,0.03386745753325454,0.09083672118034047,0.10565935762642045,0.0028953733611988236,0.022581123438502486,0.013263716638751645,0.012617746555729926,0.0011438604549589462,0.0004257689751786466,0.00023102995861294513,0.22197257560646222,0.014418405944480465
41,0.12444616824412189,0.0020039641985022043,0.002512524242067083,0.03476879902711063,0.09341567011290845,0.10797670327773677,0.002970780578901108,0.02296948789489195,0.013340123727570787,0.012490804900841345,0.0010708109176250007,0.00042247370562356477,0.00021613328444020614,0.2273326418644383,0.014200222808530116
42,0.12283205937180747,0.0019813566095802536,0.0025116244620059557,0.03492471427596744,0.09320554849942668,0.1096978033665175,0.002983746313549226,0.023436129180268012,0.01369850525091284,0.012739636637284094,0.001047208244163472,0.0004316090496407364,0.00021130148770685957,0.2293232273597614,0.01442975541879516
43,0.1230029177657381,0.001982274180527692,0.0025137098719511504,0.03498304796649174,0.09246872630170873,0.1098513562600996,0.0029836005392712833,0.023690280642806965,0.013703974285052831,0.012460062465274433,0.0009701604562523256,0.0004212624005731917,0.00019525732912466532,0.22899396374388659,0.014046742651224617
44,0.12171230443061998,0.0019663565605440945,0.002513638386068718,0.035114098536434296,0.09231810752584438,0.11120314371703975,0.00299450726022634,0.02407349002716155,0.013968824280357225,0.012574071896092168,0.0009359206941383661,0.00042550524913646267,0.00018822072436304606,0.230589248530272,0.014123718563730042
45,0.11934218099537083,0.0019654354136314283,0.0025152273285320285,0.03551010323356643,0.09311002279945793,0.11257765820559236,0.003027206724102383,0.024413683475435516,0.014078626379827545,0.012486529550401795,0.000883069420208903,0.0004226716020908189,0.0001773527620736836,0.2331285712045882,0.013969623334775203
46,0.11869161541761382,0.0019605613931005673,0.0025161031801639597,0.035614597815909074,0.0930184256411213,0.113207048038052,0.003032337284230182,0.02461892080923411,0.014175183581873536,0.012406413808075691,0.0008356124437362933,0.00041957154251759897,0.00016752742581293753,0.2338767317726376,0.013829125220142522
47,0.11707091363558492,0.0019575703583683012,0.0025169250166258853,0.03584854338225256,0.09366538206223206,0.1142133861914729,0.003050837477908329,0.024795463231320945,0.014274594834677598,0.01237578564631265,0.000795091586943252,0.0004184488844922219,0.0001591891847170435,0.23572506896293424,0.013748515302465167
48,0.11516278078354768,0.0019576802389866975,0.002517899387341159,0.03613140165468516,0.09466681196842945,0.11522399821705288,0.0030739609672204614,0.02491077700960562,0.014339159805172004,0.012328889657507766,0.0007555568013603213,0.0004167535815510559,0.00015106848264913244,0.2378755481623084,0.013652268523068277
49,0.11336518780405619,0.0019580024779367643,0.0025188712243442535,0.036396462526398284,0.09563702135174983,0.11616947506362439,0.003095449850575514,0.025007622517516852,0.01439630504376836,0.012273754012674594,0.0007174508470401054,0.0004147160151018318,0.00014324606417252144,0.2399095687834666,0.013549166938989055
50,0.11162091470993837,0.001958359016516627,0.0025198411535631163,0.03665248441642915,0.09659153592027617,0.11708528104345915,0.003116103914056183,0.025095221942991155,0.014450855541298768,0.012213904841197441,0.0006808924142913687,0.00041248240112132077,0.00013574862527631943,0.24188814282078264,0.01344302828188645
51,0.10992219748117223,0.0019588016218279256,0.002520813949891079,0.03690104876626631,0.0975357115944607,0.11797310138950134,0.0031360611801984884,0.02517372298723802,0.014502407521763057,0.01214908577624155,0.0006458059401581926,0.0004100468046158382,0.0001285607055409952,0.24381859715139853,0.013333499226556578
52,0.10826878278082976,0.0019593293916206145,0.0025217885914009938,0.037142231146046194,0.0984694459617838,0.11883294736443463,0.00315532820982627,0.02524330353839833,0.014550977918021926,0.012079554484370097,0.0006121635274337077,0.00040742014098434033,0.0001216764156232579,0.24570102507444305,0.013220814568411404
53,0.10666046859540862,0.001959938443848336,0.002522763767616437,0.03737607458812111,0.09939251118853688,0.1196649338263158,0.0031739095319187134,0.025304175247130457,0.014596621761034136,0.01200561525500488,0.0005799386650126492,0.0004046149763563729,0.00011509008550140019,0.2475355297939018,0.013105258981875303
54,0.10509701778358894,0.0019606249529088913,0.0025237382291695325,0.037602629376229046,0.10030466024195053,0.1204692114709906,0.0031918104978405602,0.025356570805150566,0.01463939650808131,0.011927568837174706,0.000549102382987005,0.0004016437252408567,0.00010879548209109864,0.24932225301593225,0.012987110427493663
55,0.1035781136776899,0.0019613851638314124,0.0025247107921848684,0.03782195991819637,0.10120565356187948,0.12124598690211395,0.003209037883838574,0.025400744406764163,0.01467936336717645,0.011845713051250106,0.0005196235858144866,0.0003985186736955567,0.00010278588876452446,0.2510614227545962,0.012866641199524671
56,0.1021033370167013,0.001962215391809227,0.002525680338409028,0.03803414796215949,0.10209527628870889,0.12199553254374608,0.00322560016958694,0.025436970109977988,0.01471658796637065,0.011760342920134404,0.0004914693547675478,0.00039525198047683324,9.705417696187396e-05,0.2527533791120199,0.012744118432340659
57,0.1006721563357447,0.0019631120183019315,0.002526645814388799,0.038239293610667295,0.10297334898302649,0.12271819009890324,0.003241507621732422,0.025465539180138313,0.014751140556472442,0.011671750299787611,0.0004646052120269984,0.0003918556580026235,9.159286880973806e-05,0.25439858588380043,0.012619804038626972
58,0.09928392997569348,0.001964071484297742,0.0025276062304314395,0.03843751453271567,0.10383973187183522,0.12341436862271626,0.003256772215583235,0.025486756959496988,0.014783095834079775,0.011580223041994835,0.0004389953520450559,0.00038834153521187325,8.639419214612506e-05,0.2559976296696317,0.01249395412139789
59,0.09793791496060218,0.0019650902886522693,0.002528560660146829,0.038628944209193314,0.10469432508097516,0.12408453918798423,0.0032714074669685416,0.025500939591475084,0.014812532461869648,0.011486043816429443,0.00041460284927097616,0.00038472120803904246,8.145013000094005e-05,0.25755121132740305,0.012366818003740402
60,0.09663327883101916,0.0019661649935073006,0.0025295082405658894,0.038813729833303785,0.10553706701759903,0.1247292278791679,0.003285428229461618,0.025508410790484683,0.014839532401203316,0.011389488785742087,0.000391389853438259,0.00038100598526965033,7.675246691792823e-05,0.25906013391671323,0.012238637091367926
61,0.09536911225223238,0.001967292234920017,0.0025304481724772346,0.038992030180016575,0.10636793209088517,0.12534900818697486,0.003298850485914829,0.025509498762532577,0.01486418015882691,0.011290826293656448,0.00036931777984007693,0.0003772068359065964,7.22928336641707e-05,0.26052528952630744,0.012109643743067293
62,0.09414444141091345,0.001968468735991959,0.0025313797206297983,0.0391640135679203,0.10718692826918302,0.12594449336757516,0.0033116911465391093,0.025504533336443654,0.014886562018121734,0.011190315667029787,0.0003483474975022907,0.0003733343417885111,6.806275091986154e-05,0.2619476461197409,0.01198006025724045
63,0.09295823981342993,0.001969691320305415,0.0025323022135725344,0.03932985595072363,0.10799409463188267,0.1265163290457072,0.003323967857960149,0.025493843342091156,0.014906765297789228,0.01108820618471226,0.00032843951506573434,0.0003693986573399845,6.405367190292203e-05,0.2633282348776412,0.011850098029020898
64,0.09180943934537668,0.0019709569242697756,0.002533215043023675,0.039489739145852805,0.10878949894617675,0.12706518620300344,0.0033356988247788995,0.02547775425803923,0.014924877661997111,0.010984736234708777,0.0003095541626015314,0.00036540947715087786,6.025702356482397e-05,0.2646681382319983,0.011719956898026011
65,0.09069694053563757,0.0019722626076393475,0.0025341176627477467,0.03964384920093658,0.10957323526811001,0.1275917546297805,0.0033469026443233283,0.025456586140601863,0.014940986494418135,0.01088013266275954,0.00029165176702944,0.00036137601139900517,5.666424589077758e-05,0.26596847868281576,0.011589824687078762
66,0.08961962199302503,0.001973605561904822,0.002535009586969506,0.039792374899015104,0.11034542157065619,0.12809673688773404,0.0033575981550813283,0.025430651837486714,0.01495517834173447,0.010774610305204107,0.0002746928188409532,0.0003573069687543096,5.3266828853895235e-05,0.2672304084509583,0.011459876921653267
67,0.08857634899453362,0.0019749831165127483,0.0025358903883801833,0.03993550640369834,0.11110619741092786,0.12858084281212495,0.003367804299189762,0.02540025548157775,0.014967538428086036,0.010668371693397597,0.00025863812814610907,0.0003532105461997334,5.0056346646358045e-05,0.26845510000382033,0.011330276714389798
68,0.08756598121407036,0.001976392743043572,0.002536759695802714,0.04007343404469272,0.11185572165471103,0.12904478456721888,0.0033775399991751863,0.02536569125410604,0.014978150239375388,0.01056160691393965,0.00024344896849330173,0.00034909442509711315,4.702448890533169e-05,0.2696437374752111,0.011201174796435398
69,0.0865873795962553,0.0019778320574967766,0.002537617191584916,0.04020634724236009,0.11259417027808619,0.12948927225572573,0.003386824048904372,0.02532724240158432,0.01498709517465385,0.01045449360747991,0.00022908720736466838,0.0003449657727759504,4.4163088748944124e-05,0.2707975089843006,0.011072709676369473
70,0.08563941239271544,0.0019792988209066478,0.002538462608787654,0.040334433567838855,0.11332173426423482,0.1299150100715634,0.0033956750184523173,0.025285180487360674,0.014994452260655627,0.010347197088306793,0.00021551542268016485,0.0003408312489080544,4.14641475288332e-05,0.27191759984161123,0.010945007907423846
71,0.084720960392245,0.001980790938504489,0.0025392957282303406,0.04045787793323836,0.11403861761025609,0.13032269297575688,0.003404111172367203,0.025239764856388357,0.015000297924774048,0.010239870567045012,0.0002026970050307232,0.00033669701594192004,3.8919856286586496e-05,0.2730051866147685,0.010818184444304242
72,0.08383092138696335,0.0019823064576448076,0.002540116375450203,0.04057686190474664,0.1147450354549986,0.13071300386783566,0.0034121504006251954,0.025191242290619222,0.01500470582129533,0.010132655459396041,0.00019059624569518356,0.0003325687529003119,3.6522613970052195e-05,0.2740614320140787,0.01069234307196159
73,0.08296821392466903,0.0019838435647041605,0.002540924417625151,0.04069156313026284,0.11544121233519623,0.13108661121969234,0.0034198101614297113,0.025139846832122895,0.01500774670546673,0.010025681764828317,0.00017917841077419723,0.0003284516718879024,3.4265042521645925e-05,0.2750874805484412,0.010567576890012063
74,0.08213178040291524,0.0019854005811481713,0.0025417197605033313,0.0408021548723689,0.11612738057385161,0.13144416713534407,0.0034271074349178842,0.02508579975143315,0.01500948834993262,0.009919068500350077,0.00016840980199768246,0.0003243505367086124,3.213999899477129e-05,0.2760844548955467,0.010443968838051142
75,0.08132058956322159,0.0019869759589461033,0.002542502345375724,0.040908805637043334,0.11680377880195916,0.1317863057981411,0.0034340586867864847,0.02502930963955622,0.01500999549818236,0.009812924175883479,0.00015825780493376808,0.0003202696830508215,3.0140584887157325e-05,0.27705345292644296,0.010321592248755224
76,0.0805336384446831,0.0019885682754947976,0.002543272146121778,0.041011678888429264,0.11747065061231617,0.13211364226642042,0.003440679840833792,0.02497057260339529,0.015009329849880874,0.009707347299224726,0.00014869092545106776,0.0003162130397597361,2.826015290242109e-05,0.27799554532296566,0.010200511417337951
77,0.07976995385546058,0.0019901762281955486,0.0025440291663520976,0.04111093284013102,0.1181282433422951,0.13242677157912605,0.003446986259425836,0.024909772545922297,0.015007550073263463,0.009602426900056214,0.00013967881536804298,0.0003121841507773856,2.6492311364776423e-05,0.27891177372676934,0.01008078217756642
78,0.0790285934186166,0.0019917986288092745,0.0025447734366668005,0.04120672031387074,0.11877680698101528,0.13272626813426275,0.0034529927309287787,0.024847081514154143,0.01500471184014192,0.009498243063924291,0.00013119228826904278,0.0003081861973900799,2.4830926517882816e-05,0.279803149360361,0.009962452476101296
79,0.07830864624583075,0.0019934343976979086,0.0025455050120433403,0.041299188656831826,0.11941659319529198,0.13301268530498825,0.0034587134631982597,0.02478266009977846,0.015000867879466187,0.009394867468472692,0.0001232033264822693,0.0003042220204792736,2.327012293868991e-05,0.280670652063257,0.009845562938372925
80,0.07760923328899533,0.0019950825580433355,0.002546223969363345,0.04138847970960638,0.12004785446801074,0.13328655526049174,0.0034641620822762086,0.02471665787905602,0.01499606804579505,0.009292363915502429,0.00011568508020607173,0.0003002941425237241,2.1804282292038086e-05,0.28151522968983467,0.009730147420524263
81,0.07692950741577219,0.0019967422301201457,0.002546930405084419,0.041474729817308265,0.12067084334211631,0.1335483889613937,0.003469351635512014,0.024649213880351392,0.014990359399436352,0.009190788853597967,0.00010861185974189158,0.00029640478914803577,2.0428040642872753e-05,0.2823377978193734,0.009616233543130768
82,0.07626865325110989,0.0019984126256845213,0.0025476244330597617,0.04155806987708512,0.12128581176317632,0.133798676302104,0.0034742945983945827,0.024580457069273913,0.014983786295410815,0.009090191887109602,0.00010195912174954608,0.0002925559100548997,1.913628453122933e-05,0.2831392397329488,0.009503843203445276
83,0.0756258868225957,0.0020000930425294323,0.0025483061825059446,0.04163862541593353,0.12189301051342882,0.13403788637529584,0.0034790028844521098,0.02451050684292384,0.014976390478765924,0.008990616268210624,9.570345038745017e-05,0.00028874919921553587,1.792414600152241e-05,0.28392040661610063,0.009392993063815133
84,0.07500045504348866,0.0020017828592453915,0.00254897579611709,0.0417165166933789,0.12249268873032401,0.1342664678363127,0.003483487857645434,0.024439473526118336,0.014968211184112148,0.008892099369558386,8.982253414034266e-05,0.0002849861142251732,1.678699676286221e-05,0.28468211795040044,0.009283695014686764
85,0.07439163506341373,0.00200348153021678,0.002549633428322095,0.04179185882420741,0.12308509350277286,0.13448484934787258,0.0034877603467470273,0.02436745886371436,0.014959285237570423,0.008794673135786026,8.42951390729723e-05,0.0002812678947581352,1.5720441641723103e-05,0.28542516206110685,0.009175956611258857
86,0.07379873351306494,0.0020051885808755818,0.002550279243680227,0.04186476191702713,0.12367046953860926,0.13469344008782738,0.003491830661260167,0.024294556504247656,0.014949647159605667,0.00869836451264473,7.910107918238542e-05,0.0002775955800805629,1.4720311472785897e-05,0.2861502967919444,0.009069781483380465
87,0.07322108566587991,0.0020069036032278136,0.0025509134154095233,0.041935331224981234,0.12424905889712175,0.13489263030495718,0.003495708608490843,0.024220852471075482,0.014939329267475984,0.008603195853113654,7.422118445578182e-05,0.00027397002559841164,1.3782655558540535e-05,0.2868582502816453,0.008965169718726388
88,0.07265805453655472,0.0020086262516621546,0.002551536124041715,0.042003667305437004,0.12482110078090373,0.13508279190981057,0.0034994035114382454,0.024146425618049982,0.014928361776252216,0.008509185300206182,6.963726717680146e-05,0.0002703919184344891,1.2903733813548835e-05,0.28754972182020255,0.00886211821963102
89,0.07210902993345879,0.0020103562390457815,0.0025521475561969694,0.04206986618592574,0.12538683138167667,0.13526427908944372,0.003502924227217924,0.0240713480674724,0.014916772897559613,0.008416347146536126,6.533208696161382e-05,0.0002668617920413736,1.2080008695327908e-05,0.2882253827658107,0.008760621034234441
90,0.07157342747946131,0.002012093333108782,0.002552747903471502,0.04213401953401975,0.1259464837751896,0.13543742893656377,0.0035062791657753853,0.023995685628687535,0.014904588935362345,0.008324692170976334,6.128931494806497e-05,0.00026338003986746536,1.1308137010761908e-05,0.28888587750621625,0.008660669662802626
91,0.07105068761344051,0.0020138373531155395,0.0025533373614309903,0.042196214829191794,0.12650028786070525,0.13560256208505092,0.0035094763086864237,0.023919498196196286,0.014891834378258525,0.008234227952952242,5.7493497506848496e-05,0.0002599469281015027,1.058496167485908e-05,0.2895318244506389,0.008562253340235451
92,0.07054027458265408,0.0020155881668205778,0.0025539161287027722,0.04225653553502741,0.12704847034103747,0.1357599833451307,0.0035125232278750943,0.023842840126586766,0.014878531987875046,0.008144959165074421,5.393001979352539e-05,0.00025656260752702045,9.907503487589513e-06,0.29016381704063005,0.008465359295882557
93,0.07004167543478405,0.002017345687697956,0.002554484406159912,0.04231506127044297,0.12759125473950986,0.1359099823326055,0.003515427104109751,0.023765760593939762,0.014864702883058044,0.008056887844934435,5.058506941431463e-05,0.0002532271245227321,9.272952984467656e-06,0.2907824247701648,0.00836997299185595
94,0.06955439901597488,0.002019109872448676,0.002555042396190459,0.04237186797880555,0.12812886145061847,0.1360528340875399,0.0035181947451650153,0.023688303923637757,0.014850366619635218,0.007970013646968572,4.744560043686307e-05,0.00024994043124777657,8.678662407456829e-06,0.29138819420696116,0.008276078341060669
95,0.06907797498100342,0.002020880718769324,0.0025555903020454272,0.0424270280940723,0.12866150782158753,0.1361887996786487,0.003520832603558991,0.02361050990473844,0.014835541265601758,0.007884334075353569,4.449929793970868e-05,0.00024670239505286044,8.122137834658629e-06,0.2919816500085337,0.008183657906180796
96,0.06861195281977334,0.002022658263378678,0.002556128327259361,0.04248061070324843,0.12918940826238687,0.13631812679036812,0.0035233467937955433,0.023532414081240016,0.014820243471633831,0.007799844698925629,4.1734543260525585e-05,0.00024351280715920832,7.601031500024496e-06,0.2925632959277905,0.008092693080845387
97,0.0681559009035274,0.002024442580295193,0.002556656675137658,0.042532681704624466,0.12971277438215173,0.1364410502902084,0.003525743109057969,0.023454048022695875,0.014804488536878237,0.0077165393491262,3.914038007339957e-05,0.00024037139064749644,7.113134327957805e-06,0.29313361580411396,0.008003164254175054
98,0.06770940555330708,0.0020262337793584815,0.0025571755483051704,0.04258330396138962,0.13023181515030444,0.13655779277451166,0.003528027037314672,0.023375439574727788,0.014788290470000022,0.007634410301973231,3.670648139902718e-05,0.00023727780779856996,6.656368702089257e-06,0.29369307453685856,0.007915050959872917
99,0.06727207013241718,0.002028032004988825,0.002557685148310954,0.04263253745033584,0.13074673708103424,0.13666856509117264,0.003530203776809523,0.02329661309004524,0.01477166204549274,0.007553448445039583,3.442311762860223e-05,0.00023423166682689532,6.228781482642624e-06,0.29424211903906167,0.007828332010977724
100,0.06684351416401078,0.002029837435179574,0.0025581856752843715,0.04268043940546525,0.1312577444401238,0.13677356683823857,0.003532278250919611,0.02321758964061284,0.014754614855271948,0.007473643430393707,3.228112562198581e-05,0.00023123252804648745,5.828537282597943e-06,0.2947811791698948,0.007742985621344778
101,0.06642337247434683,0.0020316502807184176,0.0025586773276381355,0.04272706445639759,0.1317650394734608,0.1368729868375936,0.003534255122371547,0.023138387211615798,0.014737159355579734,0.0073949838144236404,3.0271878923277663e-05,0.00022827990950756736,5.4539120092413555e-06,0.2953106686450418,0.007658989514863728
102,0.06601129436179948,0.0020334707846347035,0.002559160301814176,0.04277246476154456,0.132268822656899,0.13696700358316194,0.003536138806814276,0.023059020877865388,0.014719304909229881,0.007317457185426228,2.838725912186597e-05,0.00022537329214052898,5.103286674605294e-06,0.2958309859247406,0.0075763210233632285
103,0.06560694279128207,0.0020352992218714556,0.002559634792068596,0.0428166901360765,0.13276929296747916,0.13705578566323792,0.003537933485751991,0.02297950296325923,0.014701059823218576,0.007241050279800181,2.6619628374167994e-05,0.0002225121244419777,4.775141475690456e-06,0.2963425150797283,0.007494957174092017
104,0.06520999361339211,0.002037135899182356,0.0025601009902922536,0.04285978817475601,0.1332666481763631,0.1371394921566781,0.0035396431188451888,0.022899843183871053,0.014682431381715384,0.0071657490876359175,2.4961803090367953e-05,0.00021969582673570578,4.468050143171342e-06,0.2968456266357574,0.007414874767605164
105,0.06482013480726245,0.002038981155255795,0.0025605590858638573,0.04290180436975464,0.1337610851641982,0.13721827300277198,0.0035412714555914555,0.02282004877518981,0.014663425874433872,0.007091538948447793,2.340702878127834e-05,0.00021692379503952594,4.180674555467933e-06,0.2973406783977514,0.007336050446824066
106,0.06443706574583233,0.0020408353610700818,0.002561009265532721,0.04294278222360135,0.13425280025999756,0.13729226934465244,0.0035428220464001825,0.02274012460396506,0.014644048620361512,0.0070184046377462575,2.1948956052804978e-05,0.0002141954045669277,3.911759613574099e-06,0.2978280162550153,0.007258460757979563
107,0.06406049648198134,0.0020426989204862717,0.00256145171332864,0.042982763357442104,0.13474198960503897,0.1373616138461115,0.0035442982530774956,0.02266007326503569,0.014624303986802001,0.006946330445098985,2.0581617729195905e-05,0.00021151001289056704,3.660128370826433e-06,0.2983079749692637,0.0071820822040895745
108,0.06369014705374317,0.0020445722710875185,0.002561886610496599,0.04302178761481165,0.13522884954370568,0.1374264309816593,0.003545703258738957,0.022579895163435438,0.01460419540365358,0.00687530024428195,1.9299407081133684e-05,0.0002088669627926815,3.4246774108386507e-06,0.29878087894753935,0.007106891291566603
109,0.06332574680656897,0.0020464558852768475,0.0025623141354542906,0.04305989316114123,0.13571357704368806,0.13748683729960218,0.0035470400771685437,0.02249958858196667,0.014583725372809426,0.006805297556073543,1.809705713063686e-05,0.00020626558482563103,3.2043724660827204e-06,0.29924704300242544,0.007032864570495893
110,0.0629670337303891,0.002048350271648405,0.002562734463770685,0.04309711657924208,0.13619637014848424,0.13754294165781833,0.0035483115616427603,0.022419149734326214,0.014562895472524314,0.006736305604197589,1.696962100153419e-05,0.00020370519960392024,2.9982442690389096e-06,0.29970677310227156,0.006959978669072084
111,0.06261375380896797,0.0020502559766510443,0.0025631477681641117,0.04313349296102274,0.13667742846575215,0.13759484543177958,0.0035495204132388,0.022338572803740547,0.014541706356541246,0.006668307364874555,1.5912453281842334e-05,0.0002011851198472636,2.805384627436317e-06,0.30016036711451105,0.006888210322631098
112,0.0622656603787979,0.002052173586567213,0.0025635542185185834,0.04316905599571182,0.13715695369573933,0.13764264269419832,0.0035506691886452906,0.022257849966929154,0.014520157747713853,0.006601285610393764,1.4921192362605711e-05,0.00019870465219249154,2.624942714839587e-06,0.3006081155455121,0.0068175363976637005
113,0.06192251349448616,0.0020541037298353127,0.0025639539819173056,0.043203838054874044,0.13763515020478895,0.1376864203654805,0.0035517603074937663,0.022176971403065817,0.014498248425795406,0.006535222947074102,1.3991743716548924e-05,0.00019626309879039935,2.456121567685666e-06,0.3010503022808291,0.0067479339111487366
114,0.061584079297319246,0.0020560470797484167,0.0025643472226925665,0.043237870274513854,0.13811222564973674,0.13772625833390723,0.0035527960592271696,0.02209592528723604,0.014475976208991114,0.006470101847932929,1.3120264079154773e-05,0.00019385975870189284,2.2981747798167515e-06,0.3014872053301072,0.006679380045493792
115,0.061250129383550365,0.0020580043575667084,0.002564734102491409,0.04327118263455641,0.13858839165975567,0.1377622295442039,0.0035537786095192338,0.022014697767747376,0.01445333792880407,0.0064059046803355635,1.2303146494443348e-05,0.00019149392910606679,2.1504033855769845e-06,0.3019190975812262,0.006611852159321649
116,0.06092044016895358,0.0020599763360846985,0.00256511478035673,0.043303804035956094,0.1390638645826027,0.13779440005290214,0.003554710006254178,0.021933272926573207,0.014430329397663736,0.006342613728848224,1.1537006187713446e-05,0.0001891649063310677,2.0121529226247703e-06,0.3023462475683322,0.0065453277942896316
117,0.06059479224674534,0.0020619638436918442,0.0025654894128235898,0.04333576237558375,0.13953886630191453,0.1378228290486759,0.003555592185066998,0.021851632722248368,0.014406945368834995,0.00628021121346434,1.0818667227748191e-05,0.00018687198671665879,1.8828106657460146e-06,0.3027689202579058,0.006479784678074492
118,0.06027296973710014,0.002063967768957651,0.0025658581540306223,0.04336708461887341,0.14001362513082946,0.1378475688357645,0.003556426974432272,0.021769756914784538,0.01438317948820127,0.0062186793033247815,1.0145149941460229e-05,0.00018461446731555094,1.7618030231305715e-06,0.30318737785581074,0.006415200723604923
119,0.05995475962826101,0.0020659890657573794,0.002566221155846452,0.043397796869968225,0.1404883767846693,0.13786866477869497,0.0035572161002733107,0.021687622972634796,0.014359024237703267,0.006158000126009733,9.513659044620455e-06,0.00018239164643885777,1.6485930867870398e-06,0.3036018806362724,0.00635155402458
120,0.05963995111149366,0.0020680287589335093,0.0025665785680108865,0.043427924438821146,0.14096336543187019,0.1378861552068269,0.0035579611900461304,0.02160520596238713,0.014334470870486284,0.006098155772451229,8.921572453171493e-06,0.0001802028240497599,1.5426783290176498e-06,0.30401268779113033,0.006288822847283178
121,0.05932833491453665,0.002070087950463923,0.0025669305382904663,0.04345749190442114,0.14143884481826435,0.13790007127773984,0.003558663776236947,0.021522478422623535,0.014309509338128919,0.006039128297506271,8.366430740654063e-06,0.00017804730200881308,1.44358843715118e-06,0.3044200582948646,0.006226985618692889
122,0.059019702640323586,0.0020721678260845716,0.0025672772126476904,0.04348652317308438,0.14191507945589737,0.13791043679909257,0.0035593252992009174,0.02143941022411312,0.014284128210640379,0.005980899716241997,7.845927208443578e-06,0.0001759243841743943,1.3508832790320412e-06,0.30482425177830397,0.0061660209109038674
123,0.05871384611928609,0.002074269662295716,0.0025676187354229467,0.04351504153060579,0.1423923458643899,0.13791726800921983,0.0035599471092653844,0.02135596841910985,0.014258314590175453,0.005923451996014116,7.357898536766651e-06,0.00017383337636249906,1.2641509920800635e-06,0.305225529401985,0.006105907421905462
124,0.05841055678421371,0.002076394833669907,0.0025679552495279485,0.043543069687036334,0.1428709338509771,0.13792057331728344,0.003560530468023747,0.021272117082893168,0.014232054019581098,0.005866767044461028,6.900315985795975e-06,0.00017177358617127746,1.1830061890592587e-06,0.3056241547191774,0.00604662395280716
125,0.05810962507646046,0.002078544820377601,0.00256828689664932,0.043570629812930174,0.14335114781497357,0.1379203530041775,0.003561076548755144,0.021187817150783387,0.01420533038693722,0.005810826693579803,6.471277117462856e-06,0.00016974432267705464,1.1070882740164026e-06,0.30602039451868956,0.005988149381648337
126,0.057810839891010865,0.002080721215855419,0.0025686138174609375,0.04359774356607823,0.1438333080635231,0.1379165988855766,0.003561586435920633,0.021103026253698694,0.01417812582718573,0.0057556126800886185,6.068998009942211e-06,0.00016774489600984767,1.036059862164729e-06,0.306414519638719,0.005930462633970573
127,0.05751398806662625,0.00208292573455313,0.002568936151843692,0.04362443210797006,0.1443177521278201,0.13790929393840073,0.0035620611237000134,0.021017698554896092,0.0141504206217698,0.005701106622304233,5.6918059380275375e-06,0.00016577461681725278,9.696052977892973e-07,0.3068068057448169,0.005873542650357303
128,0.05721885392511168,0.0020851602197172136,0.0025692540391115343,0.04365071610948217,0.1448048360722582,0.13789841189167026,0.0035625015135504366,0.020931784589974325,0.014122193096957504,0.005647289993771059,5.338132493818915e-06,0.0001638327956259713,9.074292645378909e-07,0.3071975340674532,0.005817368351155388
129,0.05692521886132803,0.002087426651194278,0.0025695676182429282,0.043676615745533415,0.1452949357926724,0.1378839167822489,0.0035629084107835943,0.02084523111157737,0.014093419521234645,0.005594144093867595,5.006507123290776e-06,0.00016191874211005187,8.492554827338875e-07,0.3075869920972823,0.005761918598583672
130,0.05663286098401491,0.0020897271532573695,0.0025698770281171786,0.043702150678651484,0.14578844830364418,0.13786576247526058,0.0035632825201649854,0.020757980939543536,0.014064074001844876,0.0055416500155855445,4.695551055390672e-06,0.00016003176427410105,7.948254886060164e-07,0.30797547423861327,0.005707172156403643
131,0.056341554805566484,0.00209206400248272,0.002570182407755458,0.04372734003154684,0.14628579301843792,0.13784389214822623,0.003563624440545671,0.02066997281663193,0.014034128380262478,0.005489788610633017,4.4039716013660016e-06,0.00015817116755845295,7.43897490578109e-07,0.3083632824238417,0.005653107647283414
132,0.056051070977898826,0.002094439635723068,0.0025704838965667216,0.04375220234887321,0.14678741302824,0.13781823773711593,0.0035639346585341638,0.020581141269404694,0.014003552126120353,0.005438540451956525,4.130556803022932e-06,0.00015633625387159798,6.962452980000377e-07,0.3087507266932948,0.005599703507929145
133,0.0557611760697697,0.002096856658242868,0.0025707816345990706,0.043776755548388925,0.14729377639004454,0.1377887193418184,0.003564213541223783,0.02049141647350244,0.013972312228900722,0.005387885793718132,3.874170409616761e-06,0.0001545263205534264,6.516573179338569e-07,0.30913812574658917,0.005546937941999109
134,0.05547163238101762,0.0020993178520937717,0.002571075762797439,0.043801016861681016,0.14780537743437436,0.13775524458762098,0.0035644613279739003,0.020400724122187717,0.013940373086514727,0.005337804528693342,3.6337471640294255e-06,0.0001527406592706647,6.099356158320847e-07,0.3095258074721569,0.005494788870743868
135,0.05518219779121965,0.002101826184807298,0.00257136642326875,0.043825002764522294,0.14832273810545105,0.13771770793826696,0.0035646781212148935,0.02030898529672586,0.013907696389755959,0.005288276142986234,3.4082883798400635e-06,0.00015097855484375917,5.708950361639939e-07,0.30991410946165876,0.005443233881245997
136,0.054892625635969375,0.002104384818510455,0.002571653759555986,0.043848728896836296,0.1488464093475841,0.13767598995597813,0.0035648638762789835,0.020216116337404708,0.013874241001539505,0.005239279667907622,3.196857791853809e-06,0.00014923928400297737,5.343623792634897e-07,0.31030337951724596,0.005392250172081716
137,0.05460266460799943,0.002106997119559333,0.0025719379169227776,0.04387220997206519,0.14937697255207266,0.137629956502619,0.0035650183902080556,0.02012202871371698,0.013839962829741433,0.0051907936287891475,2.9985776635527406e-06,0.00014752211406924694,5.001756308763182e-07,0.3106939761586167,0.005341814496152824
138,0.05431205867924654,0.0021096666687981697,0.0025722190426503582,0.04389545967558161,0.14991504107956252,0.13757945787565012,0.003565141289493364,0.020026628892393164,0.01380481469240167,0.005142795990454966,2.8126251358435455e-06,0.0001458263015537687,4.6818324108796676e-07,0.3110862691370992,0.0052919031003856665
139,0.05402054704176422,0.0021123972725550486,0.0025724972863488908,0.04391849055160571,0.1504612618732995,0.1375243278715422,0.0035652320166683804,0.01992981820191691,0.013768746173984886,0.0050952640990156554,2.6382288023468076e-06,0.00014415109066878365,4.3824344950746544e-07,0.31148063996342695,0.005242491661936292
