,Rs,Rj,Ra,Sj,Sa,Sb,Sga,Sgb,Cj,Ca,Cb,Cga,Cgb,Clupeid adult,Cod adult
0,0.11800223601756746,0.002304861866363433,0.002169560728228916,0.02287809869784249,0.13476466170053752,0.07365769268551098,0.001606964398044564,0.008137612186725323,0.006096337357948154,0.006618538184762975,0.003977512184200828,0.00017169710933723277,0.0006305379516684309,0.2181669309708184,0.011398285429969467
1,0.13639787058911776,0.0022509147915610933,0.0021448172120113367,0.022202669059746057,0.11198982779047083,0.0689135564311641,0.0015089929357528947,0.008423850526407047,0.006391929402945712,0.007718723367767078,0.00453992952461706,0.0001812570906705404,0.000662253995019222,0.19083622768379488,0.013102163978073896
2,0.12052658192825388,0.002194167011902236,0.00215465425523733,0.02369123633437902,0.1250948343037144,0.07539628746582534,0.0016727846686818196,0.00887279667304559,0.0069408204651886804,0.008189503553297454,0.004597405651993841,0.00020328978664320606,0.0007235443626439417,0.21103670311126713,0.013713743354578445
3,0.13616004350302965,0.0022032279927349826,0.0021467646678483545,0.022670240362390397,0.1056703373143069,0.07148003851442351,0.0016313553411832333,0.009476780736334171,0.006748659166600567,0.008683427843443427,0.004620159388864565,0.00020524577813456192,0.0007232956639003455,0.18825851190624782,0.014232128674342901
4,0.12452525023920066,0.0021157936907679506,0.0021503397660915112,0.024465887797213558,0.10961723812298836,0.07931957418992253,0.0017817027051817416,0.010453358875977124,0.007637860709967283,0.009716156857869536,0.004749110058410859,0.0002452517752078771,0.0008065538059099668,0.20117187389406974,0.01551707249739824
5,0.14133760764363903,0.0019638127252893057,0.0021294315453200536,0.022589746805059093,0.08629317548463186,0.07812131570081919,0.001711162864735886,0.011909751929797367,0.008951772194552062,0.011594573103538999,0.005291889584202073,0.00028788531711225983,0.000901776998875986,0.1780354059799843,0.01807612500372932
6,0.12911834822478313,0.0019257512816364328,0.0021351914209573318,0.024697063237408185,0.09405441632834236,0.08332537607308749,0.0018363803128245415,0.012503957159721652,0.009411290241394832,0.01214455871877688,0.005228472055903476,0.00032049807513812685,0.000919757071051037,0.19172012987397602,0.01861328592086952
7,0.13060842454321114,0.0018951490939723742,0.0021372297716698014,0.02465265581245182,0.08985696689133785,0.08394467435134413,0.0018626278398406462,0.013112584043240064,0.009692773754153753,0.012461720738857042,0.005075700368174885,0.0003375449518936721,0.0009042278190044942,0.1887768531257627,0.018779193877930093
8,0.12608577239481886,0.0018364675083286882,0.0021386362799710665,0.025515854724207476,0.08839285144990908,0.0887614119953231,0.0019350659732847077,0.014149833784064947,0.010476341824511123,0.013135987765717293,0.005110999440727246,0.00036812551763056397,0.0009243494267279881,0.1932391632025818,0.019539462150803093
9,0.12870954228308526,0.001841244864513899,0.0021410534570655104,0.025701293524309804,0.08452997379712303,0.08753079908315126,0.0019398090722760849,0.014482193696485034,0.010339825326298988,0.01300677961390973,0.004805367912205315,0.0003663560806601708,0.0008689119466537005,0.1884827756490354,0.019047415553428915
10,0.1345752423373591,0.0017763010550075915,0.002134999681109585,0.02492395705698987,0.07766242264483918,0.08647648963117398,0.0018723271255390993,0.014854254289168208,0.01093955799273814,0.01361909649502403,0.004831458095797549,0.0003826728010318572,0.000870280589430862,0.18086549369072047,0.0197035079812843
11,0.13251455429474696,0.0017458850944452808,0.0021363219195978675,0.02539066060800057,0.07610678881255133,0.08894046183583239,0.0019086555716726226,0.01567064746011692,0.011398983949920534,0.013966761520090831,0.0047378215560828765,0.00039916599066166706,0.0008590628099676273,0.18262655368017325,0.019962811876803002
12,0.12372258281554278,0.0017340189906009903,0.0021425176490612804,0.026957995108774786,0.0794946824979739,0.094049040924531,0.00201864059776673,0.01653713970539934,0.011841410218314107,0.014113529633605276,0.0045371464108790865,0.0004137885370510276,0.0008317088113938967,0.19209950372567097,0.019896173392929286
13,0.12289298398311732,0.001658840783957945,0.0021391473667430765,0.027081570803167428,0.07454332409799813,0.09804504335077283,0.0020369285709736945,0.018087658392019475,0.012958692107664144,0.015090771475874057,0.004650281393729939,0.00044953833636649003,0.0008580183356982585,0.19271295441176411,0.021048609541668744
14,0.12085245500663248,0.0016429277608019871,0.0021416178184132215,0.02769521571820669,0.07245767696908473,0.1003921646912346,0.002086881569278398,0.019212480751619295,0.013343877076731795,0.015190801679872905,0.004451039731245629,0.0004567134583553107,0.0008238227100136605,0.19414920398121702,0.020922377579487502
15,0.11725365110451853,0.001627527429556375,0.002143026381951388,0.028375917106314392,0.07247354998662389,0.10326797959443197,0.002131182084697289,0.020040226480727,0.013756820688510196,0.015453302047942388,0.004298636825269032,0.0004686752206044678,0.0007980241743068395,0.19791293814648017,0.021018638268122728
16,0.11854128754350242,0.001611451129262547,0.0021425483094607125,0.028249585235033074,0.06995085270499236,0.10348754280107418,0.002118482373050085,0.020666969426047406,0.01398347951713992,0.015611440203709682,0.004145604756198487,0.0004741572993798976,0.000769047619786964,0.19622384730516404,0.021000249879075034
17,0.11563938240651501,0.0015932837489476773,0.002142787890338256,0.02871299978582381,0.06983844328358607,0.10610672997640691,0.002144480333079976,0.021460669413874176,0.014395503661255186,0.015963948142469823,0.0040359585065676655,0.0004882759861717911,0.0007504149564982166,0.19955032300694714,0.021238597591707493
18,0.11213805707877922,0.0015858341688645013,0.0021442510546018476,0.029273783819910595,0.07068793729818887,0.10863240127559899,0.0021826284813320747,0.02207871767087898,0.014667046424108118,0.016143401765971233,0.0038820517626528975,0.0004968364080630603,0.0007231146342448905,0.2035816847259989,0.02124540457093208
19,0.10816774239129649,0.0015846332985344012,0.002145618444885362,0.029858442531399042,0.07240924881996928,0.11123689792027545,0.002224569766394909,0.02245031454473179,0.014844958245494222,0.016296834849865938,0.003723389155871911,0.0005039531751111368,0.000694306239481239,0.20832103105137142,0.021218483420330222
20,0.10467154620599257,0.0015842094292561326,0.0021466804205448465,0.030346162135592183,0.07405906573197495,0.11357565979523514,0.0022585134423811983,0.022701818812633324,0.014984290604966909,0.016434288202699848,0.003568606070390988,0.0005099893642510006,0.0006657339721183749,0.2125950577822246,0.021178617609460212
21,0.10129194293276217,0.0015843428597587439,0.002147846002594266,0.030814220092506298,0.07570793699486712,0.11583172056629584,0.0022905324350019052,0.0229156216418419,0.015108932939868758,0.016537995991623207,0.003413560876817737,0.0005148039830314344,0.0006369650770529311,0.21674581163800674,0.02110332592852531
22,0.09795919313907796,0.0015848260307858419,0.0021491233636627294,0.03127015206742879,0.07738818761388244,0.11805682377459265,0.002321222090696741,0.02309674569703582,0.015224385102055413,0.01661186478229742,0.003259344187648491,0.0005185685557098042,0.0006082602657917506,0.22086297917620765,0.020998037791447464
23,0.09468173406730841,0.00158567966119152,0.0021505128193557567,0.03171235895142632,0.07910079421803147,0.12024382248610695,0.0023504235441992433,0.023242434494304638,0.01532973560129323,0.016654448586864105,0.003106083960056307,0.0005212291869270227,0.0005796554368885531,0.2249374747426423,0.020861417170735988
24,0.09146972416595596,0.0015869191312164372,0.0021520126164318496,0.03213897491718367,0.08084552478662134,0.12238449635434225,0.0023779572689362183,0.02335013267091113,0.015424095189608198,0.016664592515900876,0.002953989113721651,0.0005227415252880384,0.000551200829931445,0.22895811108081093,0.020692523984842007
25,0.0883337692663812,0.001588555527358131,0.0021536193153484312,0.03254808349680076,0.08262143480632632,0.12447024799160272,0.002403643257121001,0.023417685784241277,0.015506643903473498,0.01664150422010539,0.0028033445983636405,0.0005230739685134145,0.0005229605697669532,0.2329130118392913,0.0204908833567494
26,0.08528390668575384,0.0015905958318853852,0.0021553279875572255,0.03293788102646105,0.08442726427907306,0.12649269824279927,0.0024273168246662933,0.023443490908663673,0.015576677660565029,0.016584824567836075,0.002654504811216945,0.0005222105781583178,0.0004950116154199516,0.2367907702552023,0.020256551572631287
27,0.08232911342454408,0.001593042488262809,0.0021571322194388703,0.03330675795052165,0.08626154618991207,0.128444028095045,0.0024488372269779062,0.023426604754144,0.015633642178966338,0.016494683779457453,0.002507884190318592,0.0005201531689606969,0.0004674419252289975,0.24058101626607895,0.019990163063965744
28,0.07947697366594728,0.0015958931812988504,0.002159024170781557,0.03365335669807432,0.08812266278415982,0.1303172353553716,0.0024680939480710234,0.023366812934339794,0.01567715584502592,0.016371729040595327,0.0023639425300009892,0.0005169223233934432,0.0004403475516457506,0.24427480502194227,0.01969294144563551
29,0.07673344212895601,0.0015991409284733652,0.0021609947317795726,0.03397661408547691,0.09000890253671838,0.13210633543820124,0.002485011174882494,0.023264654273992387,0.015707021791772968,0.016217119442461955,0.002223165832387808,0.0005125572316096807,0.00041382887094639214,0.2478649034237945,0.019366671377405834
30,0.07410271300389377,0.0016027744765961627,0.002163033771037677,0.03427578584530932,0.0919185205953465,0.13380649555308985,0.0024995501212741566,0.023121396788483597,0.01572322845366583,0.016032488078360465,0.0020860444503818967,0.0005071143531293159,0.00038798630269604146,0.25134596305819407,0.01901363318456772
31,0.07158720213056499,0.0016067789581829925,0.0021651304492753343,0.034550451805320015,0.09384979735656303,0.13541409304766142,0.002511709022704245,0.022938968463407157,0.015725938975126034,0.015819875576023316,0.0019530507427193602,0.0005006650494749673,0.0003629159575994179,0.2547145678903358,0.01863650732581706
32,0.06918763516312432,0.0016111367274755557,0.0021672735646791827,0.034800502821136704,0.09580108955336665,0.13692669896245074,0.002521520939117226,0.022719852140273174,0.015715471330874125,0.015581643122360869,0.0018246185032686946,0.0004932924724819688,0.00033870565679698606,0.2579691615952077,0.018238259754908517
33,0.06690322107404743,0.0016158282785507887,0.0021694518944730496,0.03502611282695864,0.09777086970860015,0.13834299777110934,0.0025290497829013017,0.02246695782186283,0.015692272070898385,0.01532037504619722,0.0017011260384144525,0.00048508806664343903,0.00031543168646236896,0.26110987508447364,0.017822020837717483
34,0.06473188243462345,0.0016208331502577146,0.002171654502456881,0.035227700718203844,0.09975775190713579,0.1396626608667653,0.002534385159732631,0.022183486827089673,0.015656886991287127,0.015038780977387886,0.0015828840797562397,0.0004761480442371234,0.0002931565147906003,0.2641382847607234,0.01739096961617185
35,0.06267051231966718,0.0016261307413248758,0.002173870991740867,0.03540588707799828,0.10176050395472729,0.14088619369038685,0.0025376366521045225,0.021872800684963226,0.015609931782627921,0.014739605857839528,0.0014701289342094798,0.0004665701314389966,0.0002719275435786125,0.2670571349821819,0.016948232467066615
36,0.06071523134931759,0.0016317009861030645,0.0021760916927243985,0.03556145018373572,0.10377804766482615,0.1420147749404217,0.0025389281071255244,0.021538304364139834,0.015552065016694405,0.014425553383483858,0.0013630205772966462,0.00045645078833298153,0.0002517768302720259,0.2698700550765132,0.016496801579385514
37,0.058861625144368906,0.001637524869532401,0.0021783077860033943,0.03569528463803673,0.10580945002292198,0.14305010236319018,0.002538392353776995,0.021183349505768757,0.015483964957844322,0.01409922559998668,0.0012616449068113737,0.0004458830039467545,0.00023272162157558104,0.27258129424565797,0.016039475132320388
38,0.05710495010919002,0.001643584783183715,0.0021805113668330847,0.03580836472393098,0.10785390831628483,0.14399425471400323,0.002536166616161332,0.0208111597005288,0.015406310852607939,0.01376307895157741,0.0011660191276898146,0.00043495468048219396,0.0002147654928719671,0.2751954893469782,0.015578818252621389
39,0.0554403023002716,0.0016498647400619675,0.0021826954616522695,0.03590171346349073,0.10991073212393851,0.1448495748182575,0.0025323887438696772,0.02042477708147912,0.015319768696133882,0.013419395383293968,0.0010760992030907916,0.00042374755942009855,0.00019789988218218415,0.27771747276754477,0.015117142027987043
40,0.05386274929884392,0.001656350474190134,0.0021848540084135337,0.03597637751176888,0.11197932456960684,0.1456185749560113,0.0025271942681864557,0.020027027751778937,0.015224981045407857,0.013070266150775842,0.0009917884161277863,0.00041233660743953266,0.00018210583019621376,0.2801521215455835,0.014656497004539373
41,0.05236742831645989,0.001663029453152015,0.002186981811848859,0.03603340746457481,0.11405916463355234,0.1463038632752296,0.0025207142190013386,0.019620502729023725,0.01512256022937903,0.012717585663210526,0.0009129462721252984,0.00040078976746947824,0.00016735577530242908,0.28250424485680703,0.014198677478107729
42,0.05094961546031221,0.0016698908299944912,0.0021890744831558873,0.036073842864947914,0.11614979172698185,0.14690808851528317,0.002513073597914393,0.019207550933167946,0.015013084243681538,0.012363052777090214,0.0008393971770511323,0.00038916798276045683,0.00015361529361634102,0.2847785047733474,0.013745233230518145
43,0.049604771588305056,0.0016769253570164185,0.002191128371567242,0.03609870109520333,0.11825079325332323,0.1474338997371481,0.002504390389534214,0.01879028101113689,0.014897094655937628,0.012008177285715661,0.0007709385180885121,0.0003775254130449326,0.00014084471176708773,0.28697936439114236,0.013297485928616194
44,0.04832856994146661,0.0016841252793464623,0.0021931404932856264,0.03610896936144346,0.12036179553715247,0.14788391772842027,0.0024947749965205488,0.018370569268793237,0.014775095938620067,0.0116542897698635,0.0007073479293405291,0.0003659097765677966,0.0001290005512101268,0.28911105753088645,0.012856548026981952
45,0.04711691009148609,0.0016914842218361125,0.0021951084615594147,0.03610559906066631,0.12248245828220423,0.14826071504112887,0.0024843299970542005,0.017950071524302263,0.014647555754888675,0.01130255339657829,0.0006483896444798737,0.0003543627666850968,0.00011803678619386144,0.2911775748446896,0.01242334259393712
46,0.04596592195795929,0.0016989970790245675,0.0021970304203191484,0.03608950193124727,0.12461247261228652,0.14856680204464892,0.002473150140183092,0.017530237210573448,0.014514905827295452,0.010953976626366078,0.0005938199214511619,0.0003429205050431036,0.00010790591379670815,0.293182662007692,0.011998622966657052
47,0.04487196291916494,0.0017066599149234323,0.0021989049827897643,0.03606154749875344,0.12675156272869034,0.14880461681424453,0.0024613225109777538,0.017112324491481912,0.014377543109447673,0.010609426095096564,0.0005433915783147561,0.0003316140043388469,9.855984492989222e-05,0.29512982654539455,0.01158299152268006
48,0.043831610114914904,0.0017144698779397586,0.002200731175783157,0.03602256142784127,0.12889949125970418,0.14897651710505025,0.002448926815047646,0.016697415528354353,0.014235831053081169,0.01026963917462618,0.0004968577110258236,0.000320469622257991,8.995063127995143e-05,0.2970223507081564,0.011176917139189948
49,0.04284164983560062,0.0017224251336864671,0.002202508389900138,0.03597332447250128,0.13105606845682818,0.1490847729566734,0.0024360357418319175,0.016286431285585413,0.01409010081702716,0.009935235892215406,0.0004539746796551458,0.00030950949459724637,8.203104609622551e-05,0.2988633084409189,0.010780751112564024
50,0.04189906498724107,0.0017305248190940875,0.0022042363355795507,0.035914571782365276,0.1332211654890698,0.1491315587759317,0.0024227153799681236,0.01588014549233003,0.01394065230318793,0.009606730015418272,0.00041450445457945795,0.00029875194022601406,7.475503756497782e-05,0.3006555851372996,0.010394741447788722
51,0.041001021591980734,0.0017387690198193135,0.0022059150047451788,0.03584699237257016,0.13539473219432502,0.14911894390343708,0.0024090256633030644,0.015479197507191811,0.013787754930878355,0.009284539197770222,0.00037821641242540455,0.0002882118338231267,6.80780730302245e-05,0.30240189926825706,0.010019045517048977
52,0.040144854885429675,0.0017471587734759566,0.002207544637712111,0.0357712286022515,0.13757681973581154,0.14904888082125387,0.002395020832491027,0.015084103944209152,0.0136316480778803,0.00896899414131112,0.0003448886658475641,0.0002779009445912832,6.195739107638519e-05,0.3041048253337656,0.009653741142826354
53,0.03932805527908108,0.0017556961017040984,0.00220912569496008,0.035687875535974835,0.13976760867566423,0.14892319027476425,0.0023807499018435227,0.01469526900060702,0.013472541127270652,0.008660346773489024,0.0003143090034942064,0.0002678282407100616,5.635217686059135e-05,0.30576681785287907,0.009298836194553885
54,0.03854825458483717,0.0017643840737731448,0.002210658833357141,0.03559748008581665,0.14196744300189945,0.14874354264185868,0.002366257120251862,0.014312993463969335,0.013310613065986973,0.00835877746464497,0.0002862755080032948,0.0002580001603628226,5.122367431628836e-05,0.3073902362279793,0.008954276807327376
55,0.037803212522961774,0.0017732269057584053,0.0022121448864072476,0.03550053985330402,0.1441768706017122,0.14851143501389896,0.0023515824181015513,0.01393748243622694,0.013146011586543244,0.008064401333258357,0.00026059691135413217,0.0002484208509459216,4.6535247096688855e-05,0.3089773704699397,0.0086199543426551
56,0.03709080365073109,0.0017822300993307338,0.002213584848078936,0.0353975016109483,0.14639669057711638,0.1482281635486448,0.0023367618295374545,0.013568851834056515,0.01297885164825427,0.007777273702072954,0.00023709273879277937,0.000239092378637484,4.225239846767866e-05,0.3105304677893551,0.008295711217970896
57,0.036409004829697986,0.0017914006247547322,0.0022149798597620113,0.035288759384927204,0.1486280076221789,0.14789479080857978,0.0023218278770335142,0.013207133751908913,0.012809213459928366,0.0074973947813746005,0.00021559328508386679,0.00023001491094893264,3.8342758839297104e-05,0.3120517600597011,0.007981345736246698
58,0.03575588319747681,0.0018007471537064698,0.002216331199892044,0.035174652122175944,0.15087229347144418,0.1475121079900072,0.0023068099039719892,0.012852280803898821,0.012637139850867713,0.007224713665298628,0.00019593946006277288,0.00022118687519206008,3.477604825164613e-05,0.3135434921693222,0.0076766160488051065
59,0.035129584711291836,0.0018102803480251803,0.0022176402757868065,0.035055460944034805,0.15313145523042,0.14708059211448735,0.0022917343364803103,0.012504169564288443,0.012462632998793301,0.006959131731730649,0.00017798253436374022,0.00021260509593258868,3.1524019902974e-05,0.3150079512456761,0.007381243381929952
60,0.03452832329195531,0.0018200132119946155,0.002218908617283117,0.03493140599828644,0.1554079103180073,0.14660035837861915,0.002276624852969945,0.012162603221044796,0.012285650476442485,0.006700505532173148,0.00016158381070624736,0.00020426491435591456,2.856038971007292e-05,0.31644749677064116,0.0070949146469453835
61,0.03395037048173491,0.0018299615184381157,0.002220137871868241,0.03480264291118022,0.15770466796241284,0.1460711078244717,0.0022615024388069533,0.011827313527038384,0.012106100553978759,0.0064486492392067055,0.00014661424114814671,0.00019616029187862564,2.58607559070843e-05,0.3178645917527298,0.006817284528140562
62,0.0333940454611223,0.0018401443233048399,0.0022213298012004907,0.03466925879583868,0.1600254179361089,0.14549207013051516,0.0022463853034523787,0.01149796205584743,0.011923836638870708,0.0062033366788381734,0.0001329540061886714,0.00018828389909948136,2.3402511803894435e-05,0.31926183542592385,0.00654797709593022
63,0.032857705165080325,0.001850584590953704,0.0022224862792441136,0.034531267674541385,0.16237462878591633,0.14486194044322961,0.0022312886394050793,0.01117414063328675,0.011738650631244034,0.005964302905737362,0.00012049206749405278,0.0001806271890896289,2.116475403173247e-05,0.3206419985018378,0.006286586916352776
64,0.03233973396860573,0.0018613099650983643,0.002223609292734466,0.034388604998116475,0.16475766057261343,0.14417880753648712,0.002216224207931635,0.010855370616274217,0.01155026479900804,0.005731245174285316,0.00010912570233016387,0.0001731804508888275,1.9128187900557747e-05,0.3220080629333064,0.006032679515404865
65,0.03183853213323201,0.0018723537402039333,0.0022247009453562915,0.03424112067422211,0.1671809014358811,0.1434400679303901,0.0022011997421857946,0.010541100405175483,0.011358321507521887,0.005503823013075912,9.876002457852644e-05,0.00016593283479454765,1.7275030888307082e-05,0.3233632695136325,0.005785790903337294
66,0.03135250182808465,0.0018837561185920575,0.002225763467874384,0.034088569624640346,0.1696519435395107,0.14264231665995886,0.002186218161537627,0.01023070020171161,0.01116236974036196,0.005281656921934904,8.930749453936187e-05,0.00015887233553900436,1.5588914783353523e-05,0.3247111785627188,0.0055454256667966245
67,0.030880029087244854,0.0018955658845468293,0.0022267992375252814,0.03393059834949183,0.1721798226388605,0.14178119982147233,0.0021712765853301405,0.009923452543415602,0.01096184677275164,0.005064324972950427,8.068741756895623e-05,0.0001519857126059896,1.4054786602936595e-05,0.3260557515890786,0.005311052889728309
68,0.030419459413801583,0.0019078426970881592,0.002227810811345667,0.03376672522638515,0.1747753576069457,0.14085120625276012,0.0021563651128297975,0.009618536521316362,0.010756052523313776,0.004851356291801178,7.282542974959127e-05,0.0001452583182239496,1.2658808073720046e-05,0.327401465493852,0.005082098847848439
69,0.02996906386813624,0.001920660312180782,0.0022288009799836337,0.03359631119711048,0.17745164364182472,0.1398453645307742,0.002141465288195361,0.009315002725024743,0.010544112862996988,0.004642219976817935,6.565296677231059e-05,0.00013867379165996755,1.1388253102535031e-05,0.32875347618581907,0.004857934988352749
70,0.02952699137948545,0.0019341112121793965,0.0022297728511085483,0.03341851592666968,0.18022477798294723,0.13875479507393823,0.0021265480898620395,0.009011734826042629,0.010324926341113544,0.004436307433389228,5.910670977457299e-05,0.000132213561962385,1.0231402240837402e-05,0.33011785597279014,0.0046378591073670235
71,0.029091202321328186,0.0019483133535776903,0.0022307299743391145,0.03323223242099048,0.18311492964584838,0.13756804433591605,0.002111571187727785,0.008707392683762135,0.010097086498354897,0.004232905447146,5.3128000472698334e-05,0.00012585608279682903,9.177432900310932e-06,0.3315019378532544,0.004421066963315839
72,0.02865937900011097,0.0019634200491023598,0.0022316765215851767,0.03303599057659549,0.1861479031574852,0.1362700980863933,0.002096475128253847,0.008400331540840212,0.009858769445545614,0.004031156810025195,4.7662219787967366e-05,0.00011957570893968784,8.216304384806372e-06,0.33291480791297257,0.0042066110431376565
73,0.028228809948458247,0.001979634458882153,0.002232617538441173,0.03282781676130702,0.18935740056817707,0.13484092668074604,0.002081178022625482,0.008088491783809926,0.00960757302078164,0.00383000483242287,4.265812677211881e-05,0.00011334111104491172,7.338637236908761e-06,0.3343679970553585,0.003993342707476809
74,0.027796244793343385,0.001997230994716872,0.00223355928685205,0.03260503069174779,0.19278828549069035,0.1332533383640828,0.002065568142638966,0.007769252228329188,0.009340287473602991,0.0036281169642493035,3.806715104725141e-05,0.00010711309439086396,6.535585775320009e-06,0.3358764442257413,0.003779832795462738
75,0.027357714941806912,0.0020165874561934635,0.0022345097084646606,0.03236395057398891,0.1965013318315304,0.13146978050417524,0.0020494934930887308,0.007439236425137372,0.009052566047108192,0.0034237805798463554,3.384262090894488e-05,0.00010084162609931256,5.798700802651641e-06,0.3374598422539317,0.0035642635276572645
76,0.026908317523281017,0.0020382342762272263,0.0022354790464607487,0.03209946206405775,0.20058021259746028,0.12943750920778754,0.002032746941442524,0.00709405931301709,0.00873844678195999,0.0032147618381049192,2.9938903957248306e-05,9.446181552158435e-05,5.119778524689559e-06,0.3391445280597074,0.0033442823361084415
77,0.026441979902205932,0.002062931134420592,0.002236480649210879,0.03180439063087855,0.20514179344575334,0.1270812515390535,0.00201504506021943,0.00672801136551498,0.008389659886394205,0.0029981211134440574,2.6310473921297795e-05,8.788867079509208e-05,4.490697826661947e-06,0.3409661014105413,0.0031168109559871096
78,0.025951292953371025,0.0020917858370292385,0.0022375318768567,0.031468622843288906,0.2103508231840995,0.12429226370728254,0.0019959992298149557,0.00633372804756192,0.007994662789164124,0.002770000022222112,2.2911084561123553e-05,8.101108187827716e-05,3.903275963464343e-06,0.3429728141687589,0.002877825464624977
79,0.025427698762530534,0.0021264311377202074,0.0022386546659119147,0.031078030677601058,0.21643865283411381,0.12091325804033484,0.001975081046237748,0.005902057611943161,0.007537463506957488,0.002525474729315812,1.969374541517327e-05,7.368778529328116e-05,3.349258592376169e-06,0.34522904953262956,0.002622205518616642
80,0.024862776615694575,0.002169252773014541,0.0022398742750364977,0.0306137044283389,0.22371891865917168,0.11672253483607128,0.0019515964863874664,0.0054227772084970965,0.0069967729679034415,0.00225879925134276,1.661349919821254e-05,6.575466779252041e-05,2.8207783570203456e-06,0.3478158271901275,0.0023439881966905132
81,0.024252136737128387,0.0022235568928245532,0.0022412125054524033,0.030053324219564508,0.23257239715060618,0.11143447097824942,0.0019247149093543287,0.004887690580526941,0.006347411348609045,0.001964867521650307,1.3637502395021555e-05,5.706727310464051e-05,2.3120354109076894e-06,0.3508192736187368,0.002037884332560877
82,0.023603629697849425,0.0022932610368802857,0.002242669306854075,0.029379055804452103,0.2433301474518566,0.10476640562332729,0.0018936525161301835,0.004298451836167839,0.005568548315726664,0.0016432922693386846,1.0768599634533817e-05,4.761857287699053e-05,1.82323889031466e-06,0.3542886574274819,0.0017035026807405232
83,0.022947799371190833,0.002381223469640879,0.0022441923725968873,0.028597018880532885,0.2559614310611618,0.09665143201143717,0.0018581343223802987,0.003678927976114597,0.0046642106311996995,0.0013053030871564484,8.078641233905668e-06,3.773711832395836e-05,1.3661893482989584e-06,0.35814992537109386,0.0013524850360626113
84,0.022338312929454766,0.0024857163788767835,0.0022456615889444287,0.027760693173761043,0.2696591110118371,0.0875637832129946,0.001819109728234228,0.0030811591712332897,0.003689125604747046,0.000977551984523932,5.713267165523474e-06,2.8194192742467248e-05,9.650916267634564e-07,0.3621231631242992,0.001012424536058686
85,0.021829154008075863,0.0025976351759043215,0.002246934108745587,0.026965269501656085,0.2828607620833894,0.07857582495643929,0.0017792457417204943,0.0025666144983798257,0.0027465230937050106,0.000692335218617659,3.818278213240006e-06,1.9918262085422586e-05,6.442037575837993e-07,0.365782447279929,0.0007167159626739055
86,0.021444705318310317,0.002703428196528668,0.00224792659320464,0.026297213489353436,0.29406008784469523,0.070810120977148,0.0017422981735549035,0.00217121480996659,0.001937407991073192,0.0004690183435147596,2.438336473232208e-06,1.3458568450575698e-05,4.1079919620330347e-07,0.36878372180536473,0.0004853260476347708
87,0.02117520068507591,0.002792397446935001,0.002248642157764268,0.025790646710775085,0.30260207224161245,0.06481810575991066,0.0017113474488429834,0.0018924962824624853,0.0013097406034056904,0.00030753632962190016,1.5055888357636092e-06,8.801496241158633e-06,2.5322998506155955e-07,0.3710240217328286,0.00031809664468388394
88,0.020994634135141924,0.002860641690467452,0.0022491325646779394,0.025432540638409187,0.3086564030279636,0.06054234984786865,0.0016875694020113516,0.0017061529446730365,0.000857017726693063,0.00019663436584441406,9.057654766981071e-07,5.61258896228657e-06,1.5205554879839568e-07,0.37259247522251665,0.00020330477583219714
89,0.020876802550420376,0.0029096048825057886,0.0022494576987957013,0.02519050775310829,0.312751775295944,0.05763899602392809,0.0016704750060343874,0.0015851699206183571,0.0005461358194538658,0.00012300304108002832,5.32787285400823e-07,3.501582002683816e-06,8.925769833187147e-08,0.37364641624652484,0.00012712666806644483
90,0.020801288363634294,0.002943057763332197,0.002249667888622528,0.025031881319490946,0.31543633927794534,0.055731616805529495,0.001658784814033158,0.0015080348293072194,0.0003399749465604346,7.535761155239308e-05,3.068017962793513e-07,2.1395577686308044e-06,5.128660941481864e-08,0.3743347757268152,7.785525772671805e-05
91,0.020753672987778093,0.002965059350437151,0.0022498007416916926,0.024930437579055803,0.31715332935188184,0.054510052913311895,0.0016510984007762624,0.0014595923976481002,0.00020701907878443765,4.5224178109624806e-05,1.7300538607941622e-07,1.2806197850949134e-06,2.8855299006349778e-08,0.3747740730636181,4.670665857980548e-05
92,0.020724156744902588,0.0029790748374299903,0.0022498828874444976,0.024866998839866657,0.3182273181841286,0.05374527022351636,0.001646207925103628,0.0014296436435339887,0.0001233797795402999,2.658463628866518e-05,9.553899441681594e-08,7.508212591369448e-07,1.5898058330210844e-08,0.37504843997628257,2.7446894600549155e-05
93,0.02070619549825025,0.0029877535207944598,0.0022499325729161065,0.02482818606384657,0.31888466804906096,0.05327686686635709,0.0016431852661800564,0.0014114471635648094,7.199286429597797e-05,1.5307702515731234e-05,5.167128301518329e-08,4.311964174710383e-07,8.578197303652592e-09,0.37521616734516294,1.5799148413521106e-05
94,0.020695479517942473,0.0029929891187321376,0.0022499619678502513,0.02480495376370237,0.3192783551959936,0.05299619334290464,0.0016413659196106612,0.001400598461825843,4.114047958074315e-05,8.634934679508501e-06,2.737366921152248e-08,2.4259722584640896e-07,4.533719638179022e-09,0.3753165129203348,8.909439294204612e-06
95,0.02068921626667108,0.0029960710024274136,0.0022499789795182483,0.024791348345644774,0.319509055989321,0.05283164554640165,0.0016402976665881295,0.0013942585511731865,2.303125082592577e-05,4.772801327718711e-06,1.4208195450676322e-08,1.337407170249749e-07,2.347635163518071e-09,0.37537525775348396,4.92309787535788e-06
96,0.020685631362610604,0.0029978431762479178,0.0022499886123354637,0.02478355193080746,0.31964134825421747,0.05273725045940706,0.00163968500920454,0.0013906290184065992,1.2635245794780044e-05,2.585720323448416e-06,7.2277506348056535e-09,7.226647971444048e-08,1.1914132618663804e-09,0.37540891274123567,2.6664059670595284e-06
97,0.020683622067503397,0.002998839587729098,0.002249993951130982,0.024779179126192784,0.3197156012253964,0.05268424906132772,0.0016393414664931576,0.0013885938637621547,6.795626394309138e-06,1.3735145946535508e-06,3.6047929604717447e-09,3.8287324999261564e-08,5.92797303999164e-10,0.3754277856169794,1.4159995099172834e-06
98,0.02068251907341245,0.002999387802793162,0.0022499968484745066,0.02477677770732731,0.31975640871402194,0.05265511085769011,0.001639152962243386,0.001387476079101193,3.584454017402184e-06,7.156317495484863e-07,1.7633345541277588e-09,1.989660414468398e-08,2.892858473682233e-10,0.3754381486130566,7.375809740946663e-07
99,0.02068192587474381,0.002999683152269592,0.0022499983888372,0.024775485880678287,0.31977837686098926,0.05263941955054974,0.0016390516774566375,0.0013868745693712886,1.8549585667354972e-06,3.6586108158098363e-07,8.463191811680648e-10,1.0145520872130672e-08,1.3851401865847064e-10,0.37544372265836695,3.769914356529409e-07
100,0.0206816132004131,0.0029998390557495606,0.0022499991914713803,0.024774804849779473,0.31978996648864244,0.052631138740114616,0.0016389983540105297,0.0013865573176237809,9.421753051686006e-07,1.8360269552853544e-07,3.9869989424144315e-10,5.0781685495667526e-09,6.50988873403725e-11,0.3754466609003913,1.89144662859684e-07
101,0.020681451603554342,0.0029999197323227716,0.0022499996015701218,0.024774452838535375,0.31979596118826764,0.05262685419992569,0.0016389708317327508,0.0013863932520192586,4.69873323972667e-07,9.047770693633937e-08,1.8443147533346575e-10,2.495977854140053e-09,3.004217671107873e-11,0.37544817947194536,9.318815844252396e-08
102,0.0206813696795864,0.0029999606801100363,0.002249999807128432,0.024774274365795313,0.3197990026686795,0.05262467973911193,0.0016389568981227324,0.0013863100244027816,2.3016654110632834e-07,4.379890741399975e-08,8.380331585350907e-11,1.2051321981444263e-09,1.3618447111977014e-11,0.375448949330317,4.510146137510966e-08
103,0.020681328921474066,0.0029999810744382426,0.0022499999082515173,0.024774185567243485,0.3198005169793833,0.05262359679008048,0.0016389499756523525,0.0013862685921022474,1.107826130221341e-07,2.0835253895273372e-08,3.7417944048724325e-11,5.717994086748197e-10,6.066211089262295e-12,0.37544933233721833,2.1450537459086176e-08
104,0.020681309013584583,0.0029999910463102296,0.0022499999570964333,0.02477414219174579,0.31980125716944685,0.05262306729773953,0.001638946599135551,0.001386248342605841,5.2410634851919184e-08,9.743111638086305e-09,1.6422576178584547e-11,2.666965116246659e-10,2.6561421464764792e-12,0.3754495194089278,1.0028886868036033e-08
105,0.020681299463192207,0.0029999958349717073,0.0022499999802714117,0.024774121382038827,0.31980161251279837,0.0526228130335739,0.0016389449815457466,0.0013862386225387425,2.437983336641598e-08,4.480270598995921e-09,7.0874518332542704e-12,1.223206984784326e-10,1.1435991437119063e-12,0.3754496091504568,4.61082234845132e-09
106,0.020681294961541405,0.002999998094377713,0.0022499999910762813,0.02477411157267258,0.3198017801230406,0.052622693068364056,0.0016389442201131753,0.0013862340382309133,1.115438041659377e-08,2.026551682537688e-09,3.0086113139647636e-12,5.518623675534618e-11,4.843114278597415e-13,0.37544965144974873,2.0852308420348584e-09
107,0.020681292875900106,0.002999999142184798,0.0022499999960282936,0.0247741070276871,0.3198018578306545,0.052622637435229824,0.0016389438678059416,0.0013862319130768686,5.021095398043773e-09,9.019702171911786e-10,1.256619593457542e-12,2.449875746295122e-11,2.0180813132598728e-13,0.3754496710467672,9.279274023789134e-10
108,0.02068129192577604,0.0029999996199691283,0.0022499999982601203,0.024774104957085638,0.31980189325430697,0.05262261206782871,0.001638943707520302,0.0013862309444088344,2.2244357940248647e-09,3.9512744080736703e-10,5.165747628591334e-13,1.0704570072815416e-11,8.276476764391372e-14,0.3754496799740648,4.064313504106855e-10
109,0.020681291500037568,0.002999999834256022,0.002249999999249593,0.024774104029226286,0.31980190913754936,0.05262260069071562,0.0016389436357905174,0.001386230510122089,9.701415966940337e-10,1.7041878912113317e-10,2.0906406234518423e-13,4.605015929717527e-12,3.341723165522139e-14,0.37544968397417755,1.752662863448511e-10
110,0.02068129131233507,0.0029999999288177906,0.0022499999996812643,0.024774103620123774,0.31980191614474085,0.05262259567024016,0.0016389436042056713,0.0013862303185474241,4.166441502709398e-10,7.238581396589482e-11,8.332268330304067e-14,1.9509683644983456e-12,1.3287228283536577e-14,0.37544968573773413,7.443339224197973e-11
111,0.020681291230883685,0.00299999996988819,0.002249999999866637,0.02477410344258904,0.3198019191873403,0.05262259348976395,0.001638943590516765,0.0013862302353717427,1.7624922469177172e-10,3.028735647424595e-11,3.271156967352328e-14,8.142218403177088e-13,5.2041990726252335e-15,0.3754496865029927,3.1139494083309806e-11
112,0.020681291196085274,0.0029999999874499115,0.0022499999999450173,0.024774103366737077,0.3198019204880275,0.0526225925574053,0.0016389435846755863,0.001386230199818209,7.34570933621874e-11,1.2486864598410978e-11,1.2653375283016585e-14,3.3482735620137556e-13,2.0083600892369003e-15,0.37544968682992663,1.2836353689984607e-11
113,0.02068129118144401,0.002999999994845219,0.0022499999999776588,0.024774103334821055,0.31980192103561617,0.05262259216479112,0.0016389435822208825,0.001386230184851605,3.017128842353796e-11,5.073853693729152e-12,4.82377469844665e-15,1.3570416926435334e-13,7.638466907407218e-16,0.3754496869674797,5.2151454843826926e-12
114,0.02068129117537557,0.0029999999979129516,0.0022499999999910504,0.024774103321591967,0.3198019212627127,0.052622592001928474,0.0016389435812046668,0.0013862301786452143,1.2215546237106822e-11,2.0324492069022546e-12,1.8127935619011344e-15,5.4220593071690816e-14,2.863867038662868e-16,0.37544968702449105,2.0887689802397126e-12
115,0.020681291172897173,0.002999999999166865,0.0022499999999964653,0.024774103316188824,0.3198019213555146,0.05262259193536045,0.001638943580790117,0.0013862301761092318,4.876325247158195e-12,8.027862163054201e-13,6.717257149515015e-16,2.1361679680461913e-14,1.0587248765731128e-16,0.37544968704777437,8.249254941884907e-13
116,0.020681291171899534,0.0029999999996720124,0.0022499999999986233,0.02477410331401377,0.3198019213928919,0.052622591908543376,0.0016389435806234388,0.0013862301750879236,1.919692380750693e-12,3.1273496267577564e-13,2.45480000487871e-16,8.300504627357597e-15,3.8600704857500367e-17,0.3754496870571466,3.2131954800847865e-13
117,0.02068129117150363,0.002999999999872634,0.0022499999999994716,0.024774103313150567,0.319801921407733,0.05262259189789301,0.0016389435805573668,0.0013862301746824337,7.454612554364377e-13,1.2018325653737984e-13,8.849440097050739e-17,3.1817514881192785e-15,1.3883028926603684e-17,0.37544968706086584,1.2346738545539626e-13
118,0.020681291171348707,0.0029999999999512027,0.0022499999999998,0.024774103312812767,0.3198019214135439,0.0526225918937221,0.0016389435805315405,0.0013862301745236835,2.856045712632392e-13,4.5571583164106104e-14,3.147624799874912e-17,1.2034063921496237e-15,4.926540446027921e-18,0.3754496870623212,4.6811392344700503e-14
119,0.02068129117128891,0.0029999999999815513,0.0022499999999999252,0.024774103312682375,0.31980192141578795,0.05262259189211103,0.0016389435805215836,0.0013862301744623823,1.07979451212492e-13,1.7053580099316354e-14,1.1048583887979756e-17,4.491913369738694e-16,1.7252725816891682e-18,0.3754496870628829,1.7515545292759893e-14
120,0.02068129117126614,0.0029999999999931154,0.0022499999999999725,0.024774103312632717,0.31980192141664293,0.05262259189149709,0.0016389435805177965,0.001386230174439029,4.029390724541719e-14,6.299327498344258e-15,3.828009096105875e-18,1.6550431453872146e-16,5.963722502955267e-19,0.3754496870630969,6.46925619422938e-15
121,0.020681291171257585,0.002999999999997464,0.0022499999999999886,0.024774103312614065,0.3198019214169643,0.05262259189126625,0.0016389435805163747,0.0013862301744302504,1.4843751368320226e-14,2.2972759284974855e-15,1.3093793208539354e-18,6.020455533046757e-17,2.0351886215136555e-19,0.37544968706317716,2.358993382010958e-15
122,0.020681291171254414,0.0029999999999990776,0.0022499999999999946,0.024774103312607133,0.3198019214170836,0.052622591891180626,0.0016389435805158475,0.0013862301744269943,5.399270766611118e-15,8.272810637190374e-16,4.422471726513171e-19,2.1625795003035634e-17,6.858045129585033e-20,0.375449687063207,8.494176863460202e-16
123,0.02068129117125325,0.0029999999999996687,0.0022499999999999972,0.024774103312604608,0.31980192141712727,0.05262259189114919,0.0016389435805156543,0.0013862301744257996,1.939511354646034e-15,2.9423346668128723e-16,1.4751973858974323e-19,7.672124412186163e-18,2.2823532398655482e-20,0.37544968706321796,3.0207593436446177e-16
124,0.020681291171252832,0.002999999999999883,0.0022499999999999977,0.02477410331260369,0.31980192141714303,0.05262259189113784,0.0016389435805155856,0.0013862301744253691,6.881634076475105e-16,1.0337269860696264e-16,4.86067640389107e-20,2.6886592658353277e-18,7.502884509661268e-21,0.37544968706322185,1.0611746752134655e-16
125,0.020681291171252683,0.0029999999999999593,0.002249999999999998,0.024774103312603362,0.3198019214171487,0.05262259189113382,0.0016389435805155607,0.001386230174425216,2.412163865887203e-16,3.588127694248743e-17,1.582262451756556e-20,9.309062310068807e-19,2.4367460788053375e-21,0.3754496870632233,3.683044254409068e-17
126,0.020681291171252628,0.002999999999999985,0.002249999999999998,0.024774103312603248,0.3198019214171507,0.05262259189113237,0.0016389435805155526,0.0013862301744251618,8.354294270875467e-17,1.2306921568009084e-17,5.089406050968671e-21,3.1849118183492146e-19,7.819886274395132e-22,0.37544968706322374,1.2631284144522413e-17
127,0.020681291171252614,0.0029999999999999936,0.002249999999999998,0.024774103312603216,0.3198019214171513,0.052622591891131915,0.001638943580515549,0.0013862301744251434,2.859368225677686e-17,4.171762977962608e-18,1.6178261833141541e-21,1.0769098455824264e-19,2.4800941070640423e-22,0.3754496870632239,4.281319798114871e-18
128,0.020681291171252603,0.0029999999999999966,0.002249999999999998,0.024774103312603196,0.31980192141715164,0.05262259189113169,0.0016389435805155483,0.001386230174425136,9.672869977098532e-18,1.3978017596952364e-18,5.083234805981038e-22,3.5993067949855273e-20,7.774649595372365e-23,0.375449687063224,1.4343808976216435e-18
129,0.020681291171252603,0.002999999999999998,0.002249999999999998,0.024774103312603196,0.3198019214171517,0.05262259189113165,0.0016389435805155483,0.0013862301744251345,3.234678968112931e-18,4.6301223304807985e-19,1.5789102764140531e-22,1.1892718483870685e-20,2.4093719400331274e-23,0.375449687063224,4.750869362789922e-19
130,0.020681291171252603,0.002999999999999998,0.002249999999999998,0.02477410331260319,0.3198019214171517,0.05262259189113165,0.001638943580515548,0.001386230174425134,1.0694520788737575e-18,1.516434144808501e-19,4.848944685950734e-23,3.885343799984612e-21,7.382454255476349e-24,0.375449687063224,1.555846301819497e-19
131,0.0206812911712526,0.002999999999999998,0.002249999999999998,0.024774103312603185,0.31980192141715175,0.052622591891131616,0.0016389435805155468,0.0013862301744251317,3.496292045802908e-19,4.91134363214746e-20,1.4725539682562273e-23,1.255235723712302e-21,2.2368316048935874e-24,0.37544968706322407,5.038563441647436e-20
132,0.020681291171252603,0.002999999999999998,0.002249999999999998,0.024774103312603196,0.3198019214171517,0.05262259189113161,0.0016389435805155477,0.0013862301744251326,1.1303956341040583e-19,1.5731947678772878e-20,4.422719402342812e-24,4.0107757730215437e-22,6.702879200844679e-25,0.375449687063224,1.613811826339746e-20
133,0.0206812911712526,0.002999999999999998,0.002249999999999998,0.024774103312603202,0.31980192141715175,0.052622591891131575,0.0016389435805155477,0.0013862301744251317,3.614831979306447e-20,4.98457479769873e-21,1.313893022927383e-24,1.2676424786486143e-22,1.9867505967576513e-25,0.375449687063224,5.1128516136461944e-21
134,0.020681291171252603,0.002999999999999998,0.002249999999999998,0.024774103312603206,0.3198019214171517,0.052622591891131595,0.001638943580515548,0.0013862301744251328,1.1435034663855982e-20,1.5624050013294211e-21,3.8613550104327354e-25,3.9635735935557367e-23,5.825535111498159e-26,0.375449687063224,1.6024851281171367e-21
135,0.020681291171252603,0.002999999999999998,0.002249999999999998,0.02477410331260319,0.31980192141715175,0.05262259189113159,0.0016389435805155474,0.0013862301744251317,3.578770601381488e-21,4.845447222557816e-22,1.1227515115716647e-25,1.2261784519199252e-23,1.6900279846976515e-26,0.375449687063224,4.969356822059849e-22
136,0.0206812911712526,0.002999999999999998,0.002249999999999998,0.02477410331260319,0.31980192141715175,0.05262259189113159,0.0016389435805155468,0.0013862301744251306,1.1082328204096598e-21,1.4869700315114728e-22,3.2303183686131274e-26,3.753620879450097e-24,4.851445335659354e-27,0.375449687063224,1.5248777865961916e-22
137,0.020681291171252596,0.002999999999999998,0.002249999999999998,0.024774103312603196,0.31980192141715175,0.052622591891131575,0.0016389435805155464,0.0013862301744251302,3.3961059277231067e-22,4.5159650047906524e-23,9.197650006706211e-27,1.1371794732491043e-24,1.3782235841551068e-27,0.375449687063224,4.630740539474649e-23
138,0.0206812911712526,0.002999999999999998,0.002249999999999998,0.024774103312603185,0.3198019214171518,0.052622591891131575,0.0016389435805155468,0.0013862301744251306,1.0299957004933925e-22,1.3574674395364743e-23,2.5919642571156374e-27,3.4098870843519603e-25,3.8751650594361545e-28,0.37544968706322407,1.3918642584562997e-23
139,0.0206812911712526,0.002999999999999998,0.002249999999999998,0.024774103312603178,0.3198019214171518,0.052622591891131575,0.0016389435805155474,0.001386230174425131,3.092025634664016e-23,4.0391308004854954e-24,7.230212368176462e-28,1.012121169103278e-25,1.078529603565852e-28,0.37544968706322407,4.141173791592997e-24
