,temp1,temp2,temp3,temp4
0,0.0,0.0,0.0,0.0
1,0.025375318534686237,0.022135724712876767,0.036203769251318595,0.04908625573524523
2,0.048513653609530305,0.057518289817896535,0.0748797863052418,0.10059610679526197
3,0.0633131857619033,0.07372179265996769,0.12387831071667568,0.15449650569450846
4,0.10049578056389463,0.11138660236478397,0.1667765602365387,0.21020964016626617
5,0.129006779519893,0.1470117975568403,0.22255663440717458,0.26900182460191235
6,0.15759090728453223,0.17909869182421229,0.2831158591589611,0.3299784068228632
7,0.18993381079803337,0.21300319513476076,0.3245016708908028,0.3878213357373909
8,0.24849508962650418,0.26512568555980454,0.39183079095849793,0.44998422414924494
9,0.27386091035107146,0.320303255860037,0.4441675324832178,0.5093472928665431
10,0.26883081068927894,0.33076512277170456,0.49884893997488494,0.5726935665826823
11,0.3385694696176938,0.41097001875525596,0.5528445383890552,0.6344605458308845
12,0.39447961821218214,0.46479446285571624,0.6298983953634234,0.6979280002009591
13,0.45281110728801033,0.5098666993031011,0.6766373727961672,0.7627698087402696
14,0.4368483198733148,0.5672520482547923,0.7553604671649492,0.8226890537806381
15,0.5417923213078008,0.6740594555999233,0.811077544438357,0.8806457443288204
16,0.5916534452442924,0.6699270284594423,0.8743622644621305,0.9376299923691952
17,0.6427643742415683,0.771259603182232,0.9313426382537077,0.9933057543011644
18,0.7297836108887877,0.8283622093677893,1.0037328334232678,1.047393227053957
19,0.807909872802116,0.881173888636184,1.0545807485424383,1.099598047096324
20,0.78612449132883,0.9617769940946199,1.1238929799868,1.1496132946261897
21,0.9345657645369317,1.0239057799025195,1.1829084972664536,1.1971243167458867
22,0.9766319124956981,1.0573349621783181,1.2435974602869648,1.241814423274545
23,0.9957548828073961,1.1174120453496514,1.3094048520808992,1.283371195575431
24,1.092231435423173,1.1851067609069246,1.3750388058436285,1.3214929991735278
25,1.1701941214616238,1.2311642826211469,1.4290744267862616,1.3558951969242239
26,1.242060109692343,1.2748166065558326,1.4842656775990872,1.386315549084804
27,1.232107658690236,1.3405757453355356,1.535867512885218,1.412518369591429
28,1.2781125099306714,1.423248749268711,1.5858416713810166,1.4342971747676108
29,1.4227234850184123,1.4175166700499753,1.6338703427718855,1.4514757809528076
30,1.3610529372826177,1.5125768750075281,1.6797754689545272,1.463908039140131
31,1.5047874542276591,1.5519337719527955,1.7233922130329131,1.4714765995898118
32,1.5130933361389038,1.5919301211301438,1.764569778948217,1.474091256184103
33,1.5396218362417795,1.6269669358938423,1.8031751513405214,1.4716875273510526
34,1.6066589459193255,1.6981332467986983,1.8390962911441333,1.4642261939215715
35,1.653455016850348,1.74409891271178,1.8722446860754276,1.4516945141247088
36,1.6940921174192147,1.7903226677952322,1.9025571149346698,1.4341096463259773
37,1.7369796533293873,1.819336979182888,1.929996524960432,1.4115240186345483
38,1.7893948746965993,1.868032737893478,1.9545519924715193,1.3840299249175192
39,1.85281052857149,1.9115606163510264,1.9762378111809027,1.3517543993428003
40,1.8655788206321264,1.9544840265562475,1.995091818120384,1.314824084474427
41,1.8396777038054857,1.9857841542256716,2.0111731152413848,1.273276272158647
42,1.9472882032671008,1.9993995042926442,2.0245593707228315,1.226952255329004
43,1.9593977394402793,2.051950158439837,2.035343887562071,1.1755153256436692
44,1.971367517499127,2.0742670711183213,2.043632611632849,1.1188098653753027
45,2.0166586403146907,2.1133312781540385,2.049541222865536,1.0585040477325938
46,2.061381742931293,2.136666233148973,2.053192417985291,0.9667470132057214
47,2.042000617073245,2.1711620086528822,2.054713457077418,0.7764573265489685
48,2.097516844893894,2.2002971487060266,2.054234013427883,0.6724445535926168
49,2.1372313833475323,2.2289855237282454,2.0518843390769255,0.5823844777357475
50,2.1492321652453277,2.2566639268094035,2.0477937383056757,0.49368070394628566
51,2.1677637258270406,2.2830393152828155,2.0420893277262904,0.4075494137767417
52,2.19339169158803,2.308137227731108,2.0348950536583654,0.3271134408998118
53,2.2182535299167947,2.33197288659346,2.026330934005515,0.2555465931876735
54,2.2391264621485707,2.354565301563576,2.01651249155454,0.19545987255736916
55,2.2535745488601724,2.3759371429967686,2.005550347413285,0.1444182700405287
56,2.261667491682703,2.396114389934846,1.9935499462920898,0.10286719375086667
57,2.2697604457501277,2.415126005619459,1.980611388869712,0.07189030517356905
58,2.2906891686625865,2.433003564758468,1.966829350106839,0.04917545846661876
59,2.3313353160532313,2.4497808544853483,1.9522930658114956,0.03251709890747886
60,2.356995278842724,2.4654934714404697,1.9370863728641088,0.020454622786940362
61,2.339614017524982,2.4801784285803454,1.9212877912093147,0.012031717347645006
62,2.338643537278635,2.493873779858357,1.904970638008122,0.006508281971882903
63,2.386686090786013,2.5066182681756977,1.8882031662486138,0.003190806027499735
64,2.3775061076018695,2.518451000375699,1.8710487216695877,0.0014026282464045996
65,2.374772426851932,2.529411151803383,1.8535659131101894,0.0005493505947953373
66,2.410939552060718,2.5395377018638876,1.8358087924199382,0.00019127902096518403
67,2.3901466817040617,2.548869201059937,1.8178270408695574,5.9257628236801094e-05
68,2.423026349714813,2.557443569175861,1.7996661596520487,1.6375221120390927e-05
69,2.4147253456906252,2.5652979236142928,1.7813676625863881,4.049963209156549e-06
70,2.438173855114003,2.572468436373577,1.7629692695433419,8.997111611292844e-07
71,2.4452069466378474,2.578990217775301,1.7445050994453377,1.8018278088713447e-07
72,2.4633719247497594,2.5848972247962245,1.7260058619509482,3.2644711823216025e-08
73,2.477832682572206,2.5902221917114487,1.707499047141956,5.368851766810488e-09
74,2.4929809247810524,2.5949965806987403,1.6890091126825733,8.041635718876179e-10
75,2.507468655798381,2.5992505500697716,1.6705576680313163,1.1004577094637758e-10
76,2.5215347838844755,2.603012937866814,1.6521636553564223,1.3800261078931055e-11
77,2.535163398577339,2.6063112586778563,1.633843526838475,1.5905749680079538e-12
78,2.548367624117754,2.609171711666767,1.6156114180362031,1.6896323896436734e-13
79,2.561158493773852,2.61161919797679,1.597479316960372,1.6587154139822856e-14
80,2.5735471021041123,2.613677345836721,1.5794572284285444,1.5087489214038396e-15
81,2.5855444756683927,2.6153685418723494,1.5615533331890545,1.2746955184631422e-16
82,2.597161537303329,2.6167139672959148,1.5437741412007262,1.0027113478820419e-17
83,2.60840907216179,2.6177336378094345,1.5261246383489322,7.360700413469615e-19
84,2.619297700205844,2.6184464462111254,1.5086084257840142,5.0534681067109164e-20
85,2.629837855017185,2.6188702068360272,1.4912278509944796,3.251634279386465e-21
86,2.6400397679279153,2.6190217010914676,1.4739841296897112,1.9648656785451347e-22
87,2.6499134563389593,2.618916723464704,1.456877457574104,1.1171830665061336e-23
88,2.659468715255774,2.6185701274843556,1.4399071111548345,5.988015075228313e-25
89,2.6687151112980825,2.6179958712092137,1.4230715368377935,3.0309730583521646e-26
90,2.677661978641135,2.617207061898701,1.4063684277256088,1.451321610315209e-27
91,2.6863184164984664,2.616215999589183,1.3897947877281998,6.584743097819435e-29
92,2.694693287863428,2.6150342193605782,1.3733469828075187,2.83523779706514e-30
93,2.702795219299927,2.613672532129664,1.3570207793835292,1.160297694203758e-31
94,2.710632601621782,2.6121410638488594,1.3408113701010889,4.5196576791100906e-33
95,2.718213591333321,2.6104492930273375,1.3247133872720098,1.6780269606362262e-34
96,2.7255461127263154,2.6086060865207745,1.3087209043395882,5.9460152332539193e-36
97,2.7326378605444335,2.606619733561266,1.29282742564739,2.0134440433291464e-37
98,2.7394963031380786,2.604497978019258,1.2770258646202128,6.523335572334979e-39
99,2.7461286860416116,2.602248048905451,1.2613085102028623,2.0245335382576184e-40
100,2.752542035912283,2.59987668913335,1.2456669811397179,6.02550019620321e-42
101,2.758743164776443,2.5973901825726444,1.2300921675990617,1.7216388816490078e-43
102,2.764738674534189,2.594794379430679,1.214574159955766,4.727383607492312e-45
103,2.7705349616784156,2.5920947200039532,1.1991021652971114,1.2487063490218575e-46
104,2.7761382221889543,2.589296256844445,1.1836644132129355,3.1759526297067756e-48
105,2.781554456566601,2.5864036753866877,1.1682480533038087,7.785004777884259e-50
106,2.7867894749758673,2.5834213130812183,1.1528390472470111,1.8407551271746253e-51
107,2.7918489024688826,2.5803531770784445,1.137422058041905,4.201954657645355e-53
108,2.796738184266043,2.5772029605042635,1.1219803382741793,9.2677937298571e-55
109,2.8014625910711777,2.5739740573649494,1.1064956181041194,1.9765536266539762e-56
110,2.806027224399277,2.5706695761140614,1.090947992457653,4.079175880231774e-58
111,2.8104370218914743,2.567292351908327,1.075315805804903,8.152288123293644e-60
112,2.814696762584041,2.563844957572615,1.0595755320996236,1.5788084078689638e-61
113,2.8188110720839212,2.5603297132863596,1.0437016469954266,2.9649006068292466e-63
114,2.822784427583329,2.556748694994143,1.0276664893660508,5.402546908413523e-65
115,2.826621162621612,2.5531037415320625,1.0114401094246546,9.557866490901528e-67
116,2.8303254714766726,2.549396460448561,0.9949901013511279,1.6426822097277411e-68
117,2.8339014130441798,2.5456282324823074,0.9782814193132696,2.7442445533749112e-70
118,2.8373529140442164,2.54180021464339,0.9612761771706253,4.458676283543194e-72
119,2.840683771384404,2.5379133418286357,0.9439334341052458,7.049061300689862e-74
120,2.8438976535073635,2.533968326890638,0.9262089711376051,1.0849724195733806e-75
121,2.8469981005584977,2.5299656590759874,0.9080550672585778,1.6265967644084108e-77
122,2.8499885232267848,2.525905600752403,0.8894202891562335,2.3763962503691718e-79
123,2.8528722001333806,2.5217881823570343,0.8702493157822478,3.384792680631614e-81
124,2.8556522736690573,2.5176131955167222,0.8504828289688567,4.702284859664818e-83
125,2.858331744207703,2.5133801843124197,0.8300575147705895,6.374292769112511e-85
126,2.8609134626478983,2.5090884346806455,0.8089062380086736,8.43484911473162e-87
127,2.863400121255283,2.50473696196069,0.7869584753501147,1.0899702394508882e-88
128,2.865794242793994,2.5003244966056855,0.7641411203862811,1.3759661397354973e-90
129,2.8680981679447246,2.495849468077124,0.7403798067075724,1.6975190902978818e-92
130,2.870314041010415,2.4913099869342163,0.7156009289086301,2.0473303463212532e-94
131,2.872443793907529,2.4867038251141267,0.6897345702568216,2.414764382821446e-96
132,2.8744891284329332,2.4820283943761234,0.6627185575594311,2.786232570612877e-98
133,2.876451496783672,2.4772807228563827,0.6345038398568805,3.1459590530509784e-100
134,2.8783320802907633,2.4724574296475494,0.6050613022709631,3.477078874728377e-102
135,2.880131766309624,2.467554697280612,0.5743899504944833,3.762963525752185e-104
136,2.8818511231894197,2.462568241958794,0.5425261122709979,3.9886267235133437e-106
137,2.883490373222826,2.4574932813528063,0.5095529015424715,4.1420421978608995e-108
138,2.8850493634569707,2.4523244997357883,0.4756087290074145,4.215210375405406e-110
139,2.8865275342261745,2.447056010201134,0.44089323749834664,4.204842035668124e-112
