,Rs,Rj,Ra,Sj,Sa,Sb,Sga,Sgb,Cj,Ca,Cb,Cga,Cgb,Clupeid adult,Cod adult
0,0.13155162435872225,0.0022195850485750173,0.0028387686284819325,0.04245049279205031,0.11174774515383096,0.12822408989182565,0.003282338090636957,0.024451459906026082,0.016227336557409516,0.009578946124303598,6.711239884543192e-05,0.00026468796600235124,1.0731558704049362e-05,0.26770563304231965,0.009921478047855432
1,0.13222965101863354,0.0021916823778285366,0.0028224509803277727,0.041813250987761175,0.1089607179593061,0.12750887331543667,0.0032438780627256354,0.024695347801638335,0.016270569683205623,0.009473597208411995,6.822246698813664e-05,0.0002633094637681359,1.0987044984121817e-05,0.2644088171391068,0.00981611618415239
2,0.12725998540503103,0.002175400354505196,0.002805780378534411,0.04212411306777461,0.10982662165596346,0.12909372670180252,0.0032863409392163267,0.02510795823851864,0.016369166142528962,0.009642917385520951,7.281356184888008e-05,0.000270658975184001,1.1829989102484119e-05,0.26731464753550094,0.009998219911656317
3,0.12692338656093122,0.0021547197315738872,0.002790107424997495,0.04169916384785864,0.10784816358930778,0.12862156656086576,0.003264532063191098,0.02536486349504998,0.016356227544039217,0.009501971459454616,7.357593392939218e-05,0.0002682889884091192,1.2035992999190334e-05,0.2650991257084146,0.009855872374792317
4,0.12537645345121168,0.0021311400375817074,0.002773725601959273,0.041411233734726854,0.10675484450748561,0.12878445137665356,0.0032557982656123596,0.025613032662431177,0.01641875266063767,0.009542781814830913,7.727727285034898e-05,0.0002717001132779204,1.275448430760015e-05,0.2644081268121827,0.009904513685266783
5,0.12333189917479556,0.0021145401770049665,0.002757677580384474,0.04123085764006726,0.10635604633274108,0.1288848655707801,0.0032553062714725544,0.025748442175519356,0.016394184808567587,0.009568832571100624,8.130840350997129e-05,0.0002748103753878366,1.3544452930443337e-05,0.2642446603505131,0.009938495802928876
6,0.11976158318672818,0.0021037726520518603,0.002741766202767313,0.04131457620721849,0.10711208282077657,0.12948489115097492,0.00327749948686066,0.025860910782341998,0.016342964286051143,0.009645402791098164,8.638540343756352e-05,0.0002796750731940987,1.4529903484121396e-05,0.26573538424095416,0.010025993171213946
7,0.11635588516023372,0.002092768976681282,0.0027259431454656593,0.0413662010667799,0.10781433467154587,0.13001238602796933,0.003297145273508792,0.025949218571473406,0.01628874376147309,0.009718494409922144,9.170988858183291e-05,0.0002844914638256438,1.557581886734594e-05,0.2670730845444974,0.010110271581196968
8,0.11303168541682922,0.0020821540770431064,0.0027102551114156605,0.04140499624827641,0.10851905954853613,0.13048401887450556,0.0033157030311439083,0.026014733736206348,0.01622664265172606,0.009783147984686224,9.716956877146636e-05,0.0002890984796444377,1.6663126213743368e-05,0.268333515190392,0.010186079159315874
9,0.1097979133159593,0.002071890078043403,0.002694700466196668,0.041429352650628165,0.10922119002282615,0.13089646061350166,0.0033330049230869204,0.02605678997347596,0.01615687467612955,0.00983907595887201,0.00010275232851457409,0.00029347965297491684,1.7790546062886627e-05,0.2695074455328907,0.010253098486424387
10,0.10665509511828401,0.002061980936916586,0.0026792795073946898,0.04143929857863302,0.10992153267857299,0.1312487671012485,0.0033490155246242025,0.02607480587206602,0.016079406806538996,0.009885985775776842,0.00010844304264454898,0.0002976184008444044,1.8956166240969916e-05,0.2705941211765117,0.010311003385506765
11,0.10360366414259073,0.002052426046659963,0.0026639921252129338,0.04143483789694021,0.11062071300469535,0.13154025132237615,0.0033636976622904782,0.026068328038948728,0.01599427918242906,0.009923664726644365,0.00011422631189419687,0.0003015003944781798,2.0157938699507726e-05,0.2715929900283107,0.01035954937171625
12,0.10064410805431512,0.002043221870324507,0.0026488379803630744,0.04141594652532469,0.11131907235071509,0.13177037087843366,0.0033770117648960593,0.02603704169165443,0.015901578648972948,0.009951947002647836,0.00012008603599998118,0.00030511255692124145,2.1393596032954163e-05,0.27250349668569923,0.010398539191602014
13,0.09777663539358687,0.002034363812369388,0.0026338165951912355,0.04138264028177339,0.11201689590141169,0.13193881592602288,0.003388921528848073,0.025980777647011222,0.015801425438653517,0.009970711736874013,0.00012600545693814886,0.00030844307921049503,2.2660651006457543e-05,0.2733254110032939,0.010427820924029114
14,0.09500095125861621,0.0020258468764623853,0.002618927361096808,0.0413350110762688,0.11271457515269603,0.13204558591934848,0.0033993973898693358,0.025899511581120457,0.015693970985208208,0.009979890621224336,0.00013196744679942635,0.0003114817601196208,2.3956443334516476e-05,0.2740590700430343,0.010447296271477897
15,0.09231622403444516,0.0020176657436229606,0.002604169536050357,0.04127322848594516,0.11341264713152907,0.13209099900073534,0.003408417132565658,0.025793358510658334,0.015579396350810784,0.009979469970321689,0.00013795475003586423,0.00031422016020196734,2.527818110725721e-05,0.2747054217754884,0.010456923061666777
16,0.0897211258550551,0.0020098148148679253,0.0025895422545409554,0.04119753059462979,0.11411178854244071,0.132075667908356,0.003415965476594714,0.02566256431707158,0.015457908576247707,0.009969487727167891,0.00014395014073093423,0.00031665158008901257,2.662296842457613e-05,0.275265986244463,0.010456712416412417
17,0.0872138849794877,0.0020022883210210484,0.0025750445456450893,0.041108214041684264,0.11481280666459621,0.1320004664060944,0.0034220334925836766,0.0255074946335411,0.015329735795376985,0.009950028362692683,0.00014993652904996864,0.0003187709593561822,2.7987824790466853e-05,0.2757428011968154,0.0104467236758893
18,0.08479234060223717,0.0019950804629022237,0.002560675353953064,0.04100562410801195,0.11551663243151843,0.13186649220598198,0.0034266179482194464,0.025328621594442536,0.015195121933628404,0.00992121692726136,0.0001558970343827331,0.0003205747367871598,2.9369699127001184e-05,0.27613836418016235,0.010427058397558255
19,0.0824540007481984,0.0019881855575838475,0.0025464335613853517,0.04089014453426277,0.1162243137617597,0.13167502744507167,0.0034297205640012804,0.025126509178789624,0.015054321332093232,0.009883212612892957,0.00016181502762546528,0.0003220606829515514,3.0765478512537104e-05,0.2764555709496223,0.01039785380198251
20,0.08019610195385528,0.0019815981839842746,0.002532318009085539,0.04076218726980847,0.11693700868146159,0.13142749791360422,0.0034313471939783047,0.02490179784069426,0.014907593478401671,0.009836202067677383,0.00016767414337530672,0.0003232277126622773,3.217199142493653e-05,0.27669765162973836,0.010359275915139902
21,0.07801566856629889,0.0019753133248036478,0.0025183275187346194,0.04062218248692601,0.1176559785863162,0.1311254324343155,0.003431506961281731,0.024655189041317922,0.014755197990758313,0.009780392709096891,0.00017345826443646844,0.0003240756857101641,3.358600559758357e-05,0.27686810702323134,0.010311512664841108
22,0.07590956969223786,0.0019693265027821605,0.0025044609127317665,0.040470569145277475,0.11838258203748296,0.13077042364023916,0.003430211376863613,0.02438743021608755,0.014597389970320618,0.00971600625531477,0.0001791514821289808,0.00032460520386206167,3.500422084377781e-05,0.2769706472706733,0.01025476716214959
23,0.0738745722380552,0.001963633910076626,0.0024907170328245494,0.040307786319588694,0.11911826941589256,0.13036409114404995,0.0034274734653804645,0.02409930061422731,0.014434415800464676,0.009643272649201074,0.00018473803639817686,0.0003248174109964134,3.642325735189952e-05,0.2770091346395503,0.010189251353947564
24,0.07190738891488409,0.001958232530474552,0.002477094756916387,0.040134265430863736,0.11986457868215057,0.12990804781866708,0.003423306916889875,0.023791598341582464,0.014266509435204152,0.009562424501680126,0.0001902022398369729,0.0003247138018743089,3.7839640028922217e-05,0.27698753175929,0.010115180183420329
25,0.0700047205037308,0.001953120255013531,0.002463593013914624,0.03995042345352339,0.12062313241223661,0.1294038696443028,0.0034177252774780825,0.023465128832576534,0.01409388918617477,0.009473692134079226,0.00019552838954296292,0.0003242960435878485,3.92497794850316e-05,0.276909856166594,0.010032766346695069
26,0.06816329205150544,0.0019482959924044523,0.0024502107966000654,0.0397566571114701,0.1213956362064945,0.12885306934000956,0.0034107411865195243,0.023120694880703216,0.013916754989794616,0.009377299256821741,0.0002007006703194196,0.0003235658123192451,4.064995021872632e-05,0.27678014161372677,0.009942215689679132
27,0.06637988299548278,0.0019437597762073365,0.0024369471725933217,0.03955333802778555,0.12218387850383598,0.12825707380038345,0.0034023656632666418,0.02275908827457068,0.013735286114321845,0.009273459286270316,0.00020570305217862305,0.0003225246467815003,4.203626649356836e-05,0.27660240624205673,0.009843723251724008
28,0.06465135146192741,0.0019395128713677037,0.0024238012935632373,0.03934080875632334,0.12298973177464892,0.12761720520677838,0.0033926074410619215,0.022381083020857208,0.013549639250547738,0.009162372273735845,0.00021051918448998692,0.00032117381865101835,4.340465630739398e-05,0.2763806274433464,0.009737469933184245
29,0.06297465317209475,0.0019355578831532143,0.00241077240286756,0.03911937959865992,0.12381515501360554,0.12693466557874167,0.0033814723436924226,0.02198743008737869,0.013359946919408701,0.009044222400893002,0.00021513228849936875,0.00031951421947667253,4.4750833754772305e-05,0.27611872302341833,0.009623619742623815
30,0.06134685551365801,0.0019318988719256019,0.002397859841837786,0.038889326095529315,0.12466219740378287,0.1262105244742945,0.0033689626952555746,0.021578853568415286,0.013166316124113004,0.008919175983626215,0.00021952504937968576,0.0003175462629640211,4.6070269984295036e-05,0.27582053814174823,0.009502317565954217
31,0.059765147403906545,0.0019285414775830456,0.0023850630549217713,0.038650887076715205,0.1255330029725811,0.12544570953337936,0.003355076752285301,0.021156048158472485,0.012968827172497786,0.008787379920819079,0.00022367950849066246,0.00031526980117540056,4.735816286190172e-05,0.27548983741671823,0.009373687393347045
32,0.058226845598386145,0.001925493057870397,0.002372381593880714,0.03840426315506597,0.12642981600197964,0.12464099958318578,0.0033398081446761015,0.02071967781755368,0.012767532596346514,0.008648960524804246,0.0002275769561531532,0.0003126840530367971,4.8609405376854204e-05,0.2751303015473952,0.00923783093937105
33,0.05672939808210229,0.0019227628451427546,0.0023598151212035857,0.03814961555812526,0.12735498688613656,0.12379702008817725,0.0033231453103434025,0.020270375521835193,0.012562456097684966,0.008504022675408722,0.00023119782501359096,0.0003097875435890269,4.981855277718368e-05,0.2747455278064924,0.009094826596788523
34,0.05527038526240963,0.0019203621263321482,0.002347363412859302,0.03788706520244545,0.1283109780381826,0.12291424080394027,0.003305070905829453,0.019808744001338596,0.012353591455953414,0.008352649247745958,0.0002345215839470037,0.00030657805259390027,5.0979788389582026e-05,0.2743390337492909,0.008944728672676443
35,0.053847519312525745,0.0019183044526270912,0.002335026360445356,0.037616691929778796,0.12930036934062833,0.12199297564911338,0.003285561176434407,0.0193353574060663,0.012140901335498807,0.008194900776374442,0.00023752663252615076,0.0003030525714714682,5.20868880906447e-05,0.2739142635722424,0.008787566868462706
36,0.052458642540642954,0.0019166058838451293,0.002322803972722982,0.03733853384067929,0.13032586250062136,0.1210333849012677,0.003264585264641357,0.018850763844663474,0.0119243159377405,0.008030815332298574,0.00024019019628862017,0.0002992072679896658,5.313318343649271e-05,0.2734745965111939,0.008623345980013353
37,0.051101724966930814,0.0019152852758493363,0.0023106963764563558,0.037052586677525444,0.13139028353731452,0.12003548002902241,0.003242104440482812,0.018355488788621064,0.011703731446383727,0.007860408604511744,0.0002424882233895257,0.00029503745866306597,5.411152353552691e-05,0.2730233567954408,0.008452045810099862
38,0.04977486173730312,0.0019143646187253546,0.0022987038164021434,0.036758803219588514,0.13249658253249835,0.11899913155732285,0.0032180712368351373,0.017850039333431465,0.011479008216103785,0.007683674192643247,0.00024439528371615464,0.00029053758938180665,5.501423586348328e-05,0.2725638246600878,0.008273621301604693
39,0.04847627070819352,0.0019138694361567124,0.0022868266542462354,0.03645709265578005,0.13364782982130446,0.11792408041565279,0.003192428482187013,0.017334909315780446,0.011249968650554052,0.00750058412681654,0.0002458844720000572,0.0002857012251899611,5.583308633777454e-05,0.27209924803492475,0.008088002910344333
40,0.04720429037721427,0.0019138292593828584,0.0022750653663319124,0.03614731988224915,0.1348472082440776,0.11680995299411105,0.0031651082416791158,0.016810585238073723,0.011016394697273684,0.007311089627204057,0.0002469273165949755,0.0002805210500535944,5.655923902322061e-05,0.27163285471794146,0.007895097232875847
41,0.04595737841118991,0.0019142781936018099,0.0022634205402404487,0.035829304594770434,0.13609800241076692,0.1156562792704855,0.003136030712113379,0.016277552799215823,0.010778024837969212,0.007115122079625309,0.0002474936946461395,0.00027498887612767073,5.718321565919283e-05,0.2711678651925816,0.007694787866058312
42,0.04473411040913864,0.0019152556053120909,0.002251892870950616,0.03550281986349553,0.1374035891830994,0.11446251125714783,0.0031051031922309648,0.01573630351864097,0.010534550335984999,0.006912594096277527,0.00024755175069267614,0.0002690956578500375,5.7694854377221274e-05,0.2707075071511192,0.007486936359197463
43,0.0435331779730247,0.001916806978460873,0.002240483158853968,0.0351675894692368,0.1387674408277494,0.11322803413619062,0.0030722193876233954,0.01518734024857244,0.010285610245631028,0.006703400277654168,0.0002470678059085878,0.0002628314960530685,5.808326467632796e-05,0.27025503460013584,0.007271382844292151
44,0.04235338394712357,0.0019189850270948364,0.0022291923152036007,0.034823282415270405,0.14019316732592813,0.11195215222607512,0.0030372595643047605,0.014631179037945932,0.010030784146321844,0.006487416750649985,0.000246006222405408,0.00025618559518619577,5.8336770231016715e-05,0.2698137581542539,0.007047945338472606
45,0.0411936301152983,0.001921851233550933,0.0022180213871278243,0.03446950134644295,0.14168465370604127,0.1106340118195835,0.0030000925078088898,0.014068342391435323,0.00976958047702718,0.00626449749031342,0.00024432913895973337,0.0002491460923926962,5.8442819243717604e-05,0.26938710042486896,0.006816415540909566
46,0.04005288879744781,0.0019254781370886894,0.0022069716260926632,0.03410575856084635,0.14324640093773378,0.10927238655268774,0.0029605809260033504,0.013499334958146291,0.009501416318659769,0.006034463522841506,0.00024199590259741768,0.00024169959645779492,5.838781884239171e-05,0.2689787033745712,0.00657654684073911
47,0.0389301445395758,0.0019299529719907602,0.0021960446413935857,0.03373142859723972,0.14488425898903734,0.10786519502180585,0.002918592737004554,0.01292458743605453,0.00922558116873851,0.0057970782463311315,0.00023896186955997957,0.0002338301506451219,5.8156810814635705e-05,0.26859263418390233,0.00632802707735087
48,0.03782428895917883,0.0019353836389784179,0.0021852426961757156,0.03334566171463956,0.14660681667503547,0.1064085653663056,0.0028740207987572593,0.012344351893630544,0.008941173432678027,0.005551999580375719,0.00023517607829812178,0.00022551721525251764,5.773285866255398e-05,0.2682337547337289,0.006070425732588913
49,0.03673396498320545,0.001941908217462741,0.0021745691822734597,0.03294724630736129,0.14842763526760147,0.10489530857377977,0.002826810490015936,0.011758545665686881,0.008646998939533055,0.005298703248129615,0.0002305773488784673,0.0002167323895399884,5.709601875763394e-05,0.2679082999970841,0.0058031090053057045
50,0.03565741272560617,0.0019497084029418362,0.0021640291705067585,0.03253444050529655,0.15036793158929748,0.10331305211748881,0.002776983682439564,0.01116659847414905,0.008341438797097828,0.00503639441356961,0.00022508927744597035,0.00020743551800835058,5.6221983013381825e-05,0.2676245658633749,0.005525141192037313
51,0.03459246418045091,0.0019590245527452334,0.0021536296534782847,0.032104860655823124,0.15245813471424005,0.10164309441937965,0.002724631872784794,0.010567451999374804,0.00802233664392715,0.004763970351025619,0.00021861675685811704,0.00019757274312360733,5.5081022896756604e-05,0.2673933130057793,0.0052352408739041005
52,0.033536789698553726,0.001970169426874325,0.00214337913819503,0.031655505185767964,0.154736958538307,0.0998609105952869,0.0026698654493528947,0.009959808371186752,0.0076869562078353566,0.004480089480051308,0.00021104694455520797,0.00018707891089569042,5.363798648085629e-05,0.2672275429541336,0.0049318533219830625
53,0.032488161255867176,0.0019835470546886217,0.002133287148264035,0.031182765043891135,0.15725070208147768,0.09793643718273529,0.002612773576530185,0.009342370180712984,0.007331920926605819,0.004183254407746773,0.00020225128644108342,0.00017588068284820837,5.1852566099977344e-05,0.2671422830214561,0.004613238943136042
54,0.031445138619358375,0.0019996623073331096,0.0021233623795204183,0.03068275756626845,0.1600537271560147,0.09583131268146593,0.002553707119062965,0.008715043867733151,0.00695335210708725,0.0038721211969621767,0.00019209946522907666,0.00016390942341085746,4.968266272691583e-05,0.2671537908242767,0.004277812748329027
55,0.03041532545203002,0.0020187912821391565,0.0021135879497007483,0.030157637131140145,0.16317978827770271,0.09349164960900713,0.0024968326938983954,0.008093988772223986,0.006551280907735272,0.003549599180571762,0.00018066921857699293,0.00015127685099476448,4.7138807972032915e-05,0.26726225935283227,0.003928684058115552
56,0.02939296345016084,0.0020419425839910384,0.002103987262761052,0.029597993339288156,0.16672058330043407,0.0908679851726189,0.0024403481019505944,0.007468387312737907,0.006117538845563208,0.0032118646648119993,0.00016769693716962595,0.00013780764038704444,4.414250846834364e-05,0.26749730388774146,0.0035615117508370135
57,0.02837493971613374,0.002070436015395003,0.002094579469585909,0.028993700734247813,0.1707874089797852,0.08788905904627638,0.0023830351992336347,0.00683073919130695,0.005642739125883456,0.0028558363054439523,0.0001529358482960516,0.00012335422297054323,4.0616927034320306e-05,0.26789024241660214,0.003172743303744868
58,0.02736202308763349,0.002105996455144478,0.0020853752990603485,0.028334079609043144,0.17550777909075327,0.08446204168219919,0.0023241199006821325,0.006176918927413882,0.005116386333994745,0.002479831133947004,0.0001361948573150247,0.00010782632710113595,3.649724927479481e-05,0.26847085960104844,0.0027603495676379597
59,0.026360808518170464,0.002150827349804156,0.0020763695098158412,0.02760873522153087,0.18101080010596,0.0804798831184419,0.0022630233939721083,0.005506686631430026,0.004527685420626869,0.0020847642512616263,0.00011741335298888984,9.124564275047184e-05,3.1751282071333774e-05,0.26926039324980405,0.002325174529072322
60,0.025387402567067254,0.0022074146423502806,0.0020675240407213025,0.026811722451015676,0.18737661116425888,0.07584972615747285,0.0021995146112199554,0.0048270875376658145,0.0038692300688933914,0.0016768554258419933,9.683382447223445e-05,7.386919465392767e-05,2.6427800185678053e-05,0.2702529394706175,0.0018739862451538334
61,0.02447048074363783,0.0022776916010577124,0.0020587471464999906,0.025950107348957283,0.19453063261690606,0.07056263774733508,0.0021340544027076734,0.004157039843238158,0.003144975524851852,0.001270963949372646,7.523880068556036e-05,5.6345497014970165e-05,2.0725469826948822e-05,0.271384364610187,0.0014232737169001253
62,0.023649962960855458,0.0023610624860640928,0.0020498860503298777,0.02505479455398608,0.2020935097929144,0.06480831065947633,0.00206825978885264,0.003529908127506411,0.002382157559117397,0.0008916905686037524,5.409058744356847e-05,3.9776901318602036e-05,1.5039233168095928e-05,0.2724999883687498,0.001000597290534019
63,0.022966353473488087,0.0024517461348518154,0.0020407629255898155,0.024182923026528334,0.2093140825116988,0.059054393839520075,0.0020051260116476293,0.0029872936234606124,0.001638356328513547,0.0005674533783951805,3.525047836263027e-05,2.5466835680835444e-05,9.891901889923811e-06,0.2733608959863271,0.0006380625943285701
64,0.022443631893106834,0.0025381257887253142,0.0020312490076237924,0.02340012247013592,0.2152747659739888,0.05393753188205983,0.0019483902086856694,0.0025621297297508043,0.0009886980612078408,0.0003184845975647869,2.024670940364285e-05,1.4379288673412288e-05,5.733282999601653e-06,0.27372281779448515,0.0003588438786414437
65,0.022081584530162058,0.0026062411343157456,0.0020213065154110334,0.022753770244124748,0.21927023882966803,0.0499950957691844,0.0019012771981317136,0.0022655482723683592,0.0004972890457742171,0.00015014665229342377,9.76357274874268e-06,6.820448235631097e-06,2.789249937956345e-06,0.2734321600693525,0.00016951992321575387
66,0.02186044840210346,0.002646039840241146,0.002010977828345296,0.02225795512890528,0.22106681271381798,0.04745125238262612,0.0018652549425691696,0.002086990823705107,0.000192531016377673,5.483157125953514e-05,3.6468723433521026e-06,2.5066329578932546e-06,1.050814052483484e-06,0.2724703108627184,6.203589061326398e-05
67,0.02174404480747885,0.0026575861976461087,0.0020003749988156813,0.021889125205122137,0.22100473140273313,0.04612487798474802,0.001838918315629199,0.0019978789155479697,5.157750843424575e-05,1.3904130633798515e-05,9.461586608483356e-07,6.399074613456738e-07,2.749310670063366e-07,0.27096640661865834,1.576512782299886e-05
68,0.02168539778007447,0.002651269045864002,0.0019896534099026605,0.021595899281481947,0.2198585422476169,0.04552147823108778,0.0018183663288915276,0.0019585578373929016,8.563110862216155e-06,2.188248938454287e-06,1.5242230232255141e-07,1.0141734241493554e-07,4.4661908970595556e-08,0.26915694464498907,2.4867504921623695e-06
69,0.021646949367558184,0.002638428135824796,0.0019789349701924857,0.021331792601875073,0.21833271296935744,0.04517833910423229,0.0017999853840861052,0.0019367538261199798,8.076572402823109e-07,1.956479719668484e-07,1.395529747569701e-08,9.132966093901123e-09,4.123499223993037e-09,0.2672477912837958,2.228597347604396e-07
70,0.02161266682637956,0.0026243515743750554,0.0019682694360470764,0.021076077202099634,0.2167404499067925,0.04488783456838973,0.001782199721776331,0.0019185493987918965,4.0653401416099395e-08,9.327253745395438e-09,6.815205308072069e-10,4.3858810244192e-10,2.0307953235992174e-10,0.2653290335957505,1.0650441911004488e-08
71,0.02157908333265647,0.002610222188841351,0.0019576667889398287,0.02082413699575606,0.21515068149565464,0.04460404431590145,0.0017646694686586288,0.0019009078945240742,1.0363608431585014e-09,2.2493662520186845e-10,1.6841806642703683e-11,1.0655211548694249e-11,5.061288484236559e-12,0.2634203031747388,2.574949318775029e-10
72,0.021545821330689007,0.0025961702508707505,0.001947127689968164,0.02057542499831435,0.2135709032684095,0.04432193793378071,0.0017473528930356697,0.0018834929707275173,1.2719020759338757e-11,2.6080991979016973e-12,2.0017123053381557e-13,1.2446588442831937e-13,6.067142034435422e-14,0.26152368706595336,2.993407733208186e-12
73,0.021512856827501186,0.0025822023689275318,0.0019366517767058797,0.02032987219887943,0.2120014663235698,0.044041252053346955,0.0017302432579019778,0.001866282230129739,7.140843705289429e-14,1.3814227664926074e-14,1.0871887263807608e-15,6.641969283366133e-16,3.3237020305656383e-16,0.25963924386494847,1.5897983522700013e-14
74,0.021480184963534658,0.0025683181801090453,0.0019262386350818081,0.02008743743971323,0.21044231677478833,0.04376199626979242,0.001713334653132687,0.0018492695774366514,1.7416428242709818e-16,3.1738157221106077e-17,2.5622359758732438e-18,1.5374824534330758e-18,7.901234074314486e-19,0.2577669172751501,3.6627999057843847e-17
75,0.021447800199726124,0.002554517136787898,0.0019158878525909256,0.01984808246167543,0.20889339633286602,0.043484180029053965,0.001696621966206314,0.0018324500209542464,1.7513142123623717e-19,3.0013746084365476e-20,2.486462935282556e-21,1.4649259832138886e-21,7.734634006052458e-22,0.2559066483490805,3.473859840346717e-20
76,0.02141569563233393,0.002540798692869204,0.0019055990196519034,0.01961177111382405,0.20735464049270855,0.043207818766311606,0.001680098760179567,0.001815817144388614,6.886039917014445e-23,1.1078767302989243e-23,9.422153071454326e-25,5.448255837808355e-25,2.9567345278639396e-25,0.2540583751635883,1.2861481646701905e-23
77,0.02138386151093697,0.0025271623061350087,0.0018953717296012569,0.019378471483997114,0.2058259896885673,0.042932921243163565,0.0016637589635901222,0.0017993646835987086,1.0034932835989712e-26,1.5127725551928626e-27,1.3213237628975814e-28,7.49563814332216e-29,4.183089497553025e-29,0.25222203457891973,1.7616922078913724e-27
78,0.02135228389397589,0.0025136074382280573,0.0018852055786710434,0.019148157472320418,0.20430737413926942,0.04265950525177094,0.0016475942170649383,0.0017830839181284714,5.134418975816724e-31,7.237587016835531e-32,6.495213948509308e-33,3.6131896659657994e-33,2.0745653113276056e-33,0.25039755752623377,8.4558839094158e-32
79,0.021320940799574518,0.0025001335546222607,0.001875100165966696,0.018920814579998613,0.2027987079952914,0.042387600175240604,0.0016315936231874998,0.0017669634127528264,8.733148857514684e-36,1.148562275818582e-36,1.0595265663542751e-37,5.776981560456745e-38,3.4143623127310166e-38,0.24858486520647236,1.3464283711858872e-36
80,0.02128979570074769,0.002486740124593388,0.0018650550934450416,0.018696451404264514,0.2012998650666551,0.04211726428897025,0.0016157425458877266,0.0017509882121597008,4.673389049923158e-41,5.720973546342323e-42,5.427292031708458e-43,2.8989924214481913e-43,1.7646611079073674e-43,0.24678386011367273,6.730068102448724e-42
81,0.021258783804690314,0.002473426621189945,0.0018550699658924589,0.01847512863542896,0.1998105953015921,0.04184864506324966,0.0016000214758930603,0.0017351407956853536,7.443784258224537e-47,8.460873669146104e-48,8.258179089594883e-49,4.319133415599831e-49,2.7092948465361884e-49,0.24499440263642017,9.989534404319195e-48
82,0.021227787577013157,0.0024601925212043825,0.0018451443909032871,0.018257029959949152,0.19833029379655837,0.04158213707427397,0.0015844136630576654,0.0017194170965744969,3.337722315494747e-53,3.5140029376032477e-54,3.53039639108863e-55,1.8069703572245228e-55,1.168689001292181e-55,0.2432162616304645,4.1646085125637817e-54
83,0.021196605064545543,0.0024470373051444544,0.0018352779788583413,0.018042619265458727,0.19685736494749337,0.041318817287638906,0.0015689408390935538,0.0017038900031912528,3.9838721420303233e-60,3.876874263865653e-61,4.010899116077106e-62,2.0079244367712078e-62,1.3397548603780242e-62,0.24144901307741706,4.612732105188286e-61
84,0.021165005678882545,0.0024339604572048475,0.001825470342903636,0.017832750263031747,0.1953883964280887,0.04106099406305737,0.0015537607679663014,0.001688859910577827,1.196735988844742e-67,1.074692635179648e-68,1.1454123165285445e-69,5.605384651874675e-70,3.860594274395733e-70,0.23969201116969022,1.2838936560952065e-68
85,0.021133365761721624,0.0024209614652390466,0.0018157210989292853,0.017627066822199906,0.19392304236024946,0.040808811908954495,0.0015390915434801997,0.0016746284796967912,8.552272587662952e-76,7.060975873522913e-77,7.757407635626476e-78,3.7086792131713325e-78,2.6383399624247205e-78,0.23794557429238095,8.471418554645165e-77
86,0.021104422079461775,0.002408039820731387,0.0018060298655485408,0.017417768004632638,0.19248690781250982,0.04054445093632261,0.0015242451490730718,0.0016595613553850987,1.3740860719688868e-84,1.0303965483835057e-85,1.1687313728692368e-86,5.451540642528711e-87,4.0116633006479635e-87,0.2362151652532906,1.2419017251021961e-85
87,0.021074275553453724,0.0023951950187694167,0.001796396264077063,0.01721486097813863,0.19104846084056995,0.04028988194398728,0.0015097747776965174,0.0016453066083561016,4.6883342836233025e-94,3.188036094050654e-95,3.7349342633865274e-96,1.6986152398695e-96,1.2938240718954388e-96,0.23449342417060984,3.8607734515658007e-95
88,0.021063269350911764,0.0023824265580164,0.0017868199185123005,0.017016426615543406,0.18952470089561316,0.0400959267873917,0.0015140674035875013,0.001657331661859623,3.217606569494457e-104,1.988634734640285e-105,2.4183276472172595e-106,1.0674386813364336e-106,8.45837670450266e-107,0.232792026748452,2.421795134540681e-105
89,0.02095980011967392,0.002369733940684091,0.0017773004555130688,0.017093933614468017,0.18704209586750692,0.040589200685394,0.0015380960320606027,0.0017257895053565896,5.1241349186767875e-115,4.865758097823699e-116,6.0234226586806034e-117,2.601468962753225e-117,2.1189693490948807e-117,0.23089518209031815,5.940144194876571e-116
90,0.021002289929757004,0.0023571166725057215,0.0017678375043792913,0.016853886889837494,0.18550056717217744,0.04042069718336012,0.0015663279166690715,0.0017703207446712447,1.9118959518352667e-126,1.7961103754819652e-127,2.3648475143322836e-128,9.706619805719034e-129,8.421836682095038e-129,0.2292579130168779,2.2138796917933344e-127
91,0.020887396269720363,0.002344574262709174,0.001758430697031881,0.0167907455091983,0.18383406840103916,0.04037452614432516,0.0015243982020036997,0.0017330644393807443,1.5244344349159398e-138,1.5180916920269105e-139,2.007173740721592e-140,8.214635713415697e-141,7.187530870238466e-141,0.22746605718674875,1.8728307319356115e-139
92,0.020940249196534866,0.002332106223990451,0.0017490796679928387,0.01654404976603305,0.18232654070774756,0.04019638027028932,0.0015560425593226237,0.0017824260038620985,2.366838727839013e-151,2.352110285866528e-152,3.3158176155386805e-153,1.286498472044057e-153,1.202208167569043e-153,0.22586138954122162,2.932562711381706e-152
93,0.02081524349692363,0.002319712072487279,0.00173978405436546,0.016495966271481692,0.1806816738075995,0.040150298214359774,0.001510268477357164,0.001740635642519957,7.739475449789556e-165,8.23615350863558e-166,1.1652344873848853e-166,4.5128388851809736e-167,4.247827324783852e-167,0.2240828761418364,1.0277454617016947e-165
94,0.020876964459352474,0.002307391327752971,0.0017305434958147282,0.016243663464919286,0.1792115296872559,0.03995967442908588,0.0015446964715850472,0.0017938208245211985,4.841281763307264e-179,5.171054016972182e-180,7.804551590171013e-181,2.8624654009635474e-181,2.880549140828624e-181,0.222509721412448,6.525810630168501e-180
95,0.0207431946736944,0.002295143512730492,0.0017213576345478695,0.016208464585716925,0.17759374978078524,0.03990878373208696,0.0014959123777785691,0.0017480781139429503,6.367074957446901e-194,7.319697846351767e-195,1.10970705228768e-195,4.06185942981543e-196,4.1183487633923375e-196,0.22074652400459374,9.247425717960223e-195
96,0.02081264509059907,0.0022829681537267065,0.00171222611529503,0.01595131968000496,0.17616281271637899,0.03970425047010559,0.001532586818735967,0.0018042262339426488,1.59303977305281e-209,1.8464607584022496e-210,2.984321486159218e-211,1.034235499707905e-211,1.1211349853308908e-211,0.21920387623916315,2.360429955522051e-210
97,0.020671264646164277,0.0022708647803869066,0.0017031485852901803,0.015927203957099217,0.17457551523134543,0.03964552633195478,0.0014814223311815985,0.0017549724072796963,8.438004292266696e-226,1.0568178028033596e-226,1.7187731953761031e-227,5.939053206393152e-228,6.493323828898486e-228,0.2174574363017615,1.3530188926938863e-226
98,0.02074751538583416,0.0022588329256694696,0.0016941246942521024,0.015665923479844947,0.17318408835984545,0.039426906935831216,0.0015198923295406356,0.0018133847601657742,8.557530573469124e-243,1.0876238340797278e-243,1.8828422199534203e-244,6.162294162895879e-245,7.198631101609071e-245,0.21594427238538308,1.4095173087201194e-243
99,0.02059951677421059,0.002246872125820759,0.0016851540943655695,0.015651444165497463,0.17162890446762274,0.039358847369864974,0.0014668451700889196,0.0017610092904781994,1.873052533809368e-260,2.586567408981302e-261,4.51619313006881e-262,1.4718521952997186e-262,1.7366352586001865e-262,0.21421560629805483,3.3590354673781734e-261
100,0.02068179230918725,0.002234981920350234,0.0016762364402626757,0.015386703896110987,0.170276236353566,0.03912680110150604,0.0015067344744546646,0.0018211308264846893,8.052929420771064e-279,1.1395626279085109e-279,2.112592572517614e-280,6.528777002562135e-281,8.21867074667509e-281,0.21273090275601142,1.4982963626526443e-279
101,0.020528030540027137,0.0022231618520057125,0.0016673713890042847,0.015380684986930552,0.168753698752368,0.039048839710014785,0.0014522046153853134,0.0017659852299439075,7.791213343798587e-298,1.2071898327306773e-298,2.2629434718774056e-299,6.954133297070969e-300,8.855812035041595e-300,0.211020728307712,1.5915836332395436e-298
102,0.020615675328416266,0.0022114114667489207,0.0016585586000616907,0.015113120479396577,0.16743844200876565,0.03880447542923304,0.0014931989768112897,0.0018273746050670022,1.56819e-317,2.522793e-318,5.00296e-319,1.46095e-319,1.98e-319,0.20956349101987695,3.367186e-318
103,0.02045688812245926,0.002199730313731156,0.0016497977352983673,0.015114597728596859,0.1659483905236144,0.03871662632705148,0.0014375117932213244,0.0017697791473805671,0.0,5e-324,0.0,0.0,0.0,0.20787230779126775,5e-324
104,0.020549343204225357,0.0021881179452691913,0.0016410884589518936,0.014844797353272793,0.1646688942790834,0.03846126091793874,0.0014793486116728447,0.0018320844432349885,0.0,5e-324,0.0,0.0,0.0,0.20644158825192999,5e-324
105,0.020386168508066904,0.00217657391682136,0.00163243043761602,0.014852969408753176,0.16321076745650917,0.03836386852519209,0.0014227717434938162,0.0017723312351867239,0.0,5e-324,0.0,0.0,0.0,0.2047697389603818,5e-324
106,0.020482954146475222,0.002165097786963847,0.0016238233402228854,0.014581466393649404,0.16196529228160444,0.03809885485192124,0.001465231438177654,0.0018352693494459527,0.0,5e-324,0.0,0.0,0.0,0.2033646479211493,5e-324
107,0.02031594560826583,0.00215368911736713,0.001615266838025348,0.014595656287862848,0.16053832104035423,0.03799243109975604,0.0014079869221618677,0.0017736227433507443,0.0,5e-324,0.0,0.0,0.0,0.20171236180562288,5e-324
108,0.020416646799832586,0.002142347472772687,0.0016067606045795154,0.014322934457907853,0.15932511017628564,0.03771910363550505,0.0014508854795017244,0.0018369657593298523,0.0,5e-324,0.0,0.0,0.0,0.2003320650506223,5e-324
109,0.02024628606493178,0.0021310724209698158,0.0015983043157273623,0.014342564888680742,0.15792841665591087,0.037604244584955426,0.0013931591915186442,0.0017736657200538566,0.0,5e-324,0.0,0.0,0.0,0.19869948615243882,5e-324
110,0.020350541881518247,0.00211986353277268,0.0015898976495795102,0.014069058165221847,0.15674577397562742,0.037323861390253885,0.0014363421650411075,0.0018372284995539843,0.0,5e-324,0.0,0.0,0.0,0.19734320603047636,5e-324
111,0.020177249029377644,0.0021087203819975366,0.0015815402864981529,0.014093632107455338,0.1553784350165782,0.037201194995174165,0.0013782907131248418,0.0017724925555013822,0.0,5e-324,0.0,0.0,0.0,0.19573041328037857,5e-324
112,0.020284743885977546,0.0020976425454401113,0.0015732319090800838,0.01381972750567811,0.15422475882164502,0.03691491496542165,0.0014216283573662174,0.0018361240412722685,0.0,5e-324,0.0,0.0,0.0,0.19439742618570513,5e-324
113,0.020108886315329685,0.0020866296028532313,0.0015649722021399237,0.013848812144853352,0.1528858516946267,0.03678506425221904,0.0013633844700052346,0.0017701487666313923,0.0,5e-324,0.0,0.0,0.0,0.19280444918348238,5e-324
114,0.020219342566416533,0.0020756811369245605,0.0015567608526934203,0.013574856091971055,0.15175963303197687,0.03649395236965859,0.0014067675003321786,0.0018337255439838055,0.0,5e-324,0.0,0.0,0.0,0.19149407844595143,5e-324
115,0.020041242181605478,0.002064796733254553,0.0015485975499409147,0.013608072205603903,0.15044825382545257,0.03635752066157515,0.0013484444171042447,0.0017666895725552867,0.0,5e-324,0.0,0.0,0.0,0.18992090847668727,5e-324
116,0.020154414706684717,0.002053975980334583,0.0015404819852509375,0.013334371929054624,0.1493480962613907,0.03606253591294157,0.0013917808266502992,0.0018301102342265295,5e-324,5e-324,0.0,0.0,0.0,0.1886325232352091,5e-324
117,0.01997435400357193,0.0020432184695252167,0.0015324138521439128,0.013371385269433409,0.14806336964856018,0.035920099660130766,0.001333475379016774,0.0017621752441846674,5e-324,5e-324,0.0,0.0,0.0,0.18707911993189238,1e-323
118,0.020090025156677172,0.0020325237950347234,0.0015243928462760428,0.013098215210735432,0.1469879703414056,0.03562211318127665,0.0013766875083894036,0.001825356768601972,5e-324,5e-324,0.0,0.0,0.0,0.18581212779967363,1e-323
119,0.01990825261484171,0.0020218915538976947,0.0015164186654232712,0.013138727742219965,0.14572906713900685,0.03547420858059395,0.0013184829396356373,0.0017566692732397633,5e-324,5e-324,0.0,0.0,0.0,0.1842784279324762,1e-323
120,0.020026228538162914,0.002011321345953867,0.0015084910094654003,0.012866331515891989,0.14467722219643586,0.035174001944423626,0.0013615053134026578,0.0018195435283413196,5e-324,5e-324,0.0,0.0,0.0,0.18303227298260347,1e-323
121,0.019842962539356756,0.0020008127738271137,0.0015006095803703357,0.012910078856121937,0.14344334350728843,0.03502113772108898,0.0013034732503221227,0.001750236800880624,5e-324,5e-324,0.0,0.0,0.0,0.18151819127958016,1e-323
122,0.019963070116132166,0.0019903654429045737,0.0014927740821784302,0.012638671749346537,0.14241394464497337,0.03471940788440297,0.0013462507665275465,0.001812748067897417,5e-324,5e-324,0.0,0.0,0.0,0.1802923513638013,1e-323
123,0.019778503021764395,0.001979978961316011,0.0014849842209870082,0.012685416416733895,0.14120433529076173,0.03456205518014381,0.0012884531190357597,0.0017429433160151104,5e-324,5e-324,0.0,0.0,0.0,0.17879778690595638,1e-323
124,0.019900586876615993,0.0019696529399132754,0.0014772397049349563,0.012415190049894945,0.14019635217836138,0.034259430613051894,0.0013309391602798876,0.001805045813391785,5e-324,5e-324,0.0,0.0,0.0,0.17759176776508495,1e-323
125,0.01971488818253366,0.0019593869922499584,0.0014695402441874685,0.012464717861662322,0.1390102991524128,0.03409802492524063,0.0012734294520190443,0.001734853090809273,5e-324,5e-324,0.0,0.0,0.0,0.17611660662048176,1e-323
126,0.01983880857779916,0.0019491807345612135,0.0014618855509209098,0.012195842056679708,0.13802277684708422,0.03379506902998997,0.0013155848626416203,0.001796510099982921,5e-324,5e-324,0.0,0.0,0.0,0.17492994083969876,1e-323
127,0.019652127551389953,0.0019390337857437038,0.0014542753393077775,0.01224795961950568,0.13685960406541187,0.03363001473251193,0.0012584092587844503,0.001726029136309322,5e-324,5e-324,0.0,0.0,0.0,0.1734740571930176,1e-323
128,0.019777758532643644,0.001928945767335775,0.001446709325501831,0.011980584211964553,0.13589165844509915,0.033327231024626404,0.0013002010987136466,0.0017872109516419651,0.0,5e-324,0.0,0.0,0.0,0.17230630152008117,1e-323
129,0.019590226818596203,0.0019189163034977227,0.0014391872276232917,0.012035115928203062,0.13475072586890274,0.03315890219501563,0.0012433996731566043,0.0017165328548377796,0.0,5e-324,0.0,0.0,0.0,0.17086956059191277,1e-323
130,0.019717453896435283,0.0019089450209922474,0.0014317087657441854,0.011769376491919233,0.1338015181706995,0.032856754740442355,0.001284800714140154,0.0017772178173932063,0.0,5e-324,0.0,0.0,0.0,0.16972029144267523,1e-323
131,0.019529190146220295,0.001899031549165066,0.0014242736618737995,0.011826156632803207,0.13268223548012734,0.03268548693933036,0.0012284079030629989,0.0017064241324293585,0.0,5e-324,0.0,0.0,0.0,0.16830255445495007,1e-323
132,0.0196579031156387,0.0018891755199256482,0.0014168816399442359,0.011562206401562433,0.1317508168639031,0.032384516161413794,0.0012693998262162556,0.0017666153391594304,0.0,5e-324,0.0,0.0,0.0,0.1671713481906926,1e-323
133,0.019469039169322144,0.0018793765677281656,0.001409532425796124,0.01162102401860447,0.13065278326844323,0.032210515614242916,0.0012134440379804364,0.0016957700446609252,0.0,5e-324,0.0,0.0,0.0,0.16577251296532752,1e-323
134,0.019599130967494247,0.0018696343295525333,0.0014022257471643998,0.011359194664313158,0.12973708449398189,0.031912097558353544,0.0012540469726438413,0.0017556300969958653,0.0,5e-324,0.0,0.0,0.0,0.16465885912197514,1e-323
135,0.01940997533496288,0.0018599484448856294,0.0013949613336642218,0.011419391659246532,0.1286612997612493,0.031734633255083695,0.0011985329484515644,0.0016846768299420343,0.0,5e-324,0.0,0.0,0.0,0.16327914279472658,1e-323
136,0.019543337309391517,0.0018503185557026626,0.0013877389167769965,0.011157203052646577,0.12776432636221685,0.031436814890003544,0.0012386606406577906,0.001744710257541421,0.0,5e-324,0.0,0.0,0.0,0.1621845121504196,1e-323
137,0.01935907073809307,0.001840744306448689,0.0013805582298365166,0.011204855548201666,0.12676896879608865,0.03121250058532004,0.001181826993101355,0.001668458973263935,0.0,5e-324,0.0,0.0,0.0,0.16083175534777397,1e-323
138,0.01949758579051326,0.0018312253440202503,0.0013734190080151875,0.010937304535413212,0.12592258353203503,0.030889024215630504,0.0012195293061406675,0.0017261194696263462,0.0,5e-324,0.0,0.0,0.0,0.15975725652343256,1e-323
139,0.019319780760101164,0.0018217613177472127,0.0013663209883104093,0.01096731563731317,0.12503459719246138,0.03059682872336392,0.0011603049916998958,0.0016414073284660737,0.0,5e-324,0.0,0.0,0.0,0.15843313823599128,1e-323
140,0.019433243733412767,0.0018123518793746944,0.0013592639095310207,0.010725031656217143,0.1242652102641544,0.030214321681278047,0.0011918028575154161,0.001680313300974411,0.0,5e-324,0.0,0.0,0.0,0.1573516481039223,1e-323
141,0.01924797198287186,0.0018029966830451641,0.0013522475122838729,0.010791462431653437,0.12322682799208311,0.030044662731613526,0.001138229091698109,0.0016155186141728057,0.0,5e-324,0.0,0.0,0.0,0.15602523842956756,1e-323
142,0.019407738880279166,0.0017936953852806816,0.001345271538960511,0.010500794118231486,0.12240663369105184,0.029746546393206733,0.0011763097634428883,0.0016780499788077558,0.0,5e-324,0.0,0.0,0.0,0.15500753982650922,1e-323
143,0.01923418412765143,0.00178444764496525,0.0013383357337239373,0.0105257950373159,0.12157073383162728,0.02944330436844402,0.0011187789015291297,0.001591878367384914,0.0,5e-324,0.0,0.0,0.0,0.15372469546898535,1e-323
144,0.01933552424305091,0.0017752531233273662,0.0013314398424955243,0.010304910142347615,0.12082295001295594,0.029066167602355822,0.0011469981325882938,0.0016251673954272427,0.0,5e-324,0.0,0.0,0.0,0.1526612831433273,1e-323
145,0.01915252666572568,0.0017661114839226505,0.0013245836129419876,0.010377674301380486,0.11977487029522593,0.028931215645475107,0.001096711286764769,0.0015674347394773094,0.0,5e-324,0.0,0.0,0.0,0.1513702319669431,1e-323
146,0.019317519911493494,0.0017570223926166436,0.0013177667944624825,0.01008870486549829,0.11895759011252031,0.028663949350242565,0.0011341152947794962,0.0016321086499098635,0.0,5e-324,0.0,0.0,0.0,0.15038776340745225,1e-323
147,0.019148815633120313,0.0017479855175677396,0.0013109891381758044,0.010109382577750577,0.11816658706604717,0.028354042087262138,0.0010782341902394374,0.0015457490015396826,0.0,5e-324,0.0,0.0,0.0,0.14914461234508844,1e-323
148,0.019241393905600132,0.0017390005292102237,0.0013042503969076676,0.009905090167507,0.11744198338672286,0.0279820102468936,0.0011038129522588018,0.0015748332804807054,0.0,5e-324,0.0,0.0,0.0,0.14810263986635597,1e-323
149,0.019058852173133085,0.0017300671002375026,0.0012975503251781268,0.00998636469597825,0.11638551118160592,0.027878340914732805,0.0010571520145266247,0.001523749533433425,0.0,5e-324,0.0,0.0,0.0,0.14684475364429875,1e-323
150,0.019223021824733542,0.0017211849055854098,0.001290888679189057,0.009707793015252127,0.115547841698109,0.027658181711454642,0.0010949465087445706,0.0015911167820847215,0.0,5e-324,0.0,0.0,0.0,0.14589208670039291,1e-323
151,0.019048924476633877,0.001712353622415671,0.0012842652168117532,0.00974461395423508,0.11474366427013523,0.027379755418788218,0.0010426875915127015,0.0015098556930721572,0.0,5e-324,0.0,0.0,0.0,0.1446759629735083,5e-324
152,0.019151104488743256,0.0017035729300995007,0.0012776796975746253,0.00954284181490317,0.11399071426673098,0.027059677739548045,0.0010721192289844294,0.0015475232286836468,0.0,5e-324,0.0,0.0,0.0,0.1436700344639471,5e-324
153,0.018958434604231557,0.001694842510201297,0.0012711318826509725,0.009639479211904027,0.11296838999374416,0.026947421695218444,0.0010256198779315655,0.0014942940127587556,0.0,5e-324,0.0,0.0,0.0,0.14243572557965292,5e-324
154,0.019134751643216052,0.0016861620464625247,0.0012646215348468934,0.009352205287179494,0.1121710073512135,0.026725850484457622,0.0010624560457964186,0.0015628842042031915,0.0,5e-324,0.0,0.0,0.0,0.14152219808567074,5e-324
155,0.018963754482670632,0.0016775312247856683,0.001258148418589251,0.009383679196703005,0.11140500115386635,0.026449172977657982,0.0010112209100152155,0.001480258359725532,0.0,5e-324,0.0,0.0,0.0,0.1403456534012651,5e-324
156,0.019043464241789373,0.0016689497332183364,0.0012517122999137521,0.009232776058317061,0.1105284843824543,0.026240684673656547,0.0010462845167673663,0.0015284000474543634,0.0,5e-324,0.0,0.0,0.0,0.13934385362033258,5e-324
157,0.01885908601798476,0.0016604172619374958,0.0012453129464531218,0.009333989263730002,0.10945086784677693,0.026199260956879435,0.0010071182037544304,0.0014926884995892062,0.0,5e-324,0.0,0.0,0.0,0.13814993550700003,5e-324
158,0.019000405597095496,0.0016519335032337981,0.0012389501274253484,0.009092086244323064,0.10870195792226504,0.02594412390739751,0.001042776760819302,0.0015423774832278576,0.0,5e-324,0.0,0.0,0.0,0.1372312360737097,5e-324
159,0.018870474617630837,0.0016434981514960873,0.0012326236136220652,0.009071545127495018,0.10798787057002869,0.025679086508631047,0.000987318363951924,0.0014697545171367444,0.0,5e-324,0.0,0.0,0.0,0.13612402995974843,5e-324
