,Rs,Rj,Ra,Sj,Sa,Sb,Sga,Sgb,Cj,Ca,Cb,Cga,Cgb,Clupeid adult,Cod adult
0,0.17755409764147348,0.0032990362771501357,0.0027029280981071832,0.022394079441062396,0.174128694412027,0.05840333784309274,0.0013566463627232718,0.0052801038044911095,0.003077246820055979,0.004376463145241472,0.0024275556321933377,0.00010040581638878653,0.00035185224670140837,0.23916878242233414,0.007256276840525004
1,0.15480319392872322,0.0030350698354918494,0.0026803395862789285,0.02415175247889421,0.18557403655227758,0.0731063243025202,0.001681979210699532,0.007090678183353788,0.0053955207082352925,0.007174980825827447,0.0038141422460198594,0.00019195787396703872,0.0006455294266231752,0.26745301824885115,0.01182661037243752
2,0.11470846696281621,0.0030421614768497847,0.0027147066247432588,0.028219388538050196,0.22659194878812933,0.08381473333792135,0.0019409799971660223,0.007452517607124981,0.005540873999822722,0.00699585867330972,0.0035677198498582467,0.00020750014501418472,0.0006668432386920981,0.31980017973034164,0.01143792190687425
3,0.10023587420112988,0.00318788563589886,0.0027350266408934674,0.0297850725354459,0.2519626677241096,0.08050001369111522,0.0019654391910378815,0.006089515184651623,0.004216421506341416,0.005316516934398421,0.002585361916528015,0.00015737232538995144,0.0004752976663099295,0.34051763579091426,0.008534548842626317
4,0.0980534192389057,0.0032002964526811513,0.00273649636549504,0.03026712988742418,0.2575482903745739,0.07780330474734741,0.001926194472289416,0.005841089041771646,0.004080032561421043,0.005187413998374699,0.0024432419468949714,0.00015320123214282216,0.0004480519144372651,0.3431188786359823,0.008231909091849758
5,0.09718575616992281,0.0031591122603552763,0.002734394681834651,0.030066176593706508,0.2536460104556136,0.08196702678748899,0.0020083543922169967,0.006287170059535366,0.004471823960054435,0.005669901210390615,0.0025626460567285156,0.00016967026532799633,0.00047358598931748313,0.34390856169485495,0.00887580352176461
6,0.1021135403324771,0.0030383024076724406,0.002724083153553088,0.029764977664715402,0.23784878646336644,0.08770713717235092,0.002106266601105002,0.007908679642828157,0.005645024464752987,0.007120422790621917,0.003113410684815424,0.00021936116898381344,0.0005895751371268348,0.3355708698796505,0.011042769781547989
7,0.12968076539620824,0.0029284801140181797,0.002683695930474672,0.028242386606387473,0.20227909729515547,0.08411556573523471,0.0018845522544780253,0.008114119399614867,0.006252901009001129,0.008371667746737246,0.003561389335504995,0.00023481523190721002,0.0006220574028583722,0.2963933346844831,0.012789929717007823
8,0.1596346862848558,0.002964705209985404,0.0026827253134800396,0.026282317941541178,0.16472004233007043,0.07925821160595789,0.0017319688064020183,0.008773397129876424,0.006025366517060234,0.008230716345101051,0.003373173088403801,0.0002264884105510705,0.0005785830991380875,0.2544836198723068,0.012408960943194007
9,0.1479202700986239,0.0031476378983807114,0.0026984373807713334,0.027317795131071018,0.1966035368410978,0.06853673578906411,0.0015797718279740532,0.006468719277388195,0.004203547865859095,0.006093586640195861,0.002439018331657262,0.00015171728640046308,0.00038479482794788494,0.27318876373552414,0.009069117086201471
10,0.11412659519743275,0.0028909384279336707,0.0026924447277302,0.03065383345346177,0.2164814533751585,0.08750246842747808,0.001952291374955333,0.008502546844919487,0.0066442348449906406,0.008908962683772292,0.003377972263954519,0.00025638211720509593,0.0006035448428663425,0.3144387600225114,0.013146861907798247
11,0.14813262079581085,0.002981812119165672,0.0026876304912305596,0.02812410512707219,0.18137608474958042,0.07737903537138197,0.0016950991401725464,0.008528485765861522,0.005800850406808073,0.008134064490949812,0.0030106933710921137,0.0002205793552141564,0.0005075363221002963,0.26897870502699645,0.011872873539356378
12,0.14588232905665077,0.0028594902026755076,0.0026827839843850333,0.028190479568069464,0.1708221249843917,0.08748475116306006,0.0019306720174475727,0.009679897466516322,0.00685706725165848,0.009411274523026623,0.003334840201805234,0.0002648644843780904,0.0005808525895750039,0.2699174456314157,0.013591831798784952
13,0.13432237934393232,0.0028353292927473825,0.0026837944573520644,0.030025224182045656,0.18225621106099524,0.08984051035502388,0.0019415827437031243,0.009727948298440906,0.007072081682364269,0.009737595665400145,0.0033182805351342957,0.00027568670065364256,0.0005811280130483577,0.28376625245816317,0.013912690914236442
14,0.14148415201216988,0.0028157575328166227,0.0026841751428404283,0.02920500015964337,0.16996432757917265,0.09104004002366736,0.00200616867734035,0.010570251853547385,0.007226980514029104,0.0100195846037542,0.003289604248949531,0.0002837706973631557,0.0005784450817297673,0.27358078813372777,0.014171404631796652
15,0.13344966099806427,0.002751817261076486,0.0026839666088241485,0.03041695310118189,0.17542137272420275,0.09439898414411303,0.00210306455392888,0.010654571733840155,0.007745332810202202,0.010735053808230527,0.0033689340954881075,0.000308719565657404,0.0006047263472372653,0.2825779931560848,0.015017433816613303
16,0.1687430385683838,0.002683696061069547,0.0026563454651244785,0.028225706305264057,0.13401720186859134,0.08611537461623037,0.0018725006222860907,0.011359369758973968,0.007997709407459292,0.011731815032470491,0.003478683011252797,0.00031139215043179947,0.0006038877452110928,0.2333644468660818,0.01612577793936618
17,0.16293827093440819,0.0025102036655381965,0.0026484445331052793,0.028637293116146642,0.1289674032536494,0.09493017838353517,0.0020075713279216517,0.013394221384015652,0.009717505702204223,0.013810496225447355,0.0038572749683482735,0.0003855169606707602,0.0007062152449405442,0.23929937434912188,0.018759503399406935
18,0.1646272015596125,0.002497047997081344,0.00265371831760508,0.028903008268990216,0.12304307190507242,0.09609235094828553,0.0020792780097007952,0.014173513437388652,0.009753645788684755,0.013867842955849806,0.003646865550881058,0.0003933016128214719,0.0006792779108694797,0.23538821430044743,0.018587288030421815
19,0.1385562633679911,0.0025106374622548013,0.0026764792247068584,0.032537320258695816,0.14308290836053644,0.10661772443600996,0.002333323364603966,0.01443471619412557,0.009980886168484429,0.013848751578398377,0.0034372054928840986,0.0004206604991748666,0.0006649002289698075,0.26646867235527594,0.018371517799427153
20,0.15399789659153737,0.0023870943528808888,0.0026601805084215586,0.03141844524407294,0.12365255950028843,0.10343198674177785,0.0021555571966892385,0.015414624926923777,0.010927470022019475,0.01511129709179224,0.0035747357700910494,0.00045584694577031616,0.000687967328269335,0.24465472836567934,0.019829847135922937
21,0.14996135539435232,0.002316856674574659,0.0026621025964919235,0.03213914352186901,0.1205704119276677,0.10874678435415065,0.0022714246520628397,0.016634438738510626,0.011751910679111703,0.015848301176041982,0.003569992369359585,0.000489864022018006,0.0006944007540162352,0.24822305967239178,0.02060255832143581
22,0.14716946137398423,0.002253558260172694,0.002662690667951497,0.032889031566056805,0.11579788332401858,0.11389641850486275,0.0023647034339959565,0.018032784068160092,0.0125726856157854,0.016634221471349055,0.0035888448805211286,0.000524078568995788,0.0007033260770970107,0.2500917893310374,0.02145047099796298
23,0.15776841474440717,0.0022166780264870397,0.0026605006862991604,0.03161938426354684,0.10606242984011992,0.10983948468637522,0.002280997766415056,0.018144438477223992,0.012682250656408402,0.016507676932608194,0.0033749902551166353,0.0005160435543693685,0.0006572971109835737,0.23632735077013417,0.021056007853077773
24,0.14879189616083865,0.0021237063150124995,0.0026591027312208677,0.033060284689012745,0.10386812748248324,0.1190029561657321,0.0024059657213231253,0.020520196175817886,0.014148370644288666,0.018033828094501773,0.0035772201858432634,0.0005797202345899999,0.0007049161134215933,0.24579724554535634,0.02289568462835663
25,0.14263170409366413,0.0020975546232662595,0.0026624672573933735,0.03376606791611447,0.10560477078099303,0.12332208859981963,0.0025266519415611836,0.0214181006929916,0.014645326365310322,0.018433955837258334,0.0034863747793329415,0.0005998143195238085,0.0006897739983818961,0.2528716120153654,0.02320991893449698
26,0.14728425030882367,0.002053427064671367,0.002658338741526736,0.03354709689741818,0.09787714436984409,0.1234512323496819,0.0024764998953771215,0.02235527511055086,0.01513456312245951,0.018883156722519716,0.0034215439278717946,0.0006135955718577937,0.0006751919222801112,0.246160151725454,0.023593488144529415
27,0.15509317810475617,0.0020519957823866798,0.0026589082595778295,0.033039754190970626,0.0906821689168963,0.11963279791952779,0.002405476324403447,0.02266801828321814,0.015009091882279713,0.01847579038156746,0.003177872562949656,0.0005964357681103784,0.0006238213608071004,0.23538846144404568,0.022873920073434594
28,0.14091464991759237,0.002031762902675792,0.002664600199637832,0.03519292477795836,0.09595744644353407,0.1284812751856349,0.0025767355452510866,0.02420515575580281,0.0158388532422683,0.01917068910365672,0.0031374155979277656,0.0006303846679789545,0.0006204796825230681,0.25122061293022285,0.023558969052086508
29,0.1450004411481395,0.002001793006409204,0.002662452864439918,0.03486556885105925,0.09020870069337877,0.12781738235261517,0.0025535444179021604,0.024975911007491716,0.016177192375819653,0.01937873225744713,0.003022716897052935,0.0006358845319504582,0.0005960439644966703,0.24555553847138778,0.023633377650947193
30,0.14595624792670484,0.001961789497980205,0.002660649435845324,0.03485968785726698,0.0856617916680249,0.12945360276884438,0.0025613168510560318,0.026279222889546427,0.01679706833327096,0.01981239495988237,0.0029539020599722403,0.0006513547644190472,0.0005821307698604274,0.24395593417747174,0.023999782554134083
31,0.13866310906914384,0.001953794632545956,0.002664279437584143,0.03610739161848735,0.08735868679763174,0.1343535602896001,0.002655509876017298,0.02746192737371037,0.0172850398667509,0.02003594600046418,0.0028341465694093405,0.000662739766235876,0.0005593706993604913,0.2518296843369595,0.024092203035469884
32,0.13930767941867234,0.0019395218319985536,0.0026653765482916535,0.0361131067575973,0.08487313880591348,0.13503172895816964,0.0026547511036090357,0.028353584927189184,0.017534131850561293,0.01998932047726368,0.002700222515102555,0.0006612154613517923,0.0005322466768757347,0.25091320379488136,0.023883005130593764
33,0.13556688831653096,0.0019181935020443257,0.002666077901772542,0.03660373097605162,0.0848938017585479,0.13844553651874678,0.002692447502096032,0.029389130813181195,0.018030175948378496,0.020324064769489922,0.0026238012771880974,0.0006748653457434044,0.0005175102710070292,0.2554209165925719,0.024140241663428447
34,0.1351855226832514,0.0018946277989848905,0.002665270871350421,0.03661077488003674,0.08334311446980648,0.1399205698087309,0.0026816949447804194,0.03014560377606256,0.018413681864970697,0.020597050059523486,0.0025495913294394466,0.0006847392083952613,0.0005025824114427064,0.2560909829993804,0.0243339630088009
35,0.13208000494346464,0.001893263171946626,0.0026675038054046396,0.037126151831493336,0.08419649241345538,0.1420015513963364,0.0027156821425811336,0.030672535981047896,0.018588723716576633,0.020581144349679805,0.002431820219861289,0.0006851825001426042,0.00047910136663608744,0.25958626193342077,0.024177248436319788
36,0.12837330241142486,0.0018907083407377918,0.0026688002201494957,0.03763696817405198,0.08565359498199974,0.14459024443693852,0.0027500400720991427,0.031037415114269933,0.01877925900469248,0.020700572043703673,0.002338613047382622,0.0006902054467697162,0.0004605380972408457,0.26403129460530733,0.024189928635096853
37,0.12465158691421226,0.0018903828465100239,0.002670350370268439,0.038156896382151376,0.08726054458474262,0.147096282397864,0.0027851852408725397,0.03133422179308846,0.018936535843623304,0.02076884805894349,0.0022422748634357333,0.0006933238527088973,0.00044130641990822156,0.2684762340165676,0.02414575319499634
38,0.12103635631157424,0.0018902844831017638,0.002671961246459588,0.03865734096257685,0.08885685945410716,0.14954101290826205,0.002818435404751944,0.031597218744232554,0.019084615447357803,0.020811823315384295,0.0021467306144999855,0.000695457910570139,0.0004222109356135858,0.2728135265113537,0.024076222776068006
39,0.11751565907584319,0.001890481912318819,0.002673645518493819,0.039140610034209405,0.09045252258557739,0.15192666783247882,0.0028499755425924513,0.0318255610803495,0.019222984535229894,0.020828287721558852,0.0020519991511381594,0.0006965722945034299,0.0004032629051977843,0.27705472704099815,0.023980122072398226
40,0.11409798737206901,0.0018909692535304023,0.002675399017090875,0.0396053664545163,0.09204500846977932,0.1542471538451132,0.002879686263130491,0.03201799701800266,0.019351262647077306,0.020818103268350277,0.0019582828166648998,0.0006966624811289555,0.0003845077904450446,0.2811898455960257,0.02385755635658918
41,0.11079213916513804,0.0018917393548956959,0.002677216462833454,0.04005028976022962,0.09363110596771673,0.15649609310145873,0.0029074538230403927,0.032173669161854934,0.019469102759693296,0.020781386759124606,0.0018658010283209752,0.0006957334364236017,0.0003659939950698419,0.2852083220540708,0.023708915218939024
42,0.10760554379963042,0.0018927834327227807,0.00267909182509115,0.04047431152718326,0.09520768355423284,0.1586678632906012,0.002933190392044336,0.032292246259396,0.01957626816360944,0.020718586094487783,0.0017747895718455908,0.0006938028361826699,0.0003477728424308851,0.2891009834962744,0.023534951344946927
43,0.10454383775099357,0.0018940901108443406,0.002681018360100553,0.04087665993318105,0.09677185679688077,0.16075794968276638,0.0029568382608986233,0.03237395523982895,0.01967266263764002,0.02063050393925418,0.0016854955667445785,0.0006909019427344084,0.00032989753155139394,0.2928605999803747,0.02333679898028456
44,0.10161078552142695,0.0018956454373579342,0.0026829887411213608,0.04125686473320205,0.09832103875634876,0.16276304237905742,0.002978370365901148,0.03241956360864897,0.019758332269291124,0.02051827561525903,0.0015981685305834596,0.0006870747195496698,0.00031242128553865377,0.2964820151099563,0.023115940150930814
45,0.09880830378062086,0.0018974333261693483,0.002684995255451647,0.041614750213165165,0.09985297954173408,0.16468104776716982,0.0029977894658187432,0.032430331284449526,0.019833456127797456,0.02038332418573879,0.001513050622772634,0.0006823760942266919,0.0002953953489015066,0.29996214805917215,0.022874146251639624
46,0.09613656936471339,0.0018994361245776236,0.002687030021156106,0.04195041573989739,0.10136579149298278,0.1665110396946383,0.0030151259964715186,0.032407939936567036,0.01989833067667965,0.020227302801501902,0.0014303675571448553,0.0006768697448492266,0.0002788671394209634,0.30329989712065963,0.02261340724291695
47,0.09359419942697102,0.0019016352094716272,0.002689085198010736,0.04226420540669749,0.10285795527170002,0.16825315997162096,0.0030304347876797338,0.03235440776611507,0.019953350079953164,0.020052030679076578,0.0013503209671557295,0.0006706256485328018,0.00026287871324728494,0.3064959577971158,0.022335856008012394
48,0.09117848120093139,0.001904011560675682,0.0026911531765545036,0.04255667037056462,0.10432830839271837,0.1699084823519987,0.0030437910181325186,0.032271998086187324,0.019998984441333238,0.019859428406018623,0.0012730826829286438,0.0006637176080396528,0.000247465634472172,0.3095525798490369,0.022043694331459095
49,0.08888562646630467,0.001906546273686581,0.0026932267346303227,0.042828527790870714,0.10577601998787993,0.1714788559272046,0.003055285816734693,0.03216312932678097,0.020035757887137053,0.019651457377861503,0.0011987911047063114,0.0006562209387590879,0.00023265628327835477,0.3124732910586002,0.021739125704605258
50,0.08671102831503467,0.001909220987361089,0.002695299156059479,0.04308061982888146,0.10720055622586226,0.1729667427170352,0.003065021875609201,0.03203029246826179,0.020064228037065916,0.019430066827287328,0.0011275496126634203,0.0006482104471895915,0.000218471586317911,0.31526261328676847,0.021424298473458253
51,0.0846495027311449,0.0019120182154697381,0.0026973643108194863,0.04331387536465418,0.10860164066597536,0.1743750613952171,0.0030731093584207185,0.03187597988081659,0.020084967924248638,0.01919715042352984,0.0010594267688310108,0.0006397587756737112,0.0002049251154584986,0.31792579130042975,0.02110126108349306
52,0.08269550327988746,0.0019149215822876187,0.002699416699701857,0.04352927616997876,0.10997921319091433,0.17570704552061303,0.003079662292515309,0.031702627553849914,0.020098550939212388,0.01895451307649581,0.0009944579572714603,0.0006309351370908685,0.00019202347920457838,0.3204685485578926,0.020771929650062717
53,0.08084330269293238,0.0019179159705491442,0.0027014514686955825,0.0437278284216319,0.11133339028791296,0.17696612112351023,0.0030847955430960542,0.03151257103462151,0.020105538957248432,0.01870384753976888,0.0009326480692605336,0.0006218044237186506,0.00017976692385544919,0.32289687798914074,0.020438066956603516
54,0.07908713961697639,0.0019209875949599017,0.0027034643993684823,0.04391053975471763,0.11266442855033437,0.17815580551939517,0.0030886223938458627,0.03130801419184717,0.02010647350291499,0.018446719724263313,0.0008739748553209182,0.0006124266485881583,0.00016815006540333574,0.3252168706554226,0.020101271293575727
55,0.07742133201776814,0.0019241240162830321,0.00270545188156689,0.044078401567051506,0.11397269246718417,0.1792796270145667,0.003091252705374387,0.03109100918961694,0.02010186961446275,0.01818456128242408,0.0008183926158097737,0.0006028566643335822,0.00015716268414864878,0.32743458137674225,0.019762973246716085
56,0.0758403607386446,0.0019273141107863103,0.002707410874169155,0.04423237598872096,0.11525862690942189,0.18034106373567765,0.0030927915899387638,0.03086344573150166,0.020092211976597232,0.017918667928117613,0.0007658359680996008,0.0005931441009751834,0.00014679052820633305,0.32955592796653993,0.01942443852539873
57,0.07433892766778584,0.0019305480085198454,0.0027093388587190728,0.044373386803741977,0.11652273426830946,0.1813434990456225,0.0030933385248959784,0.03062704759633316,0.02007795286822896,0.017650202037709072,0.0007162234974049355,0.0005833334671555814,0.00013701608665266503,0.33158661943516116,0.019086775088922255
58,0.07291199317600698,0.0019338170117608675,0.0027112337897404514,0.04450231359185833,0.11776555593160465,0.18229019074047195,0.0030929868237382988,0.030383374629859117,0.020059511499790246,0.017380198259734643,0.0006694611612939148,0.0005734643662833378,0.0001278193062462823,0.3335321081256741,0.018750943093558178
59,0.07155479725608102,0.0019371135024150942,0.0027130940445447027,0.04461998839589895,0.11898765761758798,0.18318425129080496,0.00309182338784003,0.03013382860691806,0.020037274369015888,0.017109571083617235,0.0006254453703771503,0.0005635717875383688,0.00011917823655563676,0.3353975609031511,0.01841776647808839
60,0.07026286830321278,0.0019404308449205146,0.0027149183744924546,0.044727194299743554,0.12018961800039583,0.18402863665389266,0.0030899286707214025,0.029879661670198798,0.02001159632676074,0.01683912354157919,0.0005840657082295406,0.0005536864402186702,0.00011106959669139149,0.3371878449952087,0.01808794528671879
61,0.06903202284380411,0.0019437632894715767,0.0027167058589874257,0.04482466540929162,0.12137202006217877,0.184826141535078,0.0030873767971793015,0.029621986328932176,0.019982802106667138,0.01656955642165712,0.0005452072829961571,0.0005438351076667918,0.00010346926285431901,0.3389075247233682,0.01776206807517439
62,0.06785835887237465,0.0019471058789382839,0.002718455862950142,0.044913087833978196,0.1225354446668586,0.18557939934881004,0.0030842357903458476,0.029361786242435493,0.01995118813022523,0.01630147754405729,0.0005087527230645523,0.0005340410036529596,9.635267994111426e-05,0.34056086604845,0.017440623950715918
63,0.06673824488465038,0.0019504543615334977,0.00272016799812234,0.04499310135156019,0.12368046591675018,0.1862908854831973,0.003080567869668911,0.029099927220529655,0.01991702444858308,0.016035410793988594,0.0004745838415960399,0.0005243241194645584,8.969520291948218e-05,0.34215184649014607,0.017124013957968674
64,0.0656683062144149,0.001953805110251753,0.002721842088276204,0.0450653015082337,0.12480764790933875,0.18696292278592933,0.0030764297914924453,0.028837168045940942,0.01988055672237328,0.015771804712405784,0.0004425830014610296,0.0005147015540884629,8.347237498474512e-05,0.34368416853270145,0.01681256164294002
65,0.06464540987556204,0.0019571550494887793,0.0027234781382243756,0.04513024196776039,0.1259175425669294,0.18759768845387448,0.0030718732111332837,0.028574170859175706,0.019842008171366186,0.015511040526471735,0.00041263421486268677,0.0005051878229449681,7.766014998828686e-05,0.3451612750911129,0.016506522714267675
66,0.06366664877590757,0.001960501588882174,0.0027250763064187106,0.04518843697698298,0.1270106882729141,0.18819722172186565,0.003066945051102348,0.028311510945021965,0.019801581448875834,0.015253439559836079,0.0003846240119959965,0.0004957951428595257,7.223506656247995e-05,0.3465863659909041,0.01620609378125408
67,0.06272932590604446,0.0019638425641767686,0.0027266368808647416,0.04524036385671037,0.12808760910761208,0.18876343191304265,0.0030616878645946433,0.028049685829663273,0.01975946041323739,0.014999270003933422,0.00035844211147665435,0.00048653369253047756,6.717438096536435e-05,0.3479624147149127,0.01591142018890592
68,0.06183093891015197,0.0019671761847186208,0.002728160258049783,0.04528646545599513,0.12914881452637494,0.18929810654250992,0.0030561401868688,0.02778912364800016,0.019715811781512473,0.014748753059412574,0.0003339819227057136,0.0004774118488214045,6.245616507991178e-05,0.34929218490375386,0.0156226029960196
69,0.060969165300356225,0.001970500987081569,0.0027296469245767403,0.045327152527269154,0.13019479935678485,0.18980291926354861,0.0030503368697635275,0.027530190776671196,0.019670786659367456,0.014502068474258369,0.0003111409072839749,0.0004684363998797981,5.80593753242548e-05,0.3505782462667682,0.015339705156746396
70,0.060141848480750375,0.001973815794223887,0.0027310974412052148,0.045362805994521006,0.13122604402003796,0.19027943751956386,0.003044309396571137,0.02727319875356974,0.019624521947102926,0.014259359515686512,0.0002898208234188018,0.0004596127364915536,5.396389753460614e-05,0.3518229896897427,0.015062756973131475
71,0.05934698467030638,0.0019771196795996633,0.0027325124290209887,0.0453937790981163,0.13224301490343904,0.19072912981815318,0.003038086175873289,0.027018410520091653,0.019577141625537985,0.014020737418137197,0.00026992787415847146,0.0004509450232859122,5.015057220863531e-05,0.3530286414175572,0.014791760887790216
72,0.05858271076241692,0.001980411935652523,0.0027338925574785697,0.045420399408670785,0.13324616482889926,0.19115337258132592,0.003031692813895181,0.026766046030509912,0.019528757927710715,0.01378628535158342,0.0002513727773813866,0.00044243635148085347,4.660120387071474e-05,0.35419727625463027,0.014526695684316375
73,0.05784729308438997,0.001983692046293408,0.0027352385340868,0.04544297070871545,0.1342359335785996,0.19155345655612172,0.003025152365892185,0.026516287279106758,0.019479472403673766,0.01355606195415739,0.00023407077282709004,0.0004340888748534619,4.329855775463119e-05,0.3553308297797202,0.014267520159592572
74,0.05713911705482632,0.0019869596628660042,0.0027365510955305143,0.04546177474465912,0.135212748450603,0.19193059278171476,0.0030184855670631543,0.026269282792431937,0.019429376886258932,0.013330104471449417,0.00021794157910086566,0.00042590393055827176,4.022634649689149e-05,0.3564311095918129,0.014014176327605444
75,0.056456677694921936,0.001990214583156953,0.0027378310000456384,0.04547707285382916,0.136177024826257,0.1922859181237847,0.0030117110439963537,0.026025151635120192,0.01937855436588091,0.013108431542339483,0.00020290931151696254,0.00041788214632364554,3.736920909450022e-05,0.35749980562915823,0.01376659220927459
76,0.05579857094201613,0.0019934567330792473,0.002739079020886542,0.045489107472484726,0.13712916673717196,0.19262050039391002,0.0030048455077614253,0.025783986975233045,0.019327079782220074,0.012891045668248929,0.0001889023698499942,0.00041002353544337885,3.4712684000834876e-05,0.3585384996140764,0.013524684257543136
77,0.05516348569029815,0.001996686150726148,0.0027402959407444756,0.0454981035314129,0.13806956742400858,0.19293534307887492,0.0029979039300828065,0.025545859254221957,0.019275020740290763,0.012677935399562915,0.00017585330352075046,0.0004023275808622539,3.2243177907444123e-05,0.35954867368718824,0.013288359461853362
78,0.054550196497713886,0.001999902972586885,0.002741482546992711,0.04550426974602169,0.13899860988286825,0.19323138970524564,0.002990899703892275,0.025310819002258147,0.019222438157838907,0.012469077269843386,0.0001636986604240997,0.00039479330953466044,2.994793148212553e-05,0.3605317182942643,0.013057517171284273
79,0.053957556938076405,0.002003107421531617,0.002742639627649914,0.04550779980787045,0.13991666739724998,0.19350952786089962,0.0029838447892466835,0.025078899333693346,0.019169386850509573,0.01226443750541061,0.0001523788244869391,0.0003874193581195838,2.781498309876592e-05,0.3614889393810896,0.012832050671115897
80,0.053384493532936665,0.002006299796359784,0.0027437679679683043,0.04550887348460803,0.14082410405535278,0.19377059289984158,0.0029767498458654466,0.024850118157028502,0.019115916060645072,0.012063973535085341,0.00014183784609964135,0.00038020403096803053,2.583313139694264e-05,0.36242156495808836,0.012611848543549957
81,0.05283000018557078,0.002009480462787592,0.0027448683475650563,0.04550765763505733,0.1417212752539107,0.19401537135736371,0.0029696243536861634,0.02462448013181852,0.019062069935065196,0.01186763532225274,0.0001320232687694435,0.00037314535125865364,2.3991897343624683e-05,0.36333075109677904,0.012396795839624462
82,0.05229313308060622,0.0020126498457424657,0.002745941538024714,0.04550430714574558,0.14260852819141956,0.19424460409678476,0.00296247672241694,0.024401978399080117,0.019007887956584417,0.011675366539018532,0.00012288595467846558,0.0003662411060452199,2.2281486331071093e-05,0.3642175874097014,0.01218677508607329
83,0.051773006031937706,0.002015808422708425,0.0027469883009103376,0.04549896579477947,0.1434862023527957,0.1944589892061089,0.0029553143908435603,0.02418259610794071,0.01895340533363774,0.011487105600092662,0.00011437991127389023,0.00035948888589759913,2.0692750730176867e-05,0.3650831020576889,0.011981667147994327
84,0.05126878622199606,0.0020189567180294585,0.0027480093861299627,0.045491767048564564,0.1443546299893116,0.19465918466540533,0.0029481439169446095,0.023966307761566597,0.018898653351865944,0.011302786572071394,0.00010646212055593649,0.0003528861197422253,1.9217153223375586e-05,0.3659282663332281,0.011781351965592931
85,0.05077969028562538,0.0020220952980867356,0.0027490055306113544,0.045482834796449656,0.14521413659679636,0.19484581080386093,0.002940971059773465,0.023753080402846627,0.018843659691164357,0.011122339972054111,9.909237234682103e-05,0.00034643010544141455,1.784673116276445e-05,0.36675399886327736,0.011585709181005112
86,0.050304980704778894,0.0020252247673076887,0.002749977457243823,0.04547228402794585,0.14606504139648788,0.19501945256215414,0.0029338008538882868,0.0235428746572799,0.018788448711242255,0.010945693467959356,9.223310250825818e-05,0.0003401180365901473,1.657406213470092e-05,0.36756116946981027,0.011394618669192462
87,0.04984396250693307,0.0020283457648352316,0.0027509258740510156,0.04546022145676449,0.1469076578215721,0.19518066157215613,0.0029266376768276505,0.02333564564700016,0.018733041708494498,0.010772772491533335,8.584923681590175e-05,0.00033394702595613364,1.5392230859513402e-05,0.3683506027175561,0.011207960985164883
88,0.049395980227747396,0.0020314589618184793,0.0027518514735642807,0.04544674609561291,0.14774229401388142,0.195329958067798,0.0029194853103932028,0.023131343790591608,0.01867745714660867,0.010603500773792424,7.990804098699092e-05,0.00032791412594047024,1.429479751218337e-05,0.36912308118266424,0.011025617738232069
89,0.04896041511296507,0.002034565059261003,0.002752754932369408,0.04543194978533475,0.14856925333439908,0.19546783263862466,0.002912346996324576,0.02292991550092183,0.018621710863091365,0.01043780081155097,7.437897718513566e-05,0.0003220163463942161,1.3275767515334297e-05,0.36987934847027015,0.010847471902645655
90,0.048536682525661935,0.002037664786428472,0.0027536369108035526,0.04541591768168538,0.14938883489215762,0.19559474783719857,0.0029052254870405884,0.022731303792803307,0.018565816253629693,0.010275594272697395,6.923356718680507e-05,0.00031625067008821036,1.2329562828174112e-05,0.3706201120092001,0.010673408072800584
91,0.04812422955366777,0.0020407588997456206,0.0027544980527812973,0.04539872870270599,0.15020133409559502,0.1957111396474539,0.0028981230917686993,0.022535448808834787,0.018509784435965654,0.01011680234703462,6.444526228242376e-05,0.0003106140661002072,1.1450994733064479e-05,0.3713460456436524,0.010503312670150314
92,0.047722532800275975,0.0020438481821244943,0.002755338985732341,0.04538045593938758,0.15100704323094918,0.19581741882158848,0.002891041718512353,0.022342288271868422,0.018453624394769438,0.009961346048703301,5.99893198960958e-05,0.0003051035013532671,1.0635238104104407e-05,0.37205779204291844,0.01033707410805677
93,0.04733109633589529,0.002046933442726,0.002756160320635549,0.04536116703210158,0.15180625207253537,0.19591397209238107,0.0028839829123006996,0.022151757871892146,0.0183973431087962,0.009809146475546506,5.584268683830475e-05,0.0002997159505132546,9.877807128757663e-06,0.3727559649491093,0.010174582920026824
94,0.04694944979794939,0.0020500155171169947,0.0027569626521358743,0.0453409245149986,0.15259924852980114,0.19600116326654032,0.002876947890073301,0.021963791593752835,0.018340945661423358,0.009660125030144748,5.198388905186945e-05,0.0002944484044293725,9.174532443375011e-06,0.37344115128016764,0.010015731856069365
95,0.046577146616653936,0.00205309526784844,0.0027577465587327824,0.04531978613039388,0.153386319336496,0.19607933420454257,0.0028699375726192913,0.021778321992124334,0.01828443533552529,0.009514203606720777,4.8392927670486164e-05,0.0002892978772811942,8.521539635938762e-06,0.3741139131057822,0.009860415951308396
96,0.04621376236303456,0.002056173585430227,0.0027585126030299275,0.045297805114906504,0.15416775078807624,0.19614880568953127,0.0028629526137846787,0.021595280418010655,0.0182278136934348,0.009371304747618889,4.505118117877706e-05,0.0002842614125763965,7.915229063958564e-06,0.3747747895094029,0.009708532570438022
97,0.045858893209098736,0.002059251389684929,0.002759261332037457,0.045275030458983366,0.1549438295324606,0.19620987818866642,0.002855993427194409,0.021414597201096865,0.018171080642666752,0.009231351772651995,4.1941313441294957e-05,0.000279336088127828,7.352256931831175e-06,0.3754242983494183,0.009559981431152947
98,0.045512154487903446,0.0020623296314921974,0.0027599932775197542,0.045251507141221115,0.15571484342124461,0.19626283250895754,0.002849060210753661,0.02123620179178088,0.018114234487871906,0.00909426888420519,3.904718735331207e-05,0.00027451902012279235,6.829517569727349e-06,0.3760629379327367,0.009414664609251024
99,0.04517317934154579,0.002065409294945836,0.002760708956382325,0.04522727633877644,0.15648108242795866,0.19630793034959196,0.002842152969156532,0.02106002286629259,0.018057271969390477,0.008959981250656167,3.63537838576026e-05,0.00026980736638496984,6.344126854992842e-06,0.3766911886129997,0.009272486527753733
100,0.04484161745110755,0.002068491399921006,0.0027614088710923917,0.04520237561498728,0.15724283964037,0.19634541475170492,0.002835271534560581,0.020885988397431336,0.01800018828863465,0.008828415070365551,3.3847126067318744e-05,0.0002651983289175404,5.893406716854261e-06,0.37730951432406684,0.009133353932067266
101,0.044517133833989725,0.0020715770051059896,0.0027620935101288933,0.04517683908520839,0.15800041233473805,0.1963755104465665,0.002828415585644964,0.020714025693682817,0.01794297712040149,0.008699497618214378,3.151420823467301e-05,0.0002606891558057135,5.4748706657390884e-06,0.37791836406063234,0.008997175852920503
102,0.044199407707823844,0.0020746672115028704,0.0027627633484578816,0.04515069756171914,0.15875410313993066,0.19639842410165703,0.0028215846650984375,0.02054406140802703,0.017885630612069683,0.008573157276429044,2.9342929307665832e-05,0.00025627714254748685,5.0862102895881255e-06,0.37851817331471316,0.008863863558573784
103,0.04388813141300265,0.0020777631664318052,0.0027634188480303336,0.04512397867847374,0.15950422129950523,0.19641434446470518,0.0028147781956379286,0.0203760215180194,0.017828139369536325,0.008449323551209729,2.73220308219053e-05,0.0002519596328734225,4.7252826610301815e-06,0.3791093654778677,0.008733330497566088
104,0.04358300938556077,0.00208086606808529,0.0027640604582998907,0.04509670699636104,0.1602510840404496,0.1964234424055264,0.002807995494625503,0.02020983127838049,0.01777049242958284,0.008327927076490618,2.5441038881083736e-05,0.0002477340191086747,4.390098601089575e-06,0.37969235321898204,0.008605492233081465
105,0.04328375717423521,0.0020839771706850706,0.0027646886167585188,0.04506890408957894,0.16099501805739025,0.19642587085518767,0.002801235787292006,0.020045415146889168,0.017712677218243402,0.008208899605988054,2.369020998752748e-05,0.00024359774212422993,4.078811747129159e-06,0.3802675398467591,0.00848026636984694
106,0.042990100494921316,0.00208709779030119,0.002765303749488607,0.045040588613621854,0.16173636112147718,0.19642176464224897,0.0027944982185445035,0.019882696684061094,0.01765467949457355,0.008092173994522441,2.2060480492951663e-05,0.00023954829091795026,3.78970837490577e-06,0.38083532066633174,0.00835757247430825
107,0.04270177431777314,0.002090229311399116,0.0027659062717303967,0.04501177635535956,0.16247546382290864,0.19641124022604986,0.002787781863268452,0.01972159842671545,0.01759648327907806,0.007977684169471077,2.0543419448994577e-05,0.00023558320186115305,3.521197926899717e-06,0.3813960843389424,0.008237331988708123
108,0.042418521976065535,0.0020933731942164107,0.002766496588464151,0.04498248026562229,0.163212691456832,0.19639439532777714,0.002781085735043981,0.019562041735650657,0.017538070765846903,0.00786536509306503,1.913118464687538e-05,0.000231700057641239,3.271804201401755e-06,0.3819502142553038,0.008119468139554546
109,0.04214009429668026,0.002096530983047684,0.0027670750950067147,0.044952710474650485,0.16394842606237764,0.1963713084592875,0.0027744087930118844,0.019403946616378114,0.017479422217244456,0.007755152716118206,1.781648164552655e-05,0.00022789648592632766,3.0401571591802e-06,0.38249808993105516,0.00800390584084924
110,0.0418662487439566,0.002099704315555612,0.002767642177622736,0.04492247429072976,0.16468306862502205,0.1963420383514025,0.0027677499466544275,0.019247231512195588,0.01742051583974389,0.00764698392364492,1.6592525597602858e-05,0.00022417015777339154,2.8249853068712068e-06,0.38304008843527454,0.007890571592322785
111,0.04159674857093626,0.0021028949332463605,0.0027681982141513255,0.044891776182249654,0.16541704145392652,0.19630662328310172,0.002761108058147244,0.019091813068101215,0.017361327639169692,0.007540796472683503,1.5453005692729267e-05,0.00022051878579657178,2.6251086185127495e-06,0.3835765858632767,0.0077793933727913185
112,0.041331361969773585,0.0021061046932700574,0.0027687435746495542,0.04486061774331574,0.16615079074787414,0.1962650803134144,0.002754481941889984,0.01893760586364843,0.0173018312532204,0.007436528922481949,1.4392052047147435e-05,0.00021694012210726917,2.4394319588632333e-06,0.3841079588668269,0.00767030052859523
113,0.04106986121241081,0.002109335581749042,0.002769278622055068,0.04482899764285132,0.16688478936663143,0.19621740441741636,0.0027478703607320917,0.018784522111970722,0.01724199775862582,0.00733412055700878,1.3404204878456171e-05,0.00021343195603160104,2.2669389742920608e-06,0.3846345862567507,0.007563223656893129
114,0.04081202177497713,0.002112589728863711,0.0027698037128712143,0.04479691155682857,0.1676195398303439,0.1961635675256773,0.0027412720183080702,0.018632471320953872,0.01718179544962073,0.007233511299505769,1.248438581336783e-05,0.00020999211160345425,2.106686419093785e-06,0.38515685069528316,0.0074580944833416846
115,0.040557621434307016,0.00211586942599005,0.002770319197879652,0.04476435208279511,0.16835557757743705,0.19610351746446458,0.002734685546864617,0.018481359911462946,0.017121189583555546,0.007134641618480253,1.1627871185272745e-05,0.00020661844482213268,1.957798887052108e-06,0.3856751405002292,0.00735484573337471
116,0.040306439322845944,0.002119177145251339,0.002770825422887296,0.044731308635206586,0.16909347452328954,0.19603717678889276,0.0027281094899174042,0.01833109078602286,0.017060142088423012,0.007037452424148873,1.0830267186925274e-05,0.00020330884065254237,1.819463919966444e-06,0.3861898515881225,0.007253410995908307
117,0.040058254930539716,0.0021225155618877357,0.002771322729516453,0.044697767319114304,0.16983384297474488,0.19596444149434128,0.0027215422790297433,0.018181562839588845,0.01699861122605583,0.006941884953894803,1.008748675172008e-05,0.00020006120973316833,1.6909274666495162e-06,0.3867013895877047,0.007153724577846341
118,0.039812847040322605,0.0021258875798926945,0.0027718114560486,0.044663710778704985,0.1705773399656621,0.19588517958425633,0.002714982204101466,0.01803267040394112,0.01693655120420502,0.006847880644939316,9.395728044975503e-06,0.00019687348474693898,1.5714896676358007e-06,0.38721017215796094,0.007055721347398867
119,0.03956999258856043,0.002129296361339497,0.002772291938332534,0.044629118016035065,0.17132467208257315,0.1957992294642053,0.002708427376734181,0.017884302618654504,0.016873911731079577,0.0067553809922366705,8.751454454367141e-06,0.000193743616404474,1.4605009425061321e-06,0.3877166315421671,0.006959336564038019
120,0.039329465448497636,0.0021327453597249023,0.0027727645107663585,0.04459396417423313,0.17207660084440313,0.19570639812460766,0.0027018756865788127,0.01773634272539039,0.016810637507463987,0.006664327389671834,8.15137597619497e-06,0.0001906695689910228,1.3573583583409732e-06,0.3882212173809799,0.006864505692997392
121,0.03909103514299848,0.0021362383575189523,0.002773229507360413,0.04455822027844952,0.1728339486899999,0.19560645906699664,0.002695324751034846,0.017588667287373388,0.0167466676538433,0.006574660952906287,7.5924319013791835e-06,0.00018764931543559978,1.2615022593431857e-06,0.38872439979540474,0.00677116420250261
122,0.03885446550378213,0.0021397795079677482,0.0027736872628861048,0.04452185292679916,0.17359760562191115,0.19549914991715384,0.00268877185918912,0.01744114534047634,0.016681935072216898,0.006486322322485159,7.071774711790594e-06,0.00018468083186830503,1.1724131390950042e-06,0.3892266727387305,0.00667924734220435
123,0.03861951329745669,0.002143373381118749,0.00277413811411491,0.04448482392226814,0.1743685365622414,0.19538416965305824,0.002682213911434252,0.01729363748507569,0.016616365743497605,0.006399251445863159,6.586755103610529e-06,0.00018176209163345896,1.0896087382156517e-06,0.3897285576118096,0.006588689901338445
124,0.038385926839481534,0.002147025014065659,0.0027745824011536175,0.044447089834901955,0.17514778950268967,0.1952611753538603,0.0026756473566312234,0.01714599492712445,0.016549877960882912,0.006313387336669454,6.134908059880046e-06,0.00017889105871776918,1.012641351366044e-06,0.3902306071403056,0.006499425944798468
125,0.038153444609929775,0.0021507399655641803,0.002775020468886076,0.04440860148158467,0.1759365045748858,0.19512977835039494,0.002669068128928857,0.016998058473056937,0.016482381497139768,0.00622866780879616,5.713939899361356e-06,0.00017606568053378686,9.410953286253237e-07,0.39073340952726654,0.006411388524557934
126,0.03792179387779403,0.0021545243754139613,0.002775452668537497,0.04436930330860946,0.17673592422068682,0.19498953963207732,0.0026624715862553503,0.016849657476611705,0.01641377669969907,0.006145029181884355,5.321716233484814e-06,0.00017328387997305586,8.745847572712178e-07,0.3912375929156312,0.006324509362848167
127,0.03769068932892138,0.0021583850293409087,0.0027758793593834655,0.044329132660477076,0.17754740469380323,0.19483996434565523,0.00265585245205395,0.016700608728581378,0.016343953502484906,0.006062405953739405,4.95625076767632e-06,0.00017054354661712434,8.127513109619272e-07,0.3917438302200938,0.006238718502435168
128,0.037459831681432125,0.0021623294304870195,0.0027763009106307793,0.044288018917348175,0.17837242916202406,0.1946804952139336,0.0026492047609484935,0.016550715274057576,0.016272790338216197,0.005980730434349648,4.61569488782278e-06,0.0001678425269736754,7.552622542533956e-07,0.39225284441096375,0.0061539439184654
129,0.03722890626397671,0.0021663658789989305,0.0027767177035006112,0.04424588248344848,0.17921262269788596,0.19451050470881961,0.002642521807740348,0.016399765137000075,0.01620015293005761,0.005899932335604733,4.29832797698557e-06,0.00016517861359212864,7.018085912847798e-07,0.392765414351446,0.006070111085765132
130,0.03699758152555727,0.0021705035615985795,0.0027771301335469457,0.04420263360886739,0.18006976945010508,0.1943292858285763,0.002635796097631556,0.01624752992880602,0.016125892936920818,0.005819938310341954,4.002548411491033e-06,0.00016254953290292148,6.521033482925993e-07,0.39328238130511894,0.005987142495004659
131,0.036765507441761026,0.002174752653443459,0.0027775386132475,0.04415817102605422,0.18094583230528405,0.19413604133353884,0.002629019294198315,0.016093763314409898,0.01604984642171131,0.005740671433479601,3.7268651889159456e-06,0.00015995293160325262,6.058799803251959e-07,0.3938046562474311,0.005904957110252095
132,0.0365323137756325,0.002179124435107524,0.002777943574913891,0.044112380377627464,0.18184297541306782,0.19392987126509328,0.002622182160875944,0.01593819930420632,0.015971832105081785,0.005662050616009173,3.469890143024581e-06,0.00015738636135986437,5.628908930917338e-07,0.3943332281432434,0.005823469758405154
133,0.03629760814398078,0.0021836314281850106,0.002778345473985394,0.04406513240205051,0.18276359008860782,0.19370975848772848,0.0026152744918242297,0.015780550330660663,0.015891649357542826,0.005583989938980058,3.230330702491361e-06,0.0001548472615025494,5.229060713116724e-07,0.3948691733988211,0.0057425904372564104
134,0.036060973828616436,0.002188287553897208,0.0027787447927955806,0.04401628082840316,0.18371032482406108,0.19347455185387136,0.0026082850288563853,0.0156205050553524,0.015809075869749806,0.005506397889450675,3.0069831517542965e-06,0.0001523329392451961,4.857118053129299e-07,0.39541366676214124,0.005662223523652939
135,0.03582196726128321,0.0021931083201712728,0.002779142044929171,0.04396565991323121,0.18468612039951637,0.19322294642163843,0.0026012013619143874,0.015457725837977372,0.015723864925273418,0.005429176474543703,2.7987263542474807e-06,0.00014984054681832786,4.5110950806520204e-07,0.3959679940210466,0.0055822668572243425
136,0.03558011510507358,0.0021981110439263504,0.002779537780313838,0.04391308153348919,0.18569425134605422,0.19295345998387048,0.0025940098107006355,0.01529184578607881,0.015635742182973422,0.005352220183926905,2.6045159008009326e-06,0.000147367054748039,4.1891461536654583e-07,0.3965335669267041,0.005502610669191112
137,0.03533491084577935,0.00220331511686873,0.002779932591219775,0.04385833172924648,0.18673837528858409,0.19266440498711268,0.0025866952846082805,0.01512246529348509,0.015544401856636912,0.005275414765035293,2.4233786488007087e-06,0.0001449092203646934,3.889555624654444e-07,0.39711194085379015,0.005423136319611252
138,0.03508581080014165,0.0022087423250779785,0.002780327119373825,0.04380116656483874,0.18782259203361815,0.19235385469664398,0.0025792411173114725,0.01494914796283189,0.01544950215542858,0.005198635768041264,2.254407620168839e-06,0.00014246355044066745,3.610728309013065e-07,0.39770483581040555,0.005343714798933002
139,0.034832229439651655,0.002214417235248037,0.002780722064439491,0.04374130714445067,0.18895151470974653,0.1920196021699378,0.0025716288715790757,0.014771415791471565,0.015350659817599203,0.005121746808039892,2.0967572281200227e-06,0.0001400262566152541,3.3511805974819823e-07,0.39831416154273497,0.005264204939943014
