,Rs,Rj,Ra,Sj,Sa,Sb,Sga,Sgb,Cj,Ca,Cb,Cga,Cgb,Clupeid adult,Cod adult
0,0.18071161579846046,0.003276009010788967,0.0026968112487491935,0.023364696855437083,0.17137107425497475,0.05945626247993175,0.0013867172224797854,0.005565281274207611,0.0032541317512750486,0.004954510152161708,0.002627006078330167,0.00010748301572129577,0.00035639432432865725,0.2377793352315939,0.008045393570541829
1,0.1481068779587567,0.003011782964512608,0.0026785124722480814,0.02529073679323584,0.19476279883092643,0.0771672624680256,0.0017530365317787076,0.007290520217790025,0.005614907043341162,0.007874567333445074,0.003997888943788454,0.00020329272324796831,0.0006342469425166542,0.2809736180485208,0.01270999594299815
2,0.10548088514403468,0.0031304158910862925,0.002730075232610622,0.02967669877426209,0.24492673207882634,0.08516248459831673,0.002039959198889356,0.0069056412264329224,0.004818852066857947,0.006307922232012971,0.0030203625480692904,0.00018264810182104613,0.0005291727236491955,0.33903481710246536,0.010040105605552503
3,0.10041632890950175,0.0032270692240574505,0.002736556787917386,0.030112282126718893,0.2633023300102963,0.07681118990069241,0.001919450310465913,0.005620128760473921,0.0038523716736968963,0.005210110039946649,0.0024202343656231848,0.00014425722848691245,0.00040838212228358657,0.34765309898192853,0.008182983756340332
4,0.0978355587917502,0.0032473988740015715,0.0027380236440729673,0.031659364839732716,0.26449910090805606,0.07737300412105509,0.0018324818456776997,0.005475501615809306,0.0036888021670925418,0.005050993019020438,0.0022634579788070137,0.00013890405709325314,0.000380322283560285,0.3491800884905981,0.00783367733848099
5,0.0964898419111802,0.0032275611913918645,0.0027376874606388655,0.03062126689589823,0.26422124692994464,0.08039397165095302,0.0019025950036005122,0.005694715871675449,0.0038431863019216662,0.005258461915613275,0.0022651269413203967,0.00014574549497292264,0.00038270262450958425,0.3522125294561736,0.008052036976416179
6,0.09562047883121715,0.003131961469683764,0.0027329658406312217,0.03186233828143543,0.25691816653325183,0.0846145191948289,0.0019930575420946998,0.006497077887019518,0.004719698049033511,0.006362001661530681,0.0026131314258356917,0.00018327048646593806,0.00045491475874978707,0.3500228211571949,0.009613318332582098
7,0.11927083910916945,0.0029077920582383718,0.0026907009559610285,0.02915094125866739,0.2159435068472769,0.0899793350214136,0.0020474409147236148,0.008546134689371609,0.006512935755869741,0.009113249526973538,0.0036437244076176875,0.00024893327432874295,0.0006085104599477312,0.3165164174727857,0.013614417668867701
8,0.1602035547590479,0.002923332229480477,0.002679879023725333,0.025619158291489145,0.1667336568402259,0.08219801790821125,0.0018083190657197843,0.008960725014695421,0.006376736718572632,0.009178819690825415,0.0035378234113069293,0.00024284136032733575,0.0005712715544960618,0.2597007188288524,0.013530756016955746
9,0.14619295571279411,0.0031202235120922654,0.0026978189528061424,0.0281691682531316,0.19879218243489832,0.07237558240188924,0.0016762874153716716,0.006782689131670234,0.004422096615820045,0.0067524999200043075,0.0025441170203457353,0.00016232149865428523,0.00037720606919852185,0.2796267413838295,0.009836144508202851
10,0.13692621287900172,0.0028484567112537717,0.00268054796799302,0.02782878116930361,0.19085444841748517,0.08895615716992679,0.0019931569869996377,0.009016354216310463,0.006946437552312113,0.00994156042668276,0.003545303142550409,0.00026786866064900446,0.0005794324700254987,0.29082011679072206,0.014334164699907673
11,0.1344939384368293,0.003001170614595365,0.0027005114615582184,0.029716284624911635,0.1963926821201578,0.08539296762915774,0.001898222819431975,0.007974357792333566,0.005574192516570722,0.008141101717001623,0.002808053505078158,0.00021401374132225335,0.0004438204701073652,0.29165823036108113,0.011606989433509398
12,0.1433070331284349,0.002851061870934372,0.002683104744333418,0.030374230993558564,0.17557713506194544,0.08836495447352882,0.0019253078877063156,0.00988128301400591,0.006937719318780819,0.010205425074412081,0.0033875516082562673,0.0002732956781533098,0.0005523308523423712,0.27574868043718653,0.014418603213164027
13,0.14220711668661176,0.002749749791401603,0.0026790770532714105,0.029667454517258197,0.1687840456189156,0.09486920306768845,0.002008148383969538,0.010977522865629013,0.007906699384316467,0.011449321046461241,0.003623039013955986,0.000313802703578369,0.00060538542574479,0.2766389199362026,0.015991548189740384
14,0.1585557205351808,0.0027698980227407206,0.002676522830479047,0.029024832060571878,0.14917805102935802,0.09027373040531936,0.001961993235122285,0.011173445079979387,0.007566344623566276,0.011374028270787944,0.0034429645751571903,0.0003024143840790416,0.0005685075933869127,0.25258721974977905,0.01568791482341109
15,0.14120057763353508,0.0025347721471726207,0.002668127855470455,0.031740119128295365,0.14927023488192231,0.10597614324411735,0.0022281588182866234,0.013910333027920052,0.00998711861458102,0.014422191750178082,0.004079274906464309,0.0004110577790841766,0.0007246867964452563,0.27138486997224637,0.019637211232171825
16,0.12920381037732215,0.002525591919481872,0.0026786643853791287,0.031987580617650196,0.16157760455423886,0.1105578054883421,0.0023792486851893927,0.01365891285797713,0.010016136139951509,0.014291887038777172,0.0038059193007368122,0.00041503369876046294,0.0006901922281944456,0.28817357158574747,0.019203032266468894
17,0.14858626585874168,0.002387434668212789,0.002656957007086164,0.030543128031920684,0.13516397632145946,0.10800303869424399,0.0022499532754878754,0.014877716326615657,0.011038493238767585,0.01593841736822819,0.004030464900144432,0.0004549570743234743,0.0007257518838922001,0.2602946846178069,0.0211495912265883
18,0.15584751221060827,0.002446514639088223,0.002662765715132678,0.03116535246543981,0.13070442443137903,0.10112747639832924,0.0021806671818427226,0.014337925203626261,0.010218394544740403,0.015123000311879705,0.003568731828865733,0.00042931060365997603,0.0006405767812407649,0.2483504932151773,0.019761619525646177
19,0.15492971444612252,0.0023243240355187494,0.0026606382853643948,0.03130402223328782,0.11863248034690435,0.110072083668668,0.0023448990225630687,0.016792706358581155,0.011630342128535049,0.016569729599869413,0.0037426729239832795,0.0004863868976932678,0.0006827453850061807,0.24784216939671658,0.02148153480655214
20,0.15010774588956496,0.0022855416027642342,0.0026645078041698882,0.03249351889106639,0.1200921014333093,0.11243631794814388,0.0023521958697780877,0.01719694597116593,0.012131105873558411,0.01696727496708233,0.0036355203509128428,0.0005076237382984803,0.0006678784455375792,0.2520775612223972,0.02177829750183123
21,0.1462633649453362,0.002230319669710333,0.002666624365741855,0.033206971082077444,0.11765668469277375,0.11722502318296386,0.0024278828438050546,0.018261019033634952,0.012862085680526198,0.017570894585173465,0.0035920316797584347,0.0005346044885947192,0.0006640553743607352,0.25557060975317764,0.022361586127887353
22,0.15949165429644238,0.002168659725706206,0.002659082951240904,0.031943349415945024,0.10350009525496119,0.11298708713658613,0.0023269230510727656,0.01892144026414464,0.013246151253917078,0.01791119929903626,0.0034831992466244177,0.000539536026414615,0.0006389290887257689,0.2377355457067647,0.022572863660801062
23,0.1471448858391958,0.0021032439330287114,0.0026631035476220944,0.033690606008153004,0.104687235873046,0.12345321809494221,0.002481843396908932,0.02119040388522355,0.014540478133851037,0.019150781677242244,0.0035855751069696806,0.0005945399905192531,0.0006666735129388105,0.2518127012501207,0.023997570287669988
24,0.14193157317346686,0.0020834401279907627,0.0026654884642194026,0.034355746898838746,0.10631353146113207,0.12700716949379864,0.0025705395680747276,0.0219302814439266,0.014953539064091893,0.019539801085016788,0.0034771044950247824,0.0006121858029173021,0.000648164477746267,0.257821521966932,0.024277255860705137
25,0.14726162010263177,0.002034447809280254,0.0026614375180148498,0.033848305924111366,0.09808091912188968,0.12686566222214118,0.002533310517282991,0.022982877027255162,0.015481245302601497,0.01997807112736505,0.003401226005732814,0.0006249251012717518,0.0006324153931733761,0.250462768888569,0.024636637627542993
26,0.15378573054878736,0.002034006673012853,0.002662853313885528,0.033586579899981366,0.09128213657676297,0.12359123952643072,0.002479765306947159,0.023425288360193,0.015396110350151137,0.019520506969894883,0.0031449272030840934,0.0006072486519271191,0.000582031043557377,0.24077842977033384,0.02385471386846347
27,0.14130270723677826,0.0020060993081839292,0.002665989335060966,0.035474180328624,0.09531095124865317,0.13211373484268518,0.0026292728325607545,0.024968267432019447,0.01628439070997525,0.02043162487357087,0.003130566073757993,0.0006457753129290383,0.0005830354345190874,0.25502222635591854,0.02479100169477699
28,0.14502981858139655,0.001973243719950932,0.0026651394197175406,0.035147756062925146,0.08934486198027498,0.1319185536934305,0.0026119924621089015,0.02599831856183567,0.016710542896526622,0.02053852075566462,0.002988276249918613,0.0006483823980076983,0.0005552429539281167,0.2498737266976501,0.02473042235751905
29,0.143918046059751,0.001956035385704035,0.0026668643230287137,0.035457967378129715,0.08715478303209204,0.1338621449111447,0.0026401197549940124,0.02710625854551322,0.0170898786834685,0.020583926351606028,0.002844250569143078,0.0006510565956372034,0.0005282228562284223,0.25076330624374393,0.02460745637261473
30,0.14283945302518444,0.0019237763197416152,0.0026651829734002505,0.03559372054665326,0.08514297900642649,0.1362154305312556,0.0026403145905619205,0.028126488652701565,0.01763904584551941,0.021073683639162854,0.002784434915415519,0.0006680263524759702,0.0005170550001402084,0.2521252127809456,0.025043199907194554
31,0.137928497874692,0.0019074092756923974,0.002667234966520978,0.03630019249940725,0.08589999706594763,0.1401957260805241,0.002695164093017992,0.029196387278328552,0.01812127103471052,0.02132433638236197,0.0026787973721803214,0.0006790130827984501,0.000497894092051373,0.2579872745178183,0.025180040929392113
32,0.13663829930338864,0.0018962380382249397,0.0026687145144572866,0.03655783401531225,0.08513844675591598,0.14164145055114447,0.0027061208786596223,0.02991244034401396,0.01838126141743569,0.021329801824056065,0.0025529697017792775,0.0006798906054264034,0.0004741589276432115,0.25939845852973403,0.025036821058904958
33,0.13314011218984717,0.00189522446285508,0.002671059396630924,0.037137156778209855,0.08624004896618048,0.14397446229574135,0.00274486846561716,0.030446274173575115,0.018568144914471247,0.02131727682060528,0.0024287785133225008,0.0006806019880762049,0.0004508950722738449,0.2634056539011141,0.024877552394277837
34,0.12895892810345877,0.0018933776857518632,0.0026726016968730594,0.037723628484749756,0.08799708558523747,0.1468696577261729,0.0027859206937182065,0.03083699101497464,0.018769670888612342,0.021435580549327017,0.0023281137696649135,0.0006855951111040919,0.0004320700765344726,0.2684896550201032,0.024881359506630497
35,0.12520331402740528,0.001892935224028517,0.0026741692620579553,0.038250618846019435,0.08965570802857975,0.14945307136148597,0.002821764001822721,0.03114084505084641,0.018930763723848814,0.02150060199927413,0.002225870596877454,0.0006885151558296101,0.0004128540811872056,0.2730713884427349,0.0248278418331684
36,0.12151861276921645,0.0018927909023099998,0.002675816191859785,0.03876355920413742,0.09132435498144706,0.1519920289756867,0.0028561598389743414,0.0314120935351431,0.01908314801982267,0.021538434872611416,0.0021247645738539604,0.0006904351651623422,0.0003938341256987228,0.27758463733125116,0.024747468737326438
37,0.11793588000656706,0.0018929458939595154,0.0026775337711092816,0.03925803701938603,0.09298960624777557,0.1544661275489858,0.0028887201959533287,0.03164770397739903,0.019225395003541396,0.021547780418104734,0.0020249090291915442,0.0006913024775992072,0.0003750342115015992,0.28199215797011373,0.024639026136397086
38,0.11446307000046418,0.0018933980951926612,0.0026793182326414304,0.03973284674102909,0.094649228965996,0.1568691525869036,0.002919337209223782,0.03184646613013923,0.01935709541029664,0.021528522039869484,0.0019265063979699412,0.000691114044778146,0.00035649762023427366,0.2862841848922626,0.024502640102851844
39,0.11110876690242047,0.0018941406115914703,0.002681164115006146,0.04018671936965278,0.09629999179261582,0.15919459338020336,0.0029479021962170162,0.032007588287176994,0.019477907992693364,0.021480889812577227,0.0018297830965729985,0.0006898789471221687,0.0003382715954851803,0.2904500756562132,0.024338823451757575
40,0.10788033741687358,0.0018951636243130982,0.002683064991184978,0.040618607349702886,0.09793858906609641,0.16143669815772266,0.0029743303393122843,0.03213082945916838,0.019587615075551536,0.021405492947000452,0.0017349814389298749,0.0006876200827872906,0.0003204059457743993,0.29448044702229975,0.02414850041449202
41,0.10478329813839155,0.0018964544963734119,0.0026850137117711346,0.04102777056771107,0.09956195538251901,0.16359090153349282,0.0029985683411769904,0.032216531158081416,0.019686147496451412,0.021303324996643013,0.0016423514066995493,0.0006843744391712949,0.0003029514774533626,0.29836795641527025,0.02393300231996722
42,0.10182117279762837,0.0018979979744609113,0.002687002589710068,0.041413790899465466,0.10116736477864505,0.16565395563169202,0.003020595683878202,0.032265594983645715,0.019773586184462618,0.021175733828494397,0.0015521407482587345,0.000680191977115646,0.0002859580788155478,0.30210751107786094,0.023694024632684326
43,0.09899552553684741,0.0018997766835970912,0.002689023615337527,0.041776562874930784,0.10275247773042662,0.1676239367447887,0.00304042350309885,0.03227942636981949,0.01985015117573614,0.021024367859616845,0.0014645847743820586,0.000675133642921411,0.0002694727564382542,0.30569626434813363,0.02343355903335857
44,0.096306095664649,0.0019017717444533273,0.0026910686833784615,0.04211626954845009,0.10431536417237329,0.16950017859546262,0.003058091913352039,0.03225985518349147,0.0199161836606058,0.020851109006462375,0.0013798971725462344,0.0006692689008431961,0.00025353788442284157,0.3091334898646794,0.02315381296427465
45,0.093751007469147,0.001903963412272892,0.002693129808918633,0.04243334713457881,0.10585450457903726,0.1712831511028161,0.003073666163362928,0.032209042504900906,0.019972123917357695,0.020658000005567757,0.0012982626282387062,0.0006626730648628373,0.000238189817171975,0.3124203643501172,0.02285712551584128
46,0.0913270281758814,0.0019063316802838772,0.002695199316292171,0.04272844262293651,0.10736877203455165,0.1729743022458706,0.0030872320648493933,0.03212938272613571,0.02001848747149733,0.020447172563915147,0.001219831662562732,0.0006554246647024691,0.0002234579414412151,0.3155596890714073,0.022545886832621563
47,0.08902984670404837,0.001908856808973194,0.002697269990967081,0.043002368659430114,0.10885739996398126,0.17457588107766442,0.0030988911458213995,0.032023408974202555,0.020055841534597548,0.020220781507963775,0.0011447177838036376,0.0006476030341013754,0.00020936418247472584,0.31855558116166965,0.022222466508343516
48,0.08685434951612243,0.0019115197581078321,0.0026993351902274477,0.04325605935625669,0.11031994066896558,0.17609075800808313,0.003108755916636629,0.03189370790489346,0.020084783315589116,0.019980948444695962,0.0010729967943652928,0.0006392862489517674,0.00019592292944307658,0.3214131624985788,0.0218891544174561
49,0.08479487576360459,0.0019143025129199315,0.0027013889133218403,0.043490529732272354,0.11175621944727841,0.17752225489862303,0.0031169455376997444,0.03174284763478563,0.020105921242701896,0.019729716734609524,0.001004707916833395,0.0006305494804102007,0.00018314131153027654,0.32413826751838676,0.0215481154433834
50,0.08284544044273927,0.0019171883075615795,0.002703425835261629,0.04370684045244557,0.11316628822382056,0.17887399335684148,0.0031235820692115104,0.03157332043870802,0.020119859601500117,0.01946901809656064,0.0009398563114380725,0.0006214637741850724,0.00017101973912747877,0.3267371840885816,0.02120135792131126
51,0.08099992019386462,0.0019201617569204162,0.0027054413104820175,0.04390606861222983,0.11455038155950793,0.18014976570494384,0.0031287873851764867,0.03138750012761253,0.020127186658779887,0.019200650074257863,0.0008784165408490809,0.0006120952275232848,0.00015955262234367825,0.3292164347772408,0.020850714464973906
52,0.07925220102626285,0.0019232089122759733,0.0027074313533114866,0.04408928460200242,0.11590887686634746,0.18135342991636713,0.0031326807568848943,0.031187612844485575,0.020128466034870993,0.018926262925191423,0.0008203365758626645,0.0006025045110937862,0.0001487291871838476,0.33158260038408505,0.020497833199331718
53,0.07759629043368084,0.001926317257597199,0.0027093926019687957,0.04425753460784507,0.11724225977942969,0.18248882755073337,0.0031353770584927024,0.03097571934938423,0.02012423090654875,0.018647354191946665,0.0007655420041243005,0.0005927466720538116,0.0001385343237272771,0.33384218373804,0.020144177191852058
54,0.07602639822593565,0.001929475662415059,0.002711322271990263,0.04441182803009735,0.11855109495394646,0.1835597223293556,0.0031369855169390364,0.030753706615970124,0.02011498054587335,0.018365269188328658,0.0007139401840113795,0.0005828711536256817,0.0001289494166412554,0.3360015094162112,0.019791029942606977
55,0.07453699119409256,0.001932674305256314,0.002713218103910168,0.044553128995152805,0.11983600208356285,0.18456975631771685,0.0031376089157130194,0.03052328660408233,0.02010117869622753,0.01808120577907657,0.0006654241633920708,0.0005729219718810875,0.00011995312372519179,0.33806665392107504,0.019439505038074918
56,0.07312282675705739,0.0019359045792086793,0.002715078308894366,0.044682351147604805,0.12109763666924803,0.18552242052074727,0.003137343161714977,0.030286000283665702,0.02008325332900645,0.017796222069967005,0.0006198762502987349,0.0005629379991305367,0.00011152208140000033,0.3400434006353759,0.01909055840079628
57,0.07177897032718097,0.0019391589885478942,0.0027169015149902088,0.04480035498084145,0.12233667494078922,0.18642103686654315,0.00313627713177279,0.030043225279558022,0.020061597390664807,0.01751124589340526,0.0005771711763096407,0.0005529533131181521,0.00010363152653543182,0.3419372142186632,0.018745001909368487
58,0.0705008005125445,0.001942431042890078,0.0027186867157805547,0.044907947062070006,0.12355380228518334,0.1872687489043079,0.0031344927264997783,0.029796185827076903,0.02003657022254648,0.017227085232405494,0.0005371788333576426,0.0005429975806435054,9.625583172860184e-05,0.34375322974306793,0.018403517478135248
59,0.06928400557090339,0.0019457151533687513,0.0027204332225433834,0.04500588062062975,0.12474970454954043,0.18806851896421364,0.003132065071545686,0.029545964030718457,0.020008499404739623,0.016944438952166973,0.0004997665923014508,0.0005330964525029678,8.936895643482106e-05,0.3454962526160182,0.01806667095340621
60,0.0681245738324919,0.0019490065338621416,0.002722140620506108,0.045094857081758206,0.12592506165001222,0.1888231299509922,0.003129062818280203,0.029293511677116982,0.019977682836004155,0.01666390739615007,0.0004648012292140062,0.0005232719535019921,8.294481967702825e-05,0.34717076609640163,0.0177349253985431
61,0.06701878018575516,0.0019523011091298634,0.0027238087294142793,0.0451755282258897,0.1270805430035075,0.1895351903313871,0.0031255485066966934,0.02903966206489128,0.019944390913104192,0.01638600255234345,0.0004321504953534243,0.0005135428567295596,7.695760190173989e-05,0.34878094390648257,0.01740865350632817
62,0.06596317020555834,0.0019555954307474573,0.002725437568380825,0.04524849873111406,0.12821680437938762,0.1902071412114754,0.0031215789624838924,0.028785141483680474,0.019908868714016755,0.016111157608355364,0.0004016843713063251,0.0005039250354208126,7.13819843288098e-05,0.3503306660370274,0.01708814899941131
63,0.0649545430864291,0.0019588866010941484,0.002727027324821149,0.04531432891810921,0.12933448583723395,0.19084126467858722,0.0031172057077304273,0.02853058010708236,0.019871338120916217,0.01583973579631732,0.0003732760465741283,0.0004944317887534934,6.619333420311362e-05,0.35182353633063396,0.016773636965848056
64,0.06398993421292859,0.0019621722052323423,0.002728578327187403,0.04537353756748544,0.13043421047877465,0.1914396928056369,0.0031124753706688003,0.028276522162500234,0.01983199984208704,0.015572038486679032,0.0003468026642700208,0.0004850741400558135,6.136784396496226e-05,0.3532629008175806,0.016465283134969828
65,0.06306659794005236,0.0019654502502979556,0.00273009102117043,0.0454266047201263,0.13151658379925354,0.1920044168888807,0.0031074300844274073,0.028023435310269414,0.019791035308826095,0.015308312529643816,0.0003221458676058523,0.0004758611073603721,5.688263170709512e-05,0.35465186608283106,0.016163202136317133
66,0.062181990961476516,0.0019687191118879055,0.0027315659490235148,0.045473974401644524,0.13258219347384853,0.19253729662172786,0.0031021078681984955,0.027771719211970886,0.01974860843552626,0.015048756869017783,0.00029919218117107894,0.00046679994719609787,5.271580951448103e-05,0.3559933171757458,0.015867464806899437
67,0.06133375649720983,0.0019719774868657515,0.002733003731667265,0.045516057233553446,0.13363160945545385,0.193040069006013,0.003096542986821791,0.027521713300243125,0.019704867239583816,0.014793528469222727,0.00027783325609843484,0.0004578963731001549,4.884652547697344e-05,0.3572899347485318,0.01557810462389829
68,0.06051970943503376,0.001975224351969827,0.0027344050532522508,0.04555323290832221,0.13466538428910513,0.1935143568736563,0.0030907662865992894,0.027273703782955166,0.01965994532327291,0.014542747604797733,0.0002579660043580094,0.0004491547506509949,4.525498437825034e-05,0.3585442112323159,0.015295123344184987
69,0.05973782249024449,0.001978458927586282,0.0027357706478806252,0.045585852516204534,0.13568405357389163,0.19396167694538338,0.003084805506549561,0.02702792992843286,0.019613963223406736,0.014296502565726834,0.00023949264381739084,0.0004405782709749763,4.192245133373533e-05,0.3597584659542574,0.015018495931852937
70,0.05898621340225305,0.001981680646096897,0.0027371012882160123,0.045614240719075695,0.13668813651968204,0.194383447388855,0.0030786855651380243,0.02678458968443327,0.019567029636508623,0.014054853832200655,0.00022232067240995505,0.0004321691046925147,3.883124198592407e-05,0.36093485915810836,0.014748174851289049
71,0.05826313313676089,0.0019848891242649964,0.0027383977757396653,0.045638697772057805,0.13767813656016128,0.1947809948667211,0.0030724288233099175,0.02654384468770808,0.019519242528300732,0.013817837770858607,0.00020636278682955512,0.00042392853821499,3.596470227872296e-05,0.36207540493790036,0.014484093798181873
72,0.05756695504069095,0.001988084139248926,0.00273966093243823,0.0456595013973878,0.13865454199598137,0.19515556108170057,0.0030660553249954683,0.02630582472023495,0.019470690136624745,0.013585469901719861,0.0001915367586101521,0.0004158570942012434,3.330718032068881e-05,0.3631819831229124,0.014226170934851946
73,0.05689616491882946,0.0019912656077279655,0.002740891593733479,0.04567690851715964,0.13961782664924485,0.19550830883364553,0.0030595830162552357,0.026070631664154933,0.019421451876904923,0.013357747781468513,0.00017776527823578427,0.0004079546378541854,3.084399240619835e-05,0.3642563501633005,0.013974311689964679
74,0.05624935196239028,0.0019944335677733985,0.002742090602488676,0.04569115685285745,0.14056845051778633,0.19584032761327522,0.0030530279445635015,0.02583834300622813,0.01937159915889166,0.01313465354497783,0.00016497577603429765,0.00040022047059992905,2.8561384887949887e-05,0.36530014908185315,0.013728411176500005
75,0.05562520047034917,0.001997588163098237,0.0027432588039467683,0.04570246640002245,0.14150686042170016,0.196152638759344,0.003046404439649313,0.02560901493799997,0.019321196122925252,0.012916156143053293,0.00015310022700050605,0.0003926534125495562,2.6446493276058587e-05,0.3663149185586934,0.013488356275879413
76,0.0550224822744101,0.002000729629459038,0.0027443970414747763,0.04571104078658997,0.1424334906380198,0.1964462002113267,0.0030397252776097764,0.025382685096527146,0.019270300303387736,0.012702213310635235,0.00014207494533992923,0.0003852518750069166,2.4487299671834583e-05,0.3673021012234834,0.013254027430653917
77,0.054440049820346705,0.0020038582829534496,0.00274550615300401,0.04571706852318602,0.14334876352171033,0.19672191088542273,0.0030330018295874127,0.02515937498368324,0.019218963226323042,0.012492773296138432,0.0001318403733875752,0.0003780139241549022,2.2672589420881537e-05,0.36826305122040365,0.013025300183101789
78,0.053876829866415434,0.00200697450989062,0.002746586968071035,0.04572072415338873,0.14425309011266033,0.19698061470030712,0.003026244196227503,0.024939092098176414,0.01916723094763065,0.012287776379301465,0.0001223408686080767,0.00037093733693172064,2.0991907684409805e-05,0.3691990411073714,0.012802046492525672
79,0.05333181773327932,0.0020100787580637543,0.002747640305377361,0.045722169311633094,0.14514687072952953,0.19722310428105766,0.003019461329237288,0.024721831812675052,0.019115144537599445,0.012087156201937819,0.00011352449159651788,0.0003640196499985551,1.9435516474057565e-05,0.3701112681524995,0.01258413586000695
80,0.052804072035169985,0.00201317152930004,0.0027486669707966465,0.045721553695994586,0.14603049555184514,0.19745012436898648,0.0030126611414232137,0.024507579025949175,0.019062740517003695,0.01189084093322692,0.00010534279734773236,0.000357258202599089,1.799435256884999e-05,0.37100086008820404,0.012371436285742592
81,0.05229270985534009,0.002016253373165556,0.002749667755766843,0.04571901596255019,0.14690434519316828,0.19766237495985042,0.0030058506062089307,0.024296309614699627,0.01901005124938491,0.011698754288736398,9.775063152603022e-05,0.0003506501740208617,1.6659986629202763e-05,0.37186888037392724,0.012163815080912492
82,0.05179690234414527,0.0020193248816053667,0.0027506434360135314,0.045714684547529284,0.14776879126730005,0.19786051419006132,0.0029990358474484727,0.024087991706262385,0.018957105293740145,0.011510816420184547,9.070593302803487e-05,0.00034419261628812535,1.5424583738242947e-05,0.3727163330110722,0.011961139553238949
83,0.05131587068751478,0.0020223866844411137,0.0027515947705584144,0.04570867842301751,0.14862419695061968,0.1980451609920539,0.002992222220548391,0.02388258679312652,0.018903927721330573,0.011326944690990506,8.416954377294452e-05,0.0003378824826431792,1.4280865532050812e-05,0.3735441669563485,0.01176327758293868
84,0.05084888240700512,0.002025439445630001,0.002752522500972669,0.045701107791491634,0.1494709175431488,0.1982168975374903,0.002985414385776369,0.023680050707412414,0.018850540399965296,0.011147054350920052,7.810502636389166e-05,0.0003317166523092196,1.3222074025057058e-05,0.3743532801738279,0.01157009810361822
85,0.05039524795037787,0.0020284838602694175,0.0027534273508403326,0.04569207472402966,0.15030930103197218,0.19837627148532758,0.0029786163745997157,0.023480334471732315,0.01879696224869622,0.010971059121588108,7.247849002965313e-05,0.00032569195197036617,1.2241937192479679e-05,0.3751445233636318,0.011381471500780607
86,0.04995431756597745,0.0020315206522021506,0.0027543100254009563,0.04568167374657994,0.15113968865955396,0.19852379804732126,0.0029718316495300364,0.02328338503883846,0.018743209465580998,0.010798871703217597,6.725842506840197e-05,0.0003198051743543636,1.1334636336478043e-05,0.3759187033952437,0.01119726993897684
87,0.04952547842946474,0.002034550572172192,0.0027551712113458213,0.04566999237833873,0.1519624155004099,0.19865996188457888,0.002965063158145806,0.023089145932771317,0.01868929573084069,0.010630404211843357,6.241554586620629e-05,0.00031405309425840285,1.0494775235006542e-05,0.37667658647590585,0.011017367627202972
88,0.04910815199522054,0.0020375743964914177,0.0027560115767451244,0.045657111625911156,0.15277781104954802,0.19878521884736683,0.0029583133818834565,0.022897557802646133,0.018635232387470068,0.010465568555068982,5.7922642445996736e-05,0.00030843248231878596,9.717351050851783e-06,0.37741890108144444,0.010841641030884615
89,0.04870179154966082,0.0020405929261801776,0.002756831771086595,0.04564310643661701,0.153586199825731,0.19889999756909793,0.0029515843801298076,0.022708558898851962,0.01858102860113832,0.010304276753547208,5.375444041207634e-05,0.00030294011679041227,8.997726961916173e-06,0.37814634067381075,0.010669969037711613
90,0.04830587994285243,0.0020436069865807844,0.0027576324254086986,0.04562804611397937,0.15438790199405128,0.19900470092383651,0.002944877830115587,0.0225220854803453,0.018526691500929962,0.010146441214498248,4.9887469086068076e-05,0.00029757279357036585,8.331606461516065e-06,0.37885956622834865,0.010502233083616199
91,0.04791992749531923,0.002046617427370948,0.0027584141525135537,0.04561199469814551,0.1551832340108526,0.19909970735429106,0.002938195062874331,0.02233807215940061,0.018472226302345397,0.00999197496285553,4.629993757882507e-05,0.0002923273346732125,7.715009268561047e-06,0.3795592085874186,0.010338317244376128
92,0.04754347005745413,0.002049625122967339,0.002759177547247341,0.045595011313742544,0.15597250929562642,0.19918537207800915,0.0029315370957120526,0.02215645219077693,0.018417636413730204,0.009840791834954721,4.297161850560818e-05,0.0002872005953405605,7.1442487812727895e-06,0.38024587066012455,0.010178108297582162
93,0.04717606720753538,0.0020526309733184187,0.0027599231868375203,0.04557715048741829,0.15675603893444487,0.19926202817767186,0.0029249046615053556,0.021977157710822596,0.018362923527148887,0.009692806639099888,3.988373902639065e-05,0.00028218946994616745,6.615911004107691e-06,0.38092012948444465,0.010021495759076555
94,0.046817300574990436,0.002055635905062354,0.00276065163127758,0.045558462437095756,0.157534132419604,0.19932998758108386,0.0029182982351400144,0.02180011993149146,0.01830808769454667,0.009547935286823845,3.7018878877015514e-05,0.0002772908968387099,6.1268348752953425e-06,0.38158253816731935,0.009868371897414864
95,0.04646677227129383,0.0020586408730882003,0.0027613634237517383,0.045538993334759796,0.15830709843114402,0.19938954193545783,0.0029117180574085846,0.021625269293829106,0.01825312738988658,0.00940609489819277,3.4360875048291615e-05,0.000272501862247371,5.6740939215410015e-06,0.3822336277178396,0.009718631729409974
96,0.04612410342516651,0.002061646862477906,0.0027620590910927803,0.045518785544370194,0.15907524566637107,0.1994409633786471,0.0029051641565329906,0.021452535583937317,0.01819803955776444,0.0092672038840939,3.1894732767396196e-05,0.00026781940335999545,5.254979166661239e-06,0.38287390878548844,0.009572172999387955
97,0.04578893281158427,0.0020646548908365148,0.0027627391442675924,0.04549787783632752,0.15983888372364363,0.19948450521011454,0.002898636367518011,0.021281848014430275,0.018142819648899997,0.009131182008077679,2.960654243795742e-05,0.00026324061067057306,4.866983221995065e-06,0.38350387331570646,0.009428896144408205
98,0.045460915564175364,0.0020676660110325877,0.0027634040788859257,0.045476305579738856,0.16059832404797986,0.19952040246351427,0.0028921343495335486,0.021113135273951707,0.018087461642711057,0.008997950429998238,2.7483402200739664e-05,0.00025876262968048397,4.507785488136601e-06,0.38412399613497944,0.009288704247367599
99,0.0451397219607603,0.0020706813143823327,0.0027640543757287586,0.04545410091354459,0.16135388094689712,0.19954887238190216,0.0028856576014980127,0.020946325546806324,0.01803195805703528,0.008867431733389077,2.551334578518083e-05,0.0002543826620271509,4.1752383997204484e-06,0.38473473647710366,0.009151502979601127
100,0.044825036275560344,0.0020737019342961746,0.002764690501293285,0.04543129289741159,0.1621058726855935,0.19957011479575185,0.0028792054759813335,0.020781346504116092,0.01797629994490196,0.008739549938250477,2.3685275332427536e-05,0.0002500979661042309,3.8673546475238254e-06,0.3853365394614428,0.00901720053433466
101,0.04451655568693169,0.002076729050444505,0.0027653129083524564,0.04540790764313679,0.16285462267183362,0.19958431240344973,0.002872777191574943,0.020618125267831286,0.017920476878104462,0.008614230500678896,2.19888988823627e-05,0.0002459058572288307,3.582295314915763e-06,0.38592983753468957,0.008885707552105005
102,0.04421398923469769,0.00207976389349164,0.0027659220365274895,0.045383968427128885,0.16360046074271675,0.19959163095239835,0.002866371843793308,0.020456588348044612,0.017864476917094092,0.008491400300539046,2.041467222996486e-05,0.00024180370740295944,3.3183588685977344e-06,0.386515051886953,0.008756937039040569
103,0.04391705682258593,0.0020828077504442283,0.002766518312872403,0.04535949578438462,0.164343724566177,0.1995922193182841,0.00285998841454135,0.020296661553628963,0.017808286566578263,0.008370987618174681,1.8953744869863733e-05,0.00023778894470962897,3.0739709465821988e-06,0.38709259385263134,0.008630804278700758
104,0.043625488256288196,0.0020858619706926812,0.002767102152470364,0.04533450758421078,0.16508476117239815,0.1995862094794791,0.0028536257802013465,0.020138269876077385,0.01775189071593863,0.008252922100959945,1.759790976177585e-05,0.00023385905237706522,2.8476748893775354e-06,0.38766286630815594,0.008507226737988163
105,0.043339022310610625,0.002088927972833929,0.002767673959042199,0.04530901908775554,0.16582392863280412,0.19957371638180282,0.00284728271834072,0.01998133734572235,0.01769527256334524,0.00813713472029469,1.6339556663431307e-05,0.00023001156753810513,2.638122963354585e-06,0.38822626507867003,0.00838612396745958
106,0.04305740581746268,0.002092007252380681,0.002768234125567925,0.04528304298726424,0.16656159790586939,0.19955483768868618,0.002840957913009971,0.019825786859157327,0.017638413522166028,0.008023557719482164,1.5171628791483819e-05,0.0002262440797063281,2.4440682282339268e-06,0.3887831803667228,0.008267417496208209
107,0.04278039276856801,0.002095101390476715,0.0027687830349229234,0.045256589426728784,0.1672981548731379,0.1995296534094226,0.0028346499585557984,0.019671539975867812,0.017581293107906074,0.007912124552722045,1.4087582584467485e-05,0.0002225542289840267,2.264357003509759e-06,0.3893339982169841,0.008151030721294047
108,0.04250774342300705,0.0020982120637690563,0.0027693210605310185,0.045229666003413306,0.16803400259149126,0.19949822539791287,0.00282835736186109,0.019518516681772135,0.017523888803537942,0.007802769815277581,1.308135035517087e-05,0.00021893970401177655,2.097921891422321e-06,0.38987910203303744,0.00803688879153595
109,0.0422392234102881,0.0021013410556247774,0.002769848567037545,0.045202277749464066,0.1687695637933503,0.19946059671146749,0.0028220785428541843,0.019366635116391844,0.01746617590056699,0.007695429164665523,1.2147305632625798e-05,0.00021539823966300114,1.9437753167711267e-06,0.39041887416406384,0.007924918485277922
110,0.041974602822614795,0.0021044902688902266,0.0027703659110062955,0.04517442709251291,0.16950528367118148,0.19941679081744526,0.002815811833038988,0.019215811259274223,0.017408127312620005,0.007590039232496897,1.1280231006281863e-05,0.00021192761448069234,1.801003546430818e-06,0.39095369758093995,0.007815048081530303
111,0.04171365528440764,0.002107661740455861,0.002770873441645438,0.045146113793823404,0.17024163299006176,0.19936681063313869,0.0028095554717766013,0.019065958570505036,0.017349713357608272,0.0074865375263449925,1.0475288296766253e-05,0.00020852564784628276,1.6687611538760468e-06,0.39148395766548205,0.007707207223641918
112,0.041456156987626114,0.0021108576579378273,0.002771371501568744,0.045117334862081145,0.17097911158080825,0.19931063738068008,0.002803307599950588,0.01891698757870393,0.017290901503651077,0.007384862320724831,9.72799088891473e-06,0.00020519019686268032,1.5462658963433286e-06,0.3920100441401429,0.00760132677437277
113,0.041201885677433096,0.002114080378848868,0.002771860427599849,0.04508808444039747,0.17171825227591092,0.19924822923527113,0.002797066250599085,0.018768805408790293,0.01723165607298306,0.007284952535947947,9.03417807349106e-06,0.00020191915292485884,1.4327939744550606e-06,0.3925323531705714,0.007497338660920752
114,0.040950619575061895,0.002117332452685049,0.00277234055162851,0.04505835366348757,0.17245962535860443,0.19917951974080836,0.0027908293359707468,0.01862131524055968,0.017171937897256916,0.007186747603323038,8.389991254230168e-06,0.00019871043794354493,1.327675646211529e-06,0.39305128967594316,0.007395175708167023
115,0.040702136225649097,0.0021206166463645683,0.0027728122015281105,0.04502813048142251,0.17320384359745292,0.199104415964524,0.0027845946304370156,0.018474415689707126,0.017111703917455562,0.007090187315017951,7.791851886599423e-06,0.00019556200018337023,1.2302911692302756e-06,0.39356726988212104,0.007294771458257151
116,0.04045621126346555,0.0021239359734093093,0.002773275702142415,0.04499739944596741,0.17395156792832256,0.19902279636325096,0.0027783597487008632,0.01832800010560604,0.01705090672254862,0.006995211657018405,7.236441024028676e-06,0.00019247180967989368,1.140067046989034e-06,0.39408072414588036,0.007196059974769315
117,0.04021261709393665,0.002127293727152529,0.002773731376346549,0.04496614145545611,0.17470351382292376,0.1989345083378171,0.0027721221188680895,0.018181955785505563,0.016989494023230713,0.006901760624069298,6.720680356288238e-06,0.0001894378532116737,1.0564725566071205e-06,0.3945921000651144,0.007098975630193867
118,0.03997112150583651,0.002130693518064254,0.002774179546182699,0.04493433345441353,0.17546045835045862,0.19883936545902203,0.0027658789500685055,0.0180361631111771,0.01692740806015091,0.0068097740161971385,6.241714633099318e-06,0.00018645812882194792,9.790165373690406e-07,0.3951018658707263,0.0070034528761895535
119,0.03973148623565346,0.002134139315125184,0.0027746205340667767,0.044901948084604286,0.17622324790731927,0.19873714435603881,0.0027596271945374193,0.017890494620577072,0.016864584949144723,0.00671919121715271,5.796895373812475e-06,0.00018353063990412074,9.072444207358147e-07,0.3956105140784726,0.0069094259968513795
120,0.03949346551238403,0.002137635491069617,0.002775054664059515,0.04486895328452294,0.17699280657103647,0.19862758126120122,0.002753363504262271,0.01774481403119793,0.016800953968031586,0.006629950955628358,5.383765770974498e-06,0.0001806533888784307,8.407354839891059e-07,0.39611856536769785,0.006816828845761751
121,0.039256804611723047,0.002141186871305336,0.0027754822631953016,0.0448353118342915,0.17777014503555982,0.19851036820234386,0.002747084182439751,0.017598975232470015,0.016736436789885654,0.006541991050166434,5.000046701849627e-06,0.0001778243704889759,7.791003109162216e-07,0.3966265726528134,0.006725594567668176
122,0.03902123844162381,0.0021447987864347292,0.002775903662865062,0.04480098084213642,0.1785563701102728,0.19838514882264666,0.0027407851300792203,0.017452821261474048,0.016670946665943803,0.006455248138159038,4.643623767531823e-06,0.00017504156473679579,7.219784440812295e-07,0.3971351253244727,0.006635655305107448
123,0.038786490174273366,0.00214847712852356,0.0027763192002555654,0.044765911166917804,0.17935269481409435,0.19825151378660189,0.0027344617880655404,0.017306183269449615,0.0166043875576327,0.006369657388243404,4.312535284345924e-06,0.00017230292943626763,6.69036214264901e-07,0.3976448536582114,0.006546941889178283
124,0.03855226992484345,0.0021522284115859784,0.0027767292198559463,0.04473004676846335,0.1801604491648772,0.19810899570059082,0.0027281090749839703,0.017158879477855493,0.01653665321195735,0.0062851521937960595,4.004961156938993e-06,0.00016960639234065596,6.199647336182178e-07,0.3981564334183075,0.006459383512027273
125,0.03831827346441215,0.002156059837134477,0.0027771340750523785,0.04469332397370236,0.18098109184773226,0.1979570634378187,0.0027217213209481256,0.017010714112601792,0.016467626168184337,0.006201663843242873,3.719212566945238e-06,0.00016694984273155728,5.744780399827478e-07,0.3986705907191009,0.006372907376581359
126,0.03808418094077059,0.002159979366080563,0.0027775341298429206,0.04465567064185834,0.18181622304009595,0.19779511571051583,0.0027152921976336406,0.016861476294913687,0.016397176676824617,0.0061191211606613305,3.4537224154562113e-06,0.000164331122309784,5.323113807009648e-07,0.3991881072431591,0.0062874383167672715
127,0.037849655568691215,0.002163995798733146,0.002777929760716029,0.04461700520631779,0.18266759877274594,0.19762247367868316,0.002708814644671955,0.016710938857573836,0.016325161504592633,0.006037450107752413,3.207036461779175e-06,0.0001617480151644285,4.932196250775872e-07,0.39970982595367494,0.006202898379003698
128,0.037614342244312315,0.0021681188651197915,0.0027783213587475823,0.04457723556443114,0.18353714731010545,0.19743837232597203,0.002702280792443848,0.01655885704647709,0.016251422591572952,0.005956573335800136,2.977805105141479e-06,0.0001591982365357403,4.569757954635924e-07,0.40023665747499837,0.006119206353236481
129,0.0373778660288356,0.002172359328390982,0.0027787093319822562,0.044536257779619504,0.18442698813865,0.19724195027161628,0.002695681881142315,0.01640496706024159,0.01617578551918182,0.005876409673811494,2.76477576007549e-06,0.00015667942002764847,4.2336970771558297e-07,0.40076958735165014,0.006036277239306934
130,0.03713983044337806,0.002176729104637857,0.0027790941081754328,0.0444939545529952,0.18533945425517834,0.19703223762502217,0.002689008175553017,0.01624898437463822,0.01609805773968317,0.005796873536663165,2.5667857801683163e-06,0.00015418910286894223,3.9220671253122447e-07,0.4013096844303917,0.005954021632024807
131,0.03689981551160848,0.002181241403099796,0.002779476137981415,0.044450193414419595,0.18627711854357892,0.1968081414311627,0.00268224887431171,0.016090601794525684,0.01601802650986425,0.005717874234817586,2.3827558886366058e-06,0.00015172470876888627,3.633065298703594e-07,0.401858110643579,0.005872345006004979
132,0.03665737548888649,0.0021859108914804694,0.0027798558986832193,0.04440482457530875,0.1872428251251224,0.19656842819554587,0.0026753920113022187,0.01592948717277543,0.015935456462628877,0.0056393151648824955,2.2116840776992686e-06,0.00014928352786014966,3.3650216932840093e-07,0.4024161325047459,0.005791146878989672
133,0.036412036214948124,0.0021907538919945873,0.0027802338985701927,0.04435767837658592,0.1882397266765965,0.19631170291007732,0.0026684243455719417,0.015765280733248822,0.015850086739974005,0.0055610928576273885,2.0526399418438587e-06,0.00014686269316026792,3.116389299158629e-07,0.4029851346654946,0.005710319829659416
134,0.03616329202688141,0.002195788614908544,0.0027806106820852964,0.044308562252907246,0.18927132886446443,0.19603638390304698,0.002661331234894073,0.015597591930885838,0.01576162759767316,0.005483095856356523,1.90475941266105e-06,0.00014445915289477035,2.8857347319351923e-07,0.4035666359332914,0.005629748342137148
135,0.035910602165440036,0.0022010354378411865,0.0027809868358884063,0.04425725711567098,0.19034154328878247,0.19574067267461195,0.002654096487347452,0.015425995774074554,0.015669756374014167,0.005405203392857594,1.7672398648563175e-06,0.0001420696378872865,2.6717296410352117e-07,0.4041623082248164,0.00554930744357384
136,0.0356533866022865,0.002206517241113626,0.0027813629960188433,0.04420351302957558,0.19145475071117238,0.19542251762249674,0.0026467021852139517,0.015250028520375544,0.01557411269000952,0.005327283819700738,1.639335564399347e-06,0.00013969062301468171,2.4731427413375545e-07,0.40477399903925854,0.005468861092553953
137,0.03539102120414465,0.002212259812134246,0.0027817398563906833,0.04414704401950444,0.1926158768722351,0.19507957020167774,0.0026391284759321233,0.015069182637025695,0.015474292715104431,0.005249192746219939,1.5203534308092603e-06,0.00013731828144389357,2.2888324169741021e-07,0.4054037581868707,0.005388260264336339
138,0.03512283213846011,0.0022182923353286812,0.002782118178916493,0.044087521796625805,0.19383048387556162,0.19470913160302253,0.0026313533250149073,0.014882900894066197,0.015369842289678472,0.005170770811304367,1.4096490866114311e-06,0.00013494843001950465,2.1177398484940927e-07,0.4060538696976652,0.005307340664395333
139,0.034848089413009375,0.002224647988762281,0.00278249880562988,0.044024568133687283,0.19510488094019052,0.1943080874700628,0.002623352225301281,0.01469056943220525,0.015260248641799826,0.005091841008977881,1.3066231680998335e-06,0.0001325764637533734,1.9588826170485702e-07,0.4067268900677599,0.005225919984161059
