,temp1,temp2,temp3,temp4
0,0.0,0.0,0.0,0.0
1,0.03313808320700433,0.03307048063018823,0.03193823015588009,3.2261131885332765e-08
2,0.05202261513643233,0.07133714351047803,0.08124861121373242,2.7009455755555124e-12
3,0.09675726170948469,0.09060518046877715,0.1117706701012883,6.453746881891624e-17
4,0.1352568309703072,0.1513701039820062,0.15416474403582617,7.028457878030116e-22
5,0.17237761376249716,0.17248849085673998,0.2291852968127802,4.108920692709283e-27
6,0.2108632915293322,0.24550871059546772,0.2956733223125695,1.3869130557362256e-32
7,0.25981123683834284,0.254134024065053,0.39049368391364186,2.8092346088644136e-38
8,0.3552952354590404,0.3335893731599273,0.4657093444563327,3.493831265469908e-44
9,0.3367531583371205,0.42665733725289473,0.5549047791796309,2.707657155096241e-50
10,0.4141437986131923,0.49748486908627265,0.6704785528242689,1.3208459878704246e-56
11,0.5013648129820454,0.5828540295496425,0.7782010860669419,4.0855654029062926e-63
12,0.5926887821620489,0.6787259398995831,0.8627211080080117,8.057669652247602e-70
13,0.6590065946344527,0.7903057300236804,0.9744238691734922,1.0178009161792755e-76
14,0.7705333238713948,0.9028045462351422,1.0551975529017155,8.265736251807126e-84
15,0.9013944410649889,1.0195623411779742,1.1761090546471968,4.330927104239477e-91
16,1.0084128304961162,1.1249211529984788,1.2972366959969062,1.4690533147833264e-98
17,1.0927406709041543,1.2064568919635372,1.3985146398381436,3.23721006966749e-106
18,1.2654898150360012,1.343875581923214,1.504688460717682,4.6517923169070655e-114
19,1.3274051991595779,1.4624175838773747,1.6079862776770182,4.377393261940889e-122
20,1.4648475642031638,1.582085575184301,1.6993441049617708,2.7104314834634706e-130
21,1.5955622169462003,1.6483471223109318,1.7847861049746567,1.1104439884662055e-138
22,1.668655593921536,1.783741370955052,1.8672898784562735,3.0294557451442796e-147
23,1.801977572767088,1.9072232453466562,1.9460959887751346,5.544472165848324e-156
24,1.8851977585968498,2.0233353470365425,2.0204896305303843,6.865928873284774e-165
25,2.0089304774145993,2.1182231017824784,2.0897607570229,5.809480054217813e-174
26,2.0863414525582042,2.2365163746408148,2.153238216750035,3.396319711974678e-183
27,2.2206898610855674,2.322639642445981,2.2103177897080473,1.3891824356126848e-192
28,2.32505561566689,2.421202051318483,2.260484785357143,4.031223560649809e-202
29,2.42773027638993,2.50668538519653,2.303328036783316,8.426989361949481e-212
30,2.492932559666975,2.5891791084690445,2.3385437397589404,1.2901097684511506e-221
31,2.5943295436892173,2.667656495229127,2.3659297075229344,1.4719648802833202e-231
32,2.681942160773432,2.7415588276094476,2.385372445644864,1.2747268105464498e-241
33,2.763732749377865,2.8104337419502645,2.3968304872584416,8.537200775540337e-252
34,2.8391380962821158,2.873903624156032,2.400317642239547,4.50581433963921e-262
35,2.9167703162526566,2.9316831157319827,2.395889602570053,1.9092900412101934e-272
36,2.990410330701767,2.9835894590581495,2.383637313129707,6.61381353848579e-283
37,3.060068688190698,3.0295454762168608,2.363691192640469,1.9054629713496628e-293
38,3.1254566009466864,3.069575263253079,2.3362414414842756,4.64048844359631e-304
39,3.1863528148926004,3.1037937469711006,2.301576789149893,9.697995407e-315
40,3.2426025241511383,3.13239199466003,2.2601124637936705,1.81e-321
41,3.29411996728967,3.155620429682888,2.21224806188974,1.84e-321
42,3.3408883125239486,3.17377192091385,2.1578998045232045,1.86e-321
43,3.3829559569354606,3.1871662360722874,2.0981045736506876,1.887e-321
44,3.4204297940559187,3.196136766728758,2.036522810750129,1.9e-321
45,3.45346632080635,3.201019898165217,1.9714042350055758,1.92e-321
46,3.482261563486778,3.202146994589269,1.9013398863426683,1.94e-321
47,3.507040751889201,3.1998387202562073,1.6447399446991553,1.95e-321
48,3.528048503846636,3.194401299479656,1.0559038561513223,1.97e-321
49,3.5455400571892848,3.1861242957518585,0.7435794863764402,1.235e-321
50,3.5597738550821094,3.1752795241457554,0.3245680933503565,1.235e-321
51,3.5710055912333294,3.162120771759151,0.06098029136968028,1.235e-321
52,3.5794836720924565,3.146884068434953,0.013065748010501067,1.235e-321
53,3.585445956998351,3.1297883125290933,0.0030819867479622157,1.235e-321
54,3.5891175874656915,3.1110361094002803,0.0006873325229904367,1.235e-321
55,3.59070970210809,3.090814722078465,0.000139522465809483,1.235e-321
56,3.590418842277044,3.069297064992724,2.5609427391106953e-05,1.235e-321
57,3.5884268752696284,3.0466426943135065,4.257226802100624e-06,1.235e-321
58,3.584901289417176,3.022998764128541,6.431840005212036e-07,1.235e-321
59,3.5799957435425895,2.998500927897566,8.864555744266439e-08,1.235e-321
60,3.5738507792736516,2.9732741707287387,1.1186337429372214e-08,1.235e-321
61,3.5665946271355806,2.947433560994371,1.2970538409036379e-09,1.235e-321
62,3.5583440558151898,2.9210849104276098,1.3865252956136505e-10,1.235e-321
63,3.549205228649258,2.8943253308262182,1.370850169576341e-11,1.235e-321
64,3.539274542697357,2.8672436735931908,1.2573952117970794e-12,1.235e-321
65,3.5286394342622573,2.839920836730717,1.0730933290916971e-13,1.235e-321
66,3.5173791409790858,2.8124299245315822,8.544583553574752e-15,1.235e-321
67,3.5055654150989968,2.7848362512706286,6.364699916540574e-16,1.235e-321
68,3.4932631857123306,2.757197196658507,4.446200662700129e-17,1.235e-321
69,3.4805311698749613,2.7295619540872536,2.919858064814239e-18,1.235e-321
70,3.4674224339877915,2.7019712682376333,1.8066865307356111e-19,1.235e-321
71,3.4539849076856344,2.674457334391261,1.0555790836256704e-20,1.235e-321
72,3.4402618530149156,2.6470441047689994,5.835500502894062e-22,1.235e-321
73,3.426292291932518,2.6197482570547175,3.0583937693061625e-23,1.235e-321
74,3.41211139524682,2.5925809306209016,1.5224515128674814e-24,1.235e-321
75,3.3977508360758306,2.565549962912359,7.210998686142983e-26,1.235e-321
76,3.3832391107889936,2.5386619043638423,3.255206634703391e-27,1.235e-321
77,3.368601830238529,2.5119230297217743,1.4027695642639075e-28,1.235e-321
78,3.353861983899828,2.485339266384267,5.7793376264810674e-30,1.235e-321
79,3.3390401793540927,2.4589157478375916,2.2797158495281693e-31,1.235e-321
80,3.324154859345628,2.432656542170621,8.621652718230183e-33,1.235e-321
81,3.309222498457103,2.4067282464542705,3.1302178714586922e-34,1.235e-321
82,3.2942577812679374,2.381373559441279,1.0923762902115051e-35,1.235e-321
83,3.2792737636906875,2.356422774617873,3.6685700314061295e-37,1.235e-321
84,3.264282019021412,2.331794663845938,1.1869612258801201e-38,1.235e-321
85,3.249292770094059,2.307448397072018,3.703873595459407e-40,1.235e-321
86,3.2343150087957993,2.2833557072593464,1.1158300875567235e-41,1.235e-321
87,3.219356604078684,2.2594946071581408,3.24850434151536e-43,1.235e-321
88,3.204424399488067,2.2358456046633974,9.147731439115453e-45,1.235e-321
89,3.1895243011291434,2.2123927704162845,2.4938480406838803e-46,1.235e-321
90,3.1746613568959208,2.1891188753812805,6.58744799765938e-48,1.235e-321
91,3.1598398277056,2.16600983577134,1.6873374351199925e-49,1.235e-321
92,3.145063251401225,2.1430509975109193,4.1942555764172945e-51,1.235e-321
93,3.1303344999135665,2.120227420210109,1.0124914123677273e-52,1.235e-321
94,3.115655830208847,2.09752432505089,2.375264837644763e-54,1.235e-321
95,3.1010289294870272,2.0749268509809258,5.418809293594636e-56,1.235e-321
96,3.0864549550392995,2.052419280965662,1.2029307448241865e-57,1.235e-321
97,3.0719345691203666,2.0299855487043414,2.600061833078505e-59,1.235e-321
98,3.0574679691437865,2.0076086845296452,5.474980689333087e-61,1.235e-321
99,3.043054913457271,1.9852708334601106,1.1237656537256151e-62,1.235e-321
100,3.0286947429127147,1.962952771860553,2.249525556451615e-64,1.235e-321
101,3.014386398400804,1.940634111957499,4.3938559564678394e-66,1.235e-321
102,3.0001284344755352,1.9182926122772574,8.378157780149488e-68,1.235e-321
103,2.985919029150078,1.895903942720201,1.5602641821034789e-69,1.235e-321
104,2.971755989901835,1.8734414268353157,2.8391285259616433e-71,1.235e-321
105,2.9576367558735175,1.8508754033734671,5.050001580193316e-73,1.235e-321
106,2.9435583962114564,1.8281727763480877,8.783992886777892e-75,1.235e-321
107,2.9295176044209734,1.8052960605706934,1.494698150699469e-76,1.235e-321
108,2.9155106885591238,1.7822029478501873,2.489064267351963e-78,1.235e-321
109,2.9015335570116236,1.7588452836207553,4.0578235880003e-80,1.235e-321
110,2.88758169951518,1.7351676395984301,6.47845797812322e-82,1.235e-321
111,2.8736501629849576,1.711106561254762,1.0132404239370882e-83,1.235e-321
112,2.859733521582752,1.6865888259566224,1.5529266447493164e-85,1.235e-321
113,2.8458258403164103,1.6615288586995205,2.333010347433949e-87,1.235e-321
114,2.8319206313092424,1.6358274468425478,3.436641129010558e-89,1.235e-321
115,2.8180108017575556,1.609368048334737,4.965043262083866e-91,1.235e-321
116,2.8040885925592454,1.5820127496683623,7.037169910416897e-93,1.235e-321
117,2.790145506685363,1.55359794801405,9.787448458734202e-95,1.235e-321
118,2.7761722265781126,1.5239269857737174,1.3361136440115155e-96,1.235e-321
119,2.762158520125888,1.4927622820885507,1.790695255425087e-98,1.235e-321
120,2.748093134991888,1.45981327053785,2.3566893927310826e-100,1.235e-321
121,2.733963681157231,1.4247213145003101,3.046349109229869e-102,1.235e-321
122,2.719756501405987,1.3870396274148629,3.868515846711386e-104,1.235e-321
123,2.7054565290974057,1.346206606003371,4.827072269552855e-106,1.235e-321
124,2.6910471319441056,1.3015114256294233,5.919459042044653e-108,1.5e-323
125,2.676509939674843,1.2520538754102115,7.135427957286849e-110,0.0
126,2.66182465244827,1.1967019499836127,8.456211705007052e-112,0.0
127,2.6469688257406125,1.1340667276730574,9.854275154256422e-114,0.0
128,2.6319176261865684,1.062539135026288,1.1293772445487513e-115,0.0
129,2.6166435515568036,0.9804810986316029,1.273177046325721e-117,0.0
130,2.601116106712969,0.8867191825875053,1.412021855107204e-119,0.0
131,2.5853014260128035,0.7814615278171382,1.5408556370239708e-121,0.0
132,2.5691618311970577,0.6674570989443193,1.6546768595686416e-123,0.0
133,2.5526553121364888,0.5505682543098788,1.7488629073179046e-125,0.0
134,2.535734915662044,0.43864372218196923,1.8194838798367806e-127,0.0
135,2.5183480246121692,0.3388139478463884,1.8635758610639078e-129,0.0
136,2.5004355047582365,0.2551589459956167,1.879347079024528e-131,0.0
137,2.4819306911455814,0.18835680416189818,1.866297022675219e-133,0.0
138,2.4627581775773626,0.1368062449933829,1.825237686930453e-135,0.0
139,2.4428323633793294,0.0979517799395683,1.7582164490258644e-137,0.0
