,Rs,Rj,Ra,Sj,Sa,Sb,Sga,Sgb,Cj,Ca,Cb,Cga,Cgb,Clupeid adult,Cod adult
0,0.09076729482251913,0.0023470091235787763,0.0021912504216180895,0.02227687025950455,0.15475499594895006,0.07386724229509276,0.0016029140052940551,0.008118127247336456,0.005021716195509962,0.0046436958323608805,0.0031736440689148554,0.00017596355053189143,0.000777886970705832,0.2383432794966733,0.008771190422513458
1,0.10299546175114993,0.0023283637865887784,0.002172201156488391,0.020731109438678744,0.1461753177271925,0.06882452397296629,0.0014744618532265376,0.007388880375666002,0.0049237232475607415,0.0049616552785082275,0.0033742488462729986,0.0001681044026217891,0.000753829611821605,0.22386318392905136,0.00925783813922462
2,0.10811946651337623,0.0022310760361646128,0.0021599708010849325,0.02159060366550912,0.13127069458413515,0.07224614909273672,0.0015767118297788814,0.009107571844552948,0.005860785671886121,0.006227076783171552,0.004066624543505958,0.00021540983013956203,0.0009329947401573816,0.2142011273512037,0.011442105896974452
3,0.11128798722899083,0.002246664980132773,0.0021624862160753234,0.021049612880741118,0.12820496328822606,0.07175210043186898,0.0015420907763806914,0.008907629169758732,0.005749679296957596,0.006120528885073427,0.003917523215988862,0.00021258388438288105,0.0008881817707925782,0.2104067836662345,0.011138817756237748
4,0.10110485088667695,0.002203979561657965,0.002162493301493964,0.02288057939495957,0.13503982819757163,0.07459099504580788,0.0017088906007173919,0.009488269476957875,0.006104850373018682,0.006647347854767731,0.004160975999923362,0.00023693059769183423,0.0009622256616819267,0.22082798332105477,0.012007480114064856
5,0.11850924941007171,0.0022403838031270305,0.002155196888646636,0.02200583836965252,0.11414916812159047,0.0722691542301251,0.0015970701862631517,0.010123074790419776,0.005865588477562844,0.006764930298217476,0.004178569178887241,0.00023066937026027404,0.0009247530274807185,0.19813846732839852,0.012098921874845712
6,0.11887627357216513,0.0021708921741353856,0.002147193344612248,0.02195246570303543,0.11063111728340928,0.07349377354749395,0.001696872885599286,0.010557598408216117,0.006343135032553028,0.007593139050503605,0.004576407868975746,0.0002564426860354365,0.001018290641065569,0.19637936212471865,0.013444280246580356
7,0.12562082783785314,0.0019931563685332745,0.002126573073682092,0.02157552454761098,0.09285501410954185,0.07851715699327907,0.0017977900964082365,0.012925990753932989,0.00790257153899694,0.00985292920677241,0.005532321150475472,0.0003380464097099729,0.0012970214717617757,0.18609595195316214,0.01702031823871963
8,0.12463666472424595,0.0019859017242859498,0.0021266823412339625,0.022971884823349636,0.09144516560613583,0.07753472476816482,0.0018559665755129126,0.013664327669582334,0.007910396816121028,0.010484949861771042,0.005553926772287125,0.00036402609893337634,0.0013511668546611828,0.18450018461939588,0.017754069587652726
9,0.1176684179172393,0.0019078255814077535,0.0021273709447389953,0.02341509645838798,0.09228027104276346,0.08324040022533873,0.0020340181356132336,0.014776553922872318,0.008624463111902257,0.01131366517466796,0.005684426750931982,0.0004109617977445688,0.0014260214459022402,0.19233124332658777,0.018835075169246752
10,0.11566364961849382,0.0018747627418109001,0.002129245503212039,0.023953217918263593,0.09063707200795773,0.08494425584521831,0.0020748281591577763,0.015632825424764688,0.00891999699454605,0.011794526777528635,0.005672232415992253,0.00044264146416133656,0.0014461450075817686,0.1932889814370985,0.019355545665263995
11,0.11859044490122454,0.0017632337441675066,0.0021210757697012143,0.023634510684929062,0.08221554601301372,0.08731759881950163,0.002120059092121408,0.01741314878533781,0.01002853630377005,0.013072660004504933,0.006144035004393329,0.0005030145666282562,0.0015821187536968788,0.18906635270997457,0.021301828329223397
12,0.12285314156054283,0.001741766414983841,0.002120148744390629,0.02389449689175215,0.0759805414016585,0.08602456907021398,0.0021006041312408726,0.018124749015886375,0.010133903941087537,0.013383362867756167,0.0061169884437119034,0.0005190601278237399,0.0015753642089025583,0.18223046361899972,0.02159477564819437
13,0.12074536287025833,0.0017041768971241629,0.0021198985564657904,0.024186752013347017,0.07417389435806218,0.08865914952179067,0.002151855082700874,0.019197848854236005,0.010643235971253455,0.013848697455233696,0.006155362618969476,0.0005450791532373179,0.0015939011532796264,0.18418274781678975,0.022143040380720118
14,0.11668215463495374,0.00168907158412118,0.002121373364352018,0.025251877209309073,0.0740180482629747,0.09099395986742967,0.0021920004056619354,0.020096643910929576,0.010967862351799123,0.014256005043570368,0.006156433047302032,0.000569637891502391,0.001603309430258753,0.18730065244699587,0.022585385412633545
15,0.12212438258258383,0.0016434902202341777,0.0021166988701314935,0.024395984264561944,0.06764567293304165,0.09033725254454314,0.002210891326045589,0.021271847193351765,0.011395569065582485,0.014708878581703961,0.00618358862053805,0.0005880639660316547,0.0016069940218832756,0.18146566399698214,0.02308752519015694
16,0.1158128233347518,0.001598108925600957,0.0021178056376099015,0.02547146401308869,0.06628187126126903,0.09552482802646738,0.0023382573254740616,0.023726164022762206,0.012224365352849036,0.01550768508294358,0.006341408490728707,0.0006346756113922209,0.0016646891071159528,0.18787112063597267,0.02414845829218046
17,0.11479972900053423,0.0015830024593927606,0.002116337471611613,0.02569952869658904,0.06532711120912973,0.0965897581736093,0.002361389373774987,0.02453231949741263,0.012471304298111727,0.01592849284086072,0.006324324151737924,0.0006550330778735638,0.0016618102294593477,0.18881057825392664,0.024569660299931555
18,0.11066504424004946,0.0015699263389359847,0.0021165591636915994,0.026275431181088226,0.06619457079894403,0.09932248422241985,0.002416511342025362,0.025416427490254852,0.012781190776192308,0.016373968236655337,0.006300466345976079,0.0006791525382379188,0.0016606473113619654,0.1933499938536441,0.0250142344322313
19,0.10758979767509463,0.001564242343487465,0.002116901091414071,0.026740299674944956,0.06693791316909688,0.10117769938555757,0.0024598279876946786,0.026058282342239232,0.012962494405136409,0.016690406906580874,0.006227035946766013,0.0006961491964734838,0.0016436823962153438,0.19663372288458836,0.02525727444603571
20,0.10448057018776807,0.0015636662673639047,0.002117512297404154,0.02714530424610185,0.06829313434689682,0.10300720444984611,0.0024938036472952002,0.026297729105933712,0.013064954359944805,0.016903690223232754,0.006095751695287307,0.0007075831346655755,0.0016097396623232709,0.20009187154997182,0.02531676471550891
21,0.10095194367198991,0.0015641127921553247,0.002118545874127966,0.02759453668774087,0.06997667881616088,0.10505192462834217,0.0025307117020323218,0.026473446014810546,0.01316457337398975,0.017081763770365858,0.005950822017357476,0.0007176610951232875,0.0015722610848319465,0.20403276116134592,0.025322507967678567
22,0.09743346392620121,0.0015649933134606222,0.0021197494702296597,0.028037117334457014,0.07172120481185938,0.10708754126437249,0.002565927953521323,0.0265997294847578,0.013256421293884808,0.01723022683192894,0.005798938883284974,0.0007263729594643047,0.0015327320152146622,0.207974403514511,0.02528827068989288
23,0.09394282379422096,0.0015663817800174917,0.002121133965533481,0.028470306600331136,0.07352728189577137,0.10910087038194669,0.002599060422814223,0.026670462272058784,0.013338675137153396,0.017345003096423613,0.005639471798783868,0.0007335178562052531,0.001490985695002472,0.21189767497259107,0.025208978446415207
24,0.09049310091128351,0.0015683104001562324,0.0021227052092386805,0.028891563477212473,0.07539674756223869,0.11108279604020446,0.002629707356050129,0.026680276563314904,0.013410165408799982,0.017423045844863462,0.005472240744616703,0.0007389451999472553,0.0014469852743222884,0.2157895275218082,0.02508121706374971
25,0.08709776383886209,0.0015708059635437125,0.002124466405645684,0.029298205302624506,0.07733088438664024,0.11302384883469202,0.0026574566903050096,0.0266245127277524,0.0134697763573494,0.017461684465983767,0.005297295992051324,0.0007425220061984334,0.0014007574495101668,0.21963670263938967,0.02490225991374369
26,0.08376953365404906,0.0015738889584518288,0.002126418016688449,0.029687563266777958,0.07933072150235937,0.11491483711505707,0.0026819093562363214,0.02649954714836609,0.013516502097964466,0.01745877632074272,0.005114942970842499,0.0007441408199212547,0.0013523997767082906,0.22342701512201885,0.024670259888214766
27,0.08051972242992513,0.001577572758289104,0.0021285575285937297,0.03005707778997249,0.08139712824774152,0.11674724597989572,0.0027026966965696055,0.026303046958221037,0.013549486486173086,0.017412836673010912,0.004925752080330607,0.0007437262215220484,0.001302083241502737,0.22715011788242792,0.024384398216366305
28,0.07735769107512563,0.0015818635913589162,0.0021308794855566192,0.03040438162641871,0.0835309441022381,0.11851356752856229,0.0027194953697281575,0.026034121422339376,0.013568047720856083,0.0173231139401837,0.004730543787958684,0.0007412387186956826,0.001250047897977885,0.23079812842286793,0.024044944344815952
29,0.07429048947431265,0.0015867614028756795,0.002133375816099212,0.03072736122288117,0.08573314103646051,0.12020752148347333,0.0027320374643945164,0.025693342807788674,0.013571683450339978,0.01718959631937948,0.004530349090445256,0.0007366753319307583,0.0011965916376617813,0.23436604279211706,0.023653212379417275
30,0.07132272588901903,0.0015922615274336378,0.002136036400459935,0.031024188847665155,0.088004992307196,0.12182413916217688,0.0027401141384288084,0.02528263663619386,0.013560055711463825,0.01701295052273239,0.0043263509187241155,0.0007300668666331797,0.0011420536633235871,0.23785188224399553,0.023211421971413272
31,0.06845666519622547,0.0015983569303155622,0.00213884977667644,0.031293324495113815,0.09034821461154503,0.12335971673569457,0.0027435723481414147,0.024805069033522118,0.013532959256120301,0.016794407564418502,0.004119815898552157,0.0007214725551587028,0.001086795306040219,0.2412565727289031,0.022722491324169578
32,0.06569251344325018,0.0016050406954799046,0.002141803862387808,0.03153349302552575,0.09276504770692796,0.12481167490226537,0.002742305437059848,0.024264577595582523,0.01349027978238088,0.01653561974772668,0.003912026934192693,0.0007109732093821174,0.0010311811106730418,0.24458360564183573,0.022189801001974534
33,0.06302882494877236,0.001612308427440103,0.00214488657839099,0.031743645795701735,0.0952582320879613,0.12617838390460442,0.002736239061508963,0.023665697385591766,0.01343194978375608,0.016238515244615934,0.003704225421896192,0.0006986641465399517,0.00097556264236817,0.24783855243966643,0.021616967455420247
34,0.06046296978027955,0.0016201603398748906,0.002148086287809072,0.03192291937590227,0.09783083139807178,0.12745902418610255,0.002725313967977788,0.023013328600007866,0.013357908809205218,0.015905173245739243,0.0034975686618378085,0.0006846489916274494,0.000920266550342891,0.25102849815216,0.02100765744954739
35,0.05799161813083623,0.0016286027584503343,0.002151391983320561,0.032070603630018756,0.10048582492587504,0.12865356086794352,0.00270946648401706,0.022312577300768365,0.013268075495394684,0.015537738431990545,0.0032931049034514758,0.0006690352457133813,0.0008655875398478553,0.254161429578604,0.020365466121003258
36,0.05561125753898018,0.0016376487973681054,0.002154793155230466,0.03218612794268015,0.1032252887767544,0.12976293943468653,0.002688607143092112,0.021568712478271832,0.013162336928372957,0.0151383899002511,0.003091766309152043,0.0006519323046305215,0.0008117862760582942,0.2572455478328049,0.019693874790091957
37,0.053318710482286584,0.0016473180866131507,0.0021582792498492393,0.03226910849964073,0.10604897778381325,0.13078961824316004,0.0026625959793196985,0.020787236440416485,0.013040566391406678,0.01470938575579157,0.0028943798327252467,0.0006334528403834055,0.000759092142548758,0.26028842844670946,0.01899631057144898
38,0.05111183575787291,0.0016576338778250875,0.002161838550725369,0.03231942653528474,0.10895183364884176,0.13173865801376006,0.002631217722092167,0.019974159141367076,0.012902686484772382,0.014253206018805087,0.002701696267897449,0.0006137185067814718,0.0007077108443924236,0.263295868526061,0.018276331637876432
39,0.048990162563813215,0.0016686187166141497,0.0021654565782491053,0.03233744670694817,0.11192062191361214,0.1326192886310694,0.0025941650842380036,0.01913635424629122,0.01274878087277848,0.013772795661690906,0.002514432718015311,0.0005928700168233122,0.0006578355766586776,0.26627042987521077,0.017537933973188206
40,0.04695500531729596,0.0016802893221403493,0.0021691154513927622,0.03232409263524619,0.11493271047573624,0.13344553034895937,0.00255109264922015,0.018281615945473315,0.012579183506978777,0.013271680439762346,0.0023332894786386935,0.0005710720814666342,0.0006096519678020758,0.26921094941938906,0.016785693967669747
41,0.04500590066938868,0.0016926755054075507,0.002172801218200337,0.03228010079423603,0.11797189944059676,0.1342287715558621,0.0025019007647257576,0.01741632616692327,0.012394049746754654,0.012752874660808057,0.002158778997915449,0.0005484675355378141,0.0005632957808185176,0.2721188979281079,0.016023416975079835
42,0.043132910842664296,0.0017058851700467823,0.0021765227415442134,0.03220366819255291,0.12106884247042299,0.13495851952646842,0.002447147477872748,0.01654012493581167,0.012191970474220952,0.012215893403041201,0.0019908024926760916,0.000525051168032269,0.0005187464704580856,0.27501463441057583,0.015250493534207647
43,0.0413506667220356,0.001719836378293925,0.0021802326322939466,0.032099903681801725,0.12424651010602564,0.13556466764964345,0.0023916766086571643,0.01568162345920967,0.011975715389094744,0.011669407694094337,0.0018306204900676048,0.0005012073179513097,0.00047633017739447754,0.277884477823536,0.014477565679507729
44,0.03970075631777376,0.001734120503975616,0.0021838099064896335,0.031984118923589,0.12747099781745147,0.13594982214574655,0.002343714604486769,0.0148980232287888,0.01175455934207595,0.011134324036435193,0.0016810494703054098,0.0004778394267377835,0.00043676743041927337,0.2806625577964736,0.01372998036389766
45,0.03813604147222926,0.001749147637313198,0.002187350763530478,0.03184449316411104,0.13081780634924106,0.1361599779367439,0.002298463716685014,0.014145286771168865,0.011520855276232197,0.010595924176419231,0.0015394987160262078,0.0004543312512930485,0.00039939052431977386,0.28342153477383886,0.012989144668058263
46,0.03662912940965625,0.0017653129042766054,0.002190904023509889,0.03167743559834915,0.13435746865714313,0.13618946637299634,0.002254171567941619,0.01340346481532104,0.011269046214061228,0.010047065549197947,0.001404696985089446,0.0004303860330984558,0.00036386922096028035,0.28620457141340216,0.01224601778834613
47,0.029984056256714922,0.0019503415241037606,0.0022061983757370226,0.031085677293748108,0.16516375229593994,0.12405191544740343,0.002176530649341606,0.009794032297706909,0.008679477623985172,0.007631300296449375,0.0010580077327101266,0.0003272238893879448,0.00027528719541465964,0.3011862306903919,0.009291819113962107
48,0.025297911460113835,0.0021060972259721563,0.0022216355220714616,0.02889316211922343,0.19210021663820587,0.11436864387810043,0.0020635403544123905,0.006963559679858961,0.0067031586090439904,0.005012119672176836,0.000672936903731676,0.00021495612774871979,0.00017542989229316422,0.31549596055057766,0.006075442595950396
49,0.0231502075796083,0.0022289291972512663,0.002231500471703966,0.02664487355995519,0.21246176279341006,0.10540808855811004,0.001924368415419636,0.005203881816600924,0.005338442347530615,0.0032813119467431117,0.00042656537411199123,0.00014067214566048454,0.00011125480885967133,0.3249981015835407,0.003959804275375259
50,0.021050655533511438,0.002518930857255571,0.002244131707329806,0.022480197997748683,0.25267169573924003,0.08220326303272267,0.0016133825734557742,0.002731718478080479,0.002825513064387582,0.001041137136651725,0.00013241630432028878,4.4709193473339964e-05,3.461848135510899e-05,0.33922005982349895,0.001252881115800463
51,0.020191081148316428,0.002855271112391226,0.002248985750288679,0.020114168328563848,0.28422982880651826,0.06017444857175283,0.0014203929649039804,0.0015360798232757647,0.000736071581814569,0.00018030956595718698,2.1954344784841692e-05,7.726588945770125e-06,5.7376601621801845e-06,0.3473607501664508,0.00021572815984997895
52,0.02001680793730951,0.0029636747741298318,0.0022497697402847914,0.01964093438365473,0.291910897294802,0.05451327067437598,0.0013935412524653922,0.0013262226684189239,0.00017765536713462894,4.09962328050292e-05,4.778432344964885e-06,1.7518713946204945e-06,1.246302517255101e-06,0.3491439318900623,4.877283906186968e-05
53,0.019976881204085882,0.00299133630393996,0.0022499469275717235,0.019530250422405224,0.29373611714691894,0.0531598965721361,0.0013869679775328058,0.0012786307227830483,4.1968305389808245e-05,9.45765702011624e-06,1.057067416504456e-06,4.032890598955132e-07,2.7505904749962367e-07,0.34956161241937095,1.1193072544015834e-05
54,0.019967368312052352,0.0029981120712326372,0.0022499886798694217,0.019503736699134078,0.29417527614595257,0.05283370763377986,0.0013853832987546673,0.001267311465957321,9.123873524994389e-06,2.0187507114706035e-06,2.164507032614171e-07,8.591421600919094e-08,5.618704343796209e-08,0.34966167854444435,2.377302674179174e-06
55,0.01996525961456255,0.0029996284454189936,0.0022499978128538234,0.01949784195634141,0.29427311551370305,0.05276096645050951,0.0013850332826420876,0.001264798706864557,1.794612666991502e-06,3.903009896715677e-07,4.014674184250619e-08,1.6578491228638914e-08,1.0396163581790985e-08,0.34968391395371917,4.574223863245038e-07
56,0.019964836898342882,0.0029999339472519208,0.0022499996180228503,0.019496657605565484,0.29429280434885335,0.05274631656898905,0.0013849636862831762,0.0012642939238960626,3.189875981962378e-07,6.820804938871925e-08,6.730318543270222e-09,2.8916203845954036e-09,1.7386071901312311e-09,0.34968837852802165,7.956859550671612e-08
57,0.019964760529970507,0.002999989358336576,0.0022499999395322904,0.01949644317653258,0.29429637383258866,0.05274365871243894,0.0013849512093427113,0.0012642025116665584,5.138842538682588e-08,1.0804061799823632e-08,1.02259111999296e-09,4.5713714302935943e-10,2.6351768448555757e-10,0.34968918626603684,1.2547307747331507e-08
58,0.0199647480581003,0.002999998440275675,0.002249999991291153,0.01949640808791377,0.29429695871013684,0.052743222906213666,0.0013849491881477078,0.0012641875488795579,7.531547988197422e-09,1.556966757222144e-09,1.4134280653629108e-10,6.574844353765854e-11,3.6334783131697985e-11,0.34968931835337774,1.8003927904277916e-09
59,0.019964746209246844,0.0029999997912321,0.0022499999988544847,0.01949640287651748,0.2942970456901125,0.05274315805166685,0.0013849488909075532,0.0012641853258871774,1.0080513328247225e-09,2.049108701918286e-10,1.7840368459048087e-11,8.635963308608932e-12,4.5750216824306965e-12,0.3496893379585741,2.359622236419163e-10
60,0.01996474595941798,0.0029999999743875964,0.0022499999998618855,0.019496402171058292,0.2942970574795213,0.05274314925543823,0.001384948851054717,0.001264185024863394,1.2366667200383175e-10,2.47194712489059e-11,2.063898744519306e-12,1.0397233871047283e-12,5.279802297485669e-13,0.34968934061087764,2.83510736102785e-11
61,0.019964745928523337,0.002999999997109797,0.0022499999999846822,0.019496402083670015,0.2942970589417615,0.05274314816375107,0.0013849488461642589,0.0012641849875616917,1.3954519467364449e-11,2.7429989168898492e-12,2.1960998185447367e-13,1.151411467178075e-13,5.604293063531594e-14,0.34968934093923854,3.1337929760974468e-12
62,0.019964745925013263,0.0029999999996990134,0.0022499999999984325,0.019496402073727333,0.2942970591083406,0.05274314803931055,0.0013849488456122488,0.0012641849833153875,1.4531770359005202e-12,2.8091610174495133e-13,2.1564927741345287e-14,1.1767968597994572e-14,5.489792033422554e-15,0.3496893409765788,3.1973879011771374e-13
63,0.019964745924646872,0.0029999999999709807,0.002249999999999852,0.019496402072682474,0.2942970591258287,0.05274314802624051,0.0013849488455549785,0.0012641849828701143,1.4010185925475275e-13,2.6636383368464034e-14,1.960469462972208e-15,1.1135609457633347e-15,4.978595117449045e-16,0.34968934098049437,3.020827328894448e-14
64,0.0199647459246112,0.0029999999999974023,0.0022499999999999864,0.019496402072581274,0.29429705912752296,0.05274314802497492,0.0013849488455489473,0.0012641849828265467,1.2543105592700871e-14,2.3455145913564582e-15,1.6550293345246493e-16,9.785542016165233e-17,4.192673665608346e-17,0.3496893409808734,2.6507996816266593e-15
65,0.019964745924607022,0.002999999999999784,0.0022499999999999972,0.019496402072574043,0.2942970591276871,0.05274314802484792,0.0013849488455493757,0.0012641849828232182,1.045809653443229e-15,1.9236151988343669e-16,1.3011833219660331e-17,8.00879789119494e-18,3.288231328483451e-18,0.34968934098090765,2.1667038232277543e-16
66,0.01996474592460627,0.0029999999999999827,0.0022499999999999985,0.01949640207257406,0.2942970591277097,0.05274314802482829,0.00138494884554945,0.00126418498282272,8.14284931128396e-17,1.47335488931799e-17,9.553248257060384e-19,6.121438459219022e-19,2.40831556700787e-19,0.34968934098091015,1.6541849121508626e-17
67,0.01996474592460648,0.0029999999999999975,0.0022499999999999985,0.01949640207257373,0.29429705912770926,0.052743148024828844,0.0013849488455498148,0.0012641849828230914,5.936192904690071e-18,1.0566697092096732e-18,6.567161120641404e-20,4.3810395949963805e-20,1.651499586700836e-20,0.34968934098091103,1.1826667122330593e-18
68,0.019964745924606456,0.0029999999999999983,0.0022499999999999985,0.01949640207257379,0.29429705912771187,0.05274314802482609,0.0013849488455499783,0.0012641849828231727,4.0618476006428814e-19,7.11363835109481e-20,4.237374262916228e-21,2.9431780341708954e-21,1.0630071165887199e-21,0.34968934098091115,7.937994292462394e-20
69,0.019964745924607178,0.0029999999999999983,0.0022499999999999985,0.019496402072572295,0.29429705912769005,0.05274314802484938,0.0013849488455483538,0.0012641849828221843,2.614847936430833e-20,4.505984692701453e-21,2.5723724910268217e-22,1.8603580269466722e-22,6.437420804248462e-23,0.34968934098091,5.013631952541286e-21
70,0.019964745924606543,0.0029999999999999983,0.0022499999999999985,0.019496402072573474,0.2942970591277024,0.05274314802483625,0.0013849488455491559,0.0012641849828226516,1.5872638510083845e-21,2.6915791498780105e-22,1.4725274798609673e-23,1.1088977116698989e-23,3.67604105095952e-24,0.3496893409809105,2.986482079540692e-22
71,0.019964745924606425,0.0029999999999999983,0.0022499999999999985,0.019496402072573714,0.294297059127708,0.05274314802483042,0.0013849488455493831,0.0012641849828226941,9.104503379384056e-23,1.5193924543725447e-23,7.965477845809556e-25,6.246366315665724e-25,1.9836632423254296e-25,0.34968934098091053,1.681347528410552e-23
72,0.019964745924607164,0.0029999999999999983,0.0022499999999999985,0.01949640207257234,0.29429705912770204,0.052743148024837205,0.0013849488455489943,0.0012641849828225304,4.944776074268903e-24,8.121907974138344e-25,4.079994066384736e-26,3.3318430603033624e-26,1.0135732326106086e-26,0.34968934098091076,8.964449010068214e-25
73,0.019964745924607587,0.0029999999999999983,0.0022499999999999985,0.01949640207257141,0.29429705912768245,0.05274314802485786,0.0013849488455476284,0.0012641849828217305,2.5477420497138464e-25,4.119150766324117e-26,1.982636901061591e-27,1.686161516111069e-27,4.913360749141241e-28,0.34968934098090965,4.535164215532795e-26
74,0.019964745924605735,0.0029999999999999983,0.0022499999999999985,0.01949640207257528,0.294297059127723,0.05274314802481364,0.001384948845551088,0.0012641849828239327,1.2476034195729208e-26,1.9856995695798e-27,9.157099357809567e-29,8.110847747759845e-29,2.2637772305293552e-29,0.34968934098091176,2.1810168129407876e-27
75,0.01996474592460668,0.0029999999999999983,0.0022499999999999985,0.01949640207257329,0.2942970591277055,0.05274314802483308,0.0013849488455494475,0.0012641849828228706,5.816535806820053e-28,9.114458530465583e-29,4.0267939600794485e-30,3.7148492381927555e-30,9.930610337745111e-31,0.34968934098091087,9.987928953670255e-29
76,0.019964745924606495,0.0029999999999999983,0.0022499999999999985,0.01949640207257353,0.29429705912770143,0.05274314802483723,0.0013849488455490268,0.0012641849828225597,2.586045188053084e-29,3.990041928888905e-30,1.6887516771332645e-31,1.6227139049825943e-31,4.154546489819914e-32,0.34968934098091026,4.36273395199869e-30
77,0.0199647459246067,0.0029999999999999983,0.0022499999999999985,0.019496402072573065,0.2942970591276992,0.05274314802483997,0.001384948845548596,0.0012641849828222025,1.0981794163622423e-30,1.66853571224664e-31,6.764873112798507e-33,6.770970474266789e-33,1.660195961718903e-33,0.34968934098091,1.820496107734482e-31
78,0.01996474592460556,0.0029999999999999983,0.0022499999999999985,0.019496402072575338,0.2942970591277209,0.052743148024816326,0.0013849488455501878,0.0012641849828230925,4.4609149662399344e-32,6.67503377142811e-33,2.592327090410028e-34,2.7028173637408466e-34,6.346466320636307e-35,0.34968934098091053,7.268012880049562e-33
79,0.019964745924605464,0.0029999999999999983,0.0022499999999999985,0.01949640207257546,0.29429705912772636,0.052743148024810914,0.0013849488455502678,0.0012641849828230428,1.7358175668721628e-33,2.5582782339786443e-34,9.516406701808829e-36,1.0336080785482099e-35,2.3241187567588344e-36,0.3496893409809106,2.780044296419142e-34
80,0.01996474592460636,0.0029999999999999983,0.0022499999999999985,0.01949640207257371,0.29429705912770443,0.052743148024834256,0.001384948845548962,0.0012641849828224116,6.478872700007832e-35,9.405989726708345e-36,3.3511636318859227e-37,3.791881272483337e-37,8.164409759249081e-38,0.3496893409809101,1.0201938314737763e-35
81,0.01996474592460677,0.0029999999999999983,0.0022499999999999985,0.01949640207257305,0.2942970591276929,0.052743148024846045,0.0013849488455486751,0.0012641849828224335,2.322560692611698e-36,3.3218568758927027e-37,1.1334837727662418e-38,1.3361974487899364e-38,2.75479343481345e-39,0.34968934098091,3.5963729323964555e-37
82,0.019964745924606182,0.0029999999999999983,0.0022499999999999985,0.019496402072574075,0.29429705912770787,0.05274314802483048,0.0013849488455492036,0.0012641849828225278,8.006390168452359e-38,1.1282543307269235e-38,3.6869079675208524e-40,4.5282849874590204e-40,8.938844360718017e-41,0.34968934098091015,1.2193451046374404e-38
83,0.019964745924606096,0.0029999999999999983,0.0022499999999999985,0.019496402072574477,0.2942970591277171,0.052743148024820434,0.00138494884555028,0.0012641849828233067,2.6571279685906332e-39,3.689664622126769e-40,1.1546251400366577e-41,1.4775709049535178e-41,2.792583985716004e-42,0.34968934098091115,3.980810066482947e-40
84,0.019964745924606533,0.0029999999999999983,0.0022499999999999985,0.019496402072573502,0.2942970591277084,0.05274314802483016,0.0013849488455493864,0.0012641849828227143,8.499116066413987e-41,1.163054761309023e-41,3.4852290449604413e-43,4.647229464528875e-43,8.408984593972851e-44,0.3496893409809107,1.2527883309978892e-41
85,0.01996474592460696,0.0029999999999999983,0.0022499999999999985,0.01949640207257296,0.2942970591277103,0.05274314802482799,0.0013849488455500568,0.0012641849828233063,2.6228712034167578e-42,3.537554911054648e-43,1.0150557212177782e-44,1.4103523116818324e-44,2.4431492012191057e-45,0.34968934098091164,3.804527206356801e-43
86,0.019964745924606873,0.0029999999999999983,0.0022499999999999985,0.019496402072573128,0.2942970591277084,0.05274314802482978,0.0013849488455500018,0.0012641849828232807,7.817294350343177e-44,1.0392746244340696e-44,2.855297104252921e-46,4.1341222119797475e-46,6.8558324190072565e-47,0.3496893409809115,1.1160246500154036e-44
87,0.01996474592460579,0.0029999999999999983,0.0022499999999999985,0.01949640207257488,0.29429705912770815,0.05274314802482956,0.0013849488455496312,0.0012641849828229342,2.2522978618326503e-45,2.9518552559047433e-46,7.764783363675018e-48,1.171587772854463e-47,1.8598929672507787e-48,0.34968934098091026,3.1652607964994477e-46
88,0.019964745924606637,0.0029999999999999983,0.0022499999999999985,0.019496402072573395,0.29429705912770304,0.05274314802483541,0.0013849488455493556,0.001264184982822813,6.278832291433528e-47,8.113180228007226e-48,2.0432334210139724e-49,3.2128912850916948e-49,4.882331687621471e-50,0.3496893409809106,8.687616015494007e-48
89,0.01996474592460683,0.0029999999999999983,0.0022499999999999985,0.01949640207257305,0.2942970591277043,0.05274314802483432,0.0013849488455494484,0.0012641849828228843,1.6950823029502077e-48,2.159700470269034e-49,5.207058751195459e-51,8.533398701808418e-51,1.241233414875347e-51,0.349689340980911,2.3095173789478263e-49
90,0.019964745924606668,0.0029999999999999983,0.0022499999999999985,0.019496402072573134,0.2942970591276912,0.05274314802484786,0.0013849488455483997,0.0012641849828222353,4.435258953560421e-50,5.572621081373198e-51,1.2862053996028249e-52,2.1968996983323765e-52,3.058609382944915e-53,0.3496893409809097,5.951517684996167e-51
91,0.019964745924606883,0.0029999999999999983,0.0022499999999999985,0.019496402072572735,0.2942970591276972,0.05274314802484219,0.001384948845548425,0.001264184982822071,1.1256519010781613e-51,1.394856523630291e-52,3.081855119316195e-54,5.486573036692049e-54,7.311048471834098e-55,0.34968934098090987,1.4878518536622074e-52
92,0.019964745924607435,0.0029999999999999983,0.0022499999999999985,0.019496402072571938,0.2942970591276926,0.0527431480248468,0.0013849488455487222,0.0012641849828224714,2.773134388211564e-53,3.389441184679975e-54,7.168410881432029e-56,1.3302077200591033e-55,1.6964660283729543e-56,0.34968934098091053,3.611110725783935e-54
93,0.019964745924606408,0.0029999999999999983,0.0022499999999999985,0.019496402072573846,0.2942970591277076,0.052743148024830495,0.0013849488455497446,0.0012641849828230673,6.636346705923606e-55,8.00137470499879e-56,1.619764888831382e-57,3.133102760712483e-57,3.8241083530641126e-58,0.34968934098091087,8.514902553483818e-56
94,0.019964745924606273,0.0029999999999999983,0.0022499999999999985,0.019496402072573887,0.29429705912770415,0.05274314802483435,0.0013849488455490832,0.0012641849828225532,1.5437391970446153e-56,1.8362598739009244e-57,3.557908748426985e-59,7.1740084443313005e-59,8.379730830723109e-60,0.34968934098091015,1.9519587766592304e-57
95,0.01996474592460672,0.0029999999999999983,0.0022499999999999985,0.019496402072573298,0.29429705912771015,0.05274314802482816,0.0013849488455498365,0.0012641849828231026,3.4929094598725334e-58,4.099380411991779e-59,7.602091731412538e-61,1.597948632464211e-60,1.7861855439219683e-61,0.34968934098091126,4.353058047991545e-59
96,0.019964745924606116,0.0029999999999999983,0.0022499999999999985,0.019496402072574408,0.2942970591277157,0.05274314802482195,0.0013849488455502208,0.0012641849828233097,7.691981425944049e-60,8.908108279482107e-61,1.5810141350592316e-62,3.4645447739042735e-62,3.70585639978834e-63,0.34968934098091115,9.44972273437634e-61
97,0.019964745924606706,0.0029999999999999983,0.0022499999999999985,0.019496402072573277,0.29429705912770643,0.05274314802483205,0.001384948845549611,0.0012641849828229988,1.6496180884631163e-61,1.8853517332502055e-62,3.2022808059320256e-64,7.315912727270254e-64,7.488120168594508e-65,0.3496893409809111,1.998021788750823e-62
98,0.019964745924606654,0.0029999999999999983,0.0022499999999999985,0.019496402072573506,0.29429705912771287,0.052743148024825125,0.001384948845550214,0.001264184982823381,3.4472128740110545e-63,3.888515042875075e-64,6.32046709675293e-66,1.5054793135733009e-65,1.4744306069427078e-66,0.3496893409809116,4.117011951269361e-64
99,0.01996474592460703,0.0029999999999999983,0.0022499999999999985,0.01949640207257297,0.29429705912772175,0.05274314802481617,0.0013849488455508407,0.0012641849828237334,7.023063018316266e-65,7.819762725624242e-66,1.2162956419423875e-67,3.0206401486028615e-67,2.830592253615812e-68,0.34968934098091253,8.271762227214924e-66
100,0.019964745924606727,0.0029999999999999983,0.0022499999999999985,0.019496402072572916,0.2942970591276911,0.052743148024848356,0.0013849488455480322,0.0012641849828218838,1.395669709015567e-66,1.5340702101848456e-67,2.2832477171710371e-69,5.912411797078669e-69,5.300971212768314e-70,0.3496893409809094,1.6213277765401108e-67
101,0.01996474592460679,0.0029999999999999983,0.0022499999999999985,0.01949640207257306,0.29429705912770127,0.05274314802483752,0.0013849488455490908,0.0012641849828226093,2.7067637219045268e-68,2.9373274075548196e-69,4.183161438094343e-71,1.1294981466127546e-70,9.688857276526657e-72,0.34968934098091053,3.101797693873565e-69
102,0.019964745924606675,0.0029999999999999983,0.0022499999999999985,0.01949640207257334,0.294297059127712,0.05274314802482644,0.0013849488455497123,0.0012641849828229066,5.125476621763433e-70,5.4918560835964776e-71,7.48338954667746e-73,2.107006260901212e-72,1.729151687554691e-73,0.3496893409809111,5.794682122028921e-71
103,0.019964745924606273,0.0029999999999999983,0.0022499999999999985,0.01949640207257406,0.2942970591277139,0.05274314802482402,0.0013849488455499692,0.0012641849828231378,9.480474891665693e-72,1.0030923292447968e-72,1.307765056710277e-74,3.83973248449933e-74,3.014620031628685e-75,0.3496893409809111,1.0575819246885218e-72
104,0.019964745924606463,0.0029999999999999983,0.0022499999999999985,0.01949640207257374,0.2942970591277068,0.052743148024831356,0.001384948845549681,0.0012641849828230337,1.7136617861731164e-73,1.790624350800599e-74,2.233499233867985e-76,6.83876799134031e-76,5.1363912052991255e-77,0.3496893409809109,1.886483414257981e-74
105,0.01996474592460639,0.0029999999999999983,0.0022499999999999985,0.019496402072573856,0.2942970591277115,0.05274314802482666,0.0013849488455497468,0.001264184982822946,3.028297571257138e-75,3.125278247023922e-76,3.72945704617321e-78,1.190900339957007e-77,8.556352508971885e-79,0.3496893409809108,3.290219203990327e-76
106,0.019964745924606366,0.0029999999999999983,0.0022499999999999985,0.019496402072573644,0.29429705912770143,0.052743148024837434,0.001384948845548655,0.0012641849828221863,5.233858833797502e-77,5.335371895227946e-78,6.090886691633242e-80,2.0284526115413626e-79,1.3941057160233314e-80,0.34968934098090976,5.613067080458648e-78
107,0.019964745924606432,0.0029999999999999983,0.0022499999999999985,0.01949640207257382,0.294297059127716,0.052743148024822,0.0013849488455500859,0.0012641849828231779,8.850337616446881e-79,8.912436224625458e-80,9.733178160561737e-82,3.3807278230679217e-81,2.2225081384419913e-82,0.34968934098091126,9.370065869922288e-80
108,0.019964745924606283,0.0029999999999999983,0.0022499999999999985,0.019496402072574155,0.29429705912772264,0.05274314802481501,0.001384948845550518,0.0012641849828233884,1.4647702625602215e-80,1.4572730614100003e-81,1.5223878343459607e-83,5.515292431637365e-83,3.468078169198753e-84,0.34968934098091153,1.5311179422390324e-81
109,0.019964745924606935,0.0029999999999999983,0.0022499999999999985,0.019496402072572683,0.2942970591276928,0.05274314802484649,0.0013849488455484615,0.001264184982822244,2.3735694747300332e-82,2.3331823359200267e-83,2.3315412200200415e-85,8.810294389338067e-85,5.2988662588847054e-86,0.34968934098091,2.4498995582724927e-83
110,0.019964745924606335,0.0029999999999999983,0.0022499999999999985,0.019496402072573814,0.2942970591277077,0.05274314802483078,0.001384948845549198,0.001264184982822527,3.7670537989208776e-84,3.6590126360625e-85,3.4974579357088046e-87,1.378542448353276e-86,7.929942961963871e-88,0.3496893409809102,3.8397714032168795e-85
111,0.0199647459246061,0.0029999999999999983,0.0022499999999999985,0.019496402072574363,0.29429705912771575,0.05274314802482205,0.0013849488455499887,0.0012641849828230933,5.857440601825373e-86,5.622441439543477e-87,5.1403421533200004e-89,2.1134700171000192e-88,1.1627563626161048e-89,0.3496893409809109,5.89681942641284e-87
112,0.01996474592460665,0.0029999999999999983,0.0022499999999999985,0.01949640207257344,0.2942970591277159,0.05274314802482225,0.0013849488455501364,0.00126418498282325,8.925925839732339e-88,8.46768019973216e-89,7.40447983074296e-91,3.175784284943782e-90,1.6709822194026706e-91,0.34968934098091153,8.876013248727994e-89
113,0.019964745924606776,0.0029999999999999983,0.0022499999999999985,0.019496402072573107,0.29429705912770515,0.052743148024833535,0.001384948845549299,0.0012641849828227017,1.3334161462215255e-89,1.2502870500900224e-90,1.0456529867371083e-92,4.6785601396668847e-92,2.3542191650689466e-93,0.3496893409809107,1.3098834005191312e-90
114,0.019964745924606054,0.0029999999999999983,0.0022499999999999985,0.01949640207257446,0.2942970591277173,0.052743148024820455,0.0013849488455499612,0.0012641849828229825,1.9532949656357088e-91,1.8104352092412323e-92,1.4480831452780095e-94,6.759304313640276e-94,3.2526423466793666e-95,0.3496893409809107,1.8957617261770947e-92
115,0.019964745924606113,0.0029999999999999983,0.0022499999999999985,0.01949640207257413,0.29429705912770515,0.052743148024833306,0.001384948845548998,0.0012641849828224385,2.806579823243695e-93,2.5715888323330017e-94,1.967115319378628e-96,9.579386987834671e-96,4.408162759613303e-97,0.34968934098091,2.6914620181647487e-94
116,0.019964745924606772,0.0029999999999999983,0.0022499999999999985,0.019496402072573086,0.29429705912770526,0.0527431480248335,0.0013849488455492556,0.0012641849828226627,3.95646688529353e-95,3.584082904739347e-96,2.6218595592461497e-98,1.3320855150607754e-97,5.86170163078497e-99,0.3496893409809107,3.749371753468671e-96
117,0.019964745924606463,0.0029999999999999983,0.0022499999999999985,0.01949640207257377,0.29429705912771686,0.05274314802482115,0.0013849488455500982,0.0012641849828231556,5.473522906011791e-97,4.902536058231744e-98,3.4295786478745e-100,1.8179983017153206e-99,7.64967598821353e-101,0.34968934098091126,5.1262813508702346e-98
118,0.019964745924607494,0.0029999999999999983,0.0022499999999999985,0.019496402072571667,0.2942970591276727,0.052743148024867306,0.001384948845547595,0.0012641849828219586,7.432930937695115e-99,6.583151176465444e-100,4.4038050601556436e-102,2.4357118873550682e-101,9.79985995069132e-103,0.34968934098090954,6.880560275753199e-100
119,0.01996474592460637,0.0029999999999999983,0.0022499999999999985,0.019496402072573513,0.29429705912769977,0.05274314802483949,0.001384948845548064,0.0012641849828216173,9.910315332374854e-101,8.679948993561989e-102,5.55228313396385e-104,3.2042729929648407e-103,1.2326915741708478e-104,0.349689340980909,9.06822603993982e-102
120,0.019964745924606404,0.0029999999999999983,0.0022499999999999985,0.019496402072573943,0.29429705912771326,0.05274314802482451,0.0013849488455502054,0.0012641849828233462,1.2976145238675082e-102,1.1240018588888577e-103,6.87492095786648e-106,4.14000148185528e-105,1.5228008616778357e-106,0.3496893409809113,1.1737995955269548e-103
121,0.019964745924606484,0.0029999999999999983,0.0022499999999999985,0.01949640207257357,0.2942970591277017,0.052743148024836865,0.001384948845549104,0.0012641849828226202,1.6688901186407748e-104,1.429802131571117e-105,8.36198012419546e-108,5.2545007913670494e-107,1.847900868425834e-108,0.3496893409809103,1.492557020477409e-105
122,0.01996474592460687,0.0029999999999999983,0.0022499999999999985,0.019496402072573006,0.2942970591276955,0.05274314802484316,0.0013849488455491884,0.0012641849828228628,2.1087402598009816e-106,1.7870345891597727e-107,9.99275198212255e-110,6.552567425960923e-109,2.2031818459229855e-110,0.3496893409809107,1.8647561972474274e-107
123,0.019964745924606158,0.0029999999999999983,0.0022499999999999985,0.019496402072574193,0.2942970591277062,0.05274314802483191,0.001384948845549418,0.0012641849828227878,2.618290818241617e-108,2.1949458319969696e-109,1.1734958240113454e-111,8.030200102966449e-111,2.5813331287564515e-112,0.3496893409809103,2.289564124395504e-109
124,0.01996474592460655,0.0029999999999999983,0.0022499999999999985,0.019496402072573662,0.2942970591277128,0.052743148024825194,0.0013849488455501097,0.0012641849828232683,3.195178196910236e-110,2.6499094021465956e-111,1.3545067530535198e-113,9.67294339892552e-113,2.9726414940201618e-114,0.34968934098091137,2.7631565451604066e-111
125,0.01996474592460651,0.0029999999999999983,0.0022499999999999985,0.019496402072573506,0.2942970591276969,0.052743148024841834,0.0013849488455488401,0.0012641849828224866,3.8329628700801954e-112,3.14509753149313e-113,1.536963910055511e-115,1.145480954454465e-114,3.3653131197447943e-116,0.3496893409809101,3.2783805791588767e-113
126,0.019964745924606814,0.0029999999999999983,0.0022499999999999985,0.019496402072573096,0.2942970591277055,0.05274314802483308,0.001384948845549533,0.001264184982822933,4.5207811000105116e-114,3.670368589054204e-115,1.7147697406909555e-117,1.333799891026316e-116,3.7460163687832283e-118,0.349689340980911,3.8246422919325286e-115
127,0.019964745924606724,0.0029999999999999983,0.0022499999999999985,0.019496402072573096,0.29429705912769166,0.05274314802484732,0.001384948845548554,0.0012641849828223637,5.24331457879721e-116,4.212418709077589e-117,1.8814019861813656e-119,1.527358250011335e-118,4.100616177768239e-120,0.3496893409809099,4.388069170118305e-117
128,0.019964745924606737,0.0029999999999999983,0.0022499999999999985,0.019496402072573225,0.294297059127705,0.052743148024833486,0.00138494884554951,0.0012641849828229194,5.981133454773062e-118,4.755222524088494e-119,2.0303100935318292e-121,1.7203221576278996e-120,4.4150454703770614e-122,0.3496893409809109,4.951972886256979e-119
129,0.0199647459246065,0.0029999999999999983,0.0022499999999999985,0.019496402072573533,0.2942970591277049,0.05274314802483374,0.0013849488455491717,0.0012641849828225879,6.711432756413485e-120,5.280757723116536e-121,2.1553457123281577e-123,1.9061889111288544e-122,4.6762385914650785e-124,0.34968934098091037,5.497606309944168e-121
130,0.019964745924606446,0.0029999999999999983,0.0022499999999999985,0.019496402072573756,0.29429705912770493,0.052743148024833236,0.0013849488455496117,0.001264184982823021,7.409139333396722e-122,5.7699749134123215e-123,2.2511874941626303e-125,2.0781438610438106e-124,4.873039626461949e-126,0.3496893409809108,6.0051742140847917e-123
131,0.01996474592460624,0.0029999999999999983,0.0022499999999999985,0.019496402072574096,0.29429705912771426,0.0527431480248238,0.0013849488455498686,0.001264184982823008,8.048321484269924e-124,6.203942493539509e-125,2.3137189306431016e-127,2.2294754373593833e-126,4.996996859889187e-128,0.3496893409809109,6.455024223441767e-125
132,0.019964745924606966,0.0029999999999999983,0.0022499999999999985,0.019496402072572555,0.29429705912769005,0.05274314802484947,0.001384948845548137,0.0012641849828220135,8.603792734463833e-126,6.5650706549544545e-127,2.3403216610114855e-129,2.3540130194362007e-128,5.0429642052935325e-130,0.3496893409809097,6.828918137713484e-127
133,0.019964745924606123,0.0029999999999999983,0.0022499999999999985,0.019496402072574245,0.29429705912770876,0.05274314802482938,0.0013849488455494616,0.0012641849828227607,9.052770966250088e-128,6.838303325059723e-129,2.330055174783285e-131,2.4465474986020623e-130,5.0094501440684505e-132,0.3496893409809103,7.111268076811831e-129
134,0.019964745924606883,0.0029999999999999983,0.0022499999999999985,0.019496402072572895,0.29429705912769977,0.052743148024839114,0.0013849488455490618,0.0012641849828226143,9.376439300924235e-130,7.012164608091088e-131,2.2837060047399395e-133,2.503194288433951e-132,4.898681901723683e-134,0.3496893409809106,7.290219778883604e-131
135,0.019964745924606717,0.0029999999999999983,0.0022499999999999985,0.019496402072573384,0.2942970591277158,0.052743148024822266,0.0013849488455502643,0.0012641849828233492,9.561258697623647e-132,7.07955794896846e-133,2.2037036649208396e-135,2.5216634083461807e-134,4.716383487776147e-136,0.3496893409809117,7.358477709940063e-133
136,0.019964745924606533,0.0029999999999999983,0.0022499999999999985,0.019496402072573794,0.2942970591277183,0.0527431480248193,0.0013849488455506499,0.0012641849828236528,9.599904373083067e-134,7.038240623900078e-135,2.0939147754669008e-137,2.5014105593414524e-136,4.471296555632994e-138,0.3496893409809119,7.313792124144523e-135
137,0.019964745924605905,0.0029999999999999983,0.0022499999999999985,0.019496402072574928,0.2942970591277236,0.05274314802481343,0.0013849488455509595,0.0012641849828238015,9.491736254043211e-136,6.890930096737522e-137,1.9593391219382714e-139,2.4436556102774865e-138,4.1744987447095004e-140,0.3496893409809118,7.159063547729362e-137
138,0.019964745924607303,0.0029999999999999983,0.0022499999999999985,0.01949640207257219,0.29429705912769166,0.05274314802484748,0.0013849488455488453,0.0012641849828226388,9.242762719566833e-138,6.645037693488217e-139,1.8057402733795974e-141,2.3512689272704737e-140,3.8385920609640456e-142,0.34968934098091065,6.902060581010023e-139
139,0.01996474592460699,0.0029999999999999983,0.0022499999999999985,0.01949640207257264,0.2942970591276946,0.052743148024844616,0.0013849488455486335,0.001264184982822353,8.865110236628068e-140,6.312063687154193e-141,1.6392478724612763e-143,2.2285396194065574e-142,3.476842075389427e-144,0.3496893409809102,6.554786969894851e-141
