,Rs,Rj,Ra,Sj,Sa,Sb,Sga,Sgb,Cj,Ca,Cb,Cga,Cgb,Clupeid adult,Cod adult
0,0.12006023266324754,0.0029739432171125954,0.0025136827045829976,0.030008452998383738,0.1798824732990529,0.061095188916459764,0.002306290608639487,0.006483592170932852,0.003614480967583772,0.004891310028701127,0.002653676340781611,0.00013777996149803523,0.0004773657581358532,0.24976754499508497,0.008160132089116626
1,0.15640892459994193,0.003034796357372712,0.0025147906609504825,0.025548444479781905,0.14670452991793137,0.052538308384708965,0.0019167389711355288,0.006283194774298386,0.0030975276714630454,0.004302086630818912,0.0022907703657785816,0.00011361436501691248,0.00038997891665096176,0.20744277204807426,0.007096450278265369
2,0.15060030763971516,0.002958804125655912,0.002511283018276244,0.0259413055784242,0.1490462022563162,0.05634822960010796,0.002100915461844698,0.006564450847399735,0.003712404035511321,0.0050869136574918355,0.0025945737735408336,0.00014375486128767164,0.00046553133123576786,0.21405979816566864,0.00829077362355611
3,0.12635650884510694,0.0029852751212640265,0.0025311777292380206,0.02966002021305778,0.16874717565330588,0.06266911770792531,0.002304938123490381,0.0073160230736359745,0.0036644665236992436,0.004871511799652541,0.00238178264871887,0.0001473513707162995,0.0004614184803065495,0.24103725455835756,0.007862064299394258
4,0.14699698754098064,0.0030083231550127056,0.0025159548267285744,0.02719179063368871,0.15300531309364815,0.055812305039275,0.0020393762720668117,0.006501431468008374,0.0032439188445330526,0.004578540571224952,0.0022092591432794845,0.00012252123700137556,0.000379085646509248,0.21735842587299833,0.00728940659801506
5,0.1462467556510402,0.0029557674857672227,0.00251308977520816,0.02727032333993836,0.14959371618907832,0.05855751350855642,0.002092015018108732,0.00711395723774117,0.003739043473476124,0.005198164996339221,0.0024179255589040285,0.00014631969285205465,0.00042899865294757306,0.21735720195348462,0.008191408901042878
6,0.14356707398556323,0.002932268221350681,0.002512418937399795,0.027793594047860956,0.15005382130663258,0.06025205622269446,0.002169764902990784,0.007428446242953419,0.003926041121662117,0.005468703710493121,0.0024564064860753392,0.00015579990072906515,0.00044049551544753855,0.21990408867527125,0.008521405612745064
7,0.14143365530059895,0.002903039270559826,0.0025113573086359745,0.028163127224689093,0.14952259178336233,0.06226131190052648,0.002198385016382455,0.007668038959026898,0.004171976919256363,0.005811968970311635,0.0025206407494515626,0.00016768567802085722,0.00045783410963113914,0.22165032765929815,0.008958129507415194
8,0.15199510905219146,0.002847743223477598,0.002493761972457724,0.026904725726833972,0.13950857351706514,0.05976403294283327,0.002115685746385717,0.007693882921954916,0.004408022849161882,0.006319690823675323,0.0026804241447468263,0.00016868674316941298,0.00045620134249357836,0.209082175128239,0.009625003054085141
9,0.1468284024773409,0.0029020592527961987,0.002512908882675869,0.028149237574630687,0.13994922312518016,0.06327228179230215,0.0021740855016825923,0.008370719086117645,0.004157653041757739,0.005855812299211266,0.0024056380009436136,0.00016758672460834214,0.0004324395082428274,0.21376630950528258,0.008861476533006049
10,0.13562384626580032,0.0027888513908162177,0.002506674086507642,0.02945226346607423,0.1453616842163667,0.06902699339350689,0.0024100609724667828,0.009165014829840478,0.005178798967959288,0.007157798998634895,0.002795786587480596,0.00021666424581158505,0.0005267798174263157,0.2259637534121808,0.010697029649353392
11,0.13819393945800001,0.0028673096901924767,0.002513378969802891,0.02993184382610728,0.14548491894073232,0.06583202324291153,0.0022670648524598393,0.008779075122369105,0.0044233714557718505,0.006267366240748438,0.002407984571608863,0.00018154320324851163,0.00043916272883486415,0.22236308215847284,0.009296056744440676
12,0.16338890816219867,0.0028258649069233155,0.002496501453285168,0.026346667455172997,0.12110525039207425,0.06122033962416208,0.0020608989318101527,0.008677453636786302,0.0045551740752968395,0.006697355439972388,0.0025135361538611927,0.000178873918948697,0.00042551912775459224,0.19306394258483278,0.009815284640536869
13,0.16648245909669618,0.0027497115132239123,0.0024883527384717526,0.026135830297210227,0.1154189953561416,0.06201783247175573,0.0020476147546076777,0.009131238794743615,0.005077300211539471,0.007429343105357819,0.0026601304445305,0.00019735980419428495,0.0004612718238803436,0.18861568137724863,0.010748105177962947
14,0.1518797722665407,0.0027756455643342406,0.0024999383409932217,0.028363905765946634,0.12824782468669063,0.0652448238164014,0.0022168889622901965,0.009275720350430951,0.004938423671387051,0.0072553605688723535,0.002455301066301706,0.00020009205000564895,0.0004442082868502962,0.2049852578158132,0.010354961972030003
15,0.12920437408210625,0.0026253206497461935,0.0025010744999487584,0.03140528517785423,0.13967736699987612,0.07626442273606775,0.0025351456910998847,0.01098077867511316,0.006465358184221721,0.008912816256407899,0.0028235756248699657,0.00027555648605003284,0.000568684722848981,0.2294577141021569,0.01258063309017688
16,0.15518047167939863,0.002607117667746823,0.00248845767316251,0.028130126709108565,0.11705624306316066,0.06913969273236467,0.0022557339846192436,0.010818532104470275,0.006305740630268877,0.008955369507369314,0.0026953027916399894,0.00025642784310979855,0.0005241155427908206,0.19927020188461483,0.012431215684909923
17,0.14574836028884638,0.0025428066827467093,0.0024885940541196938,0.029429382104207556,0.12317404363792123,0.07296518550462719,0.0023665326006548824,0.010993403438779834,0.0069016253581213926,0.00967486319797137,0.0027686804427224194,0.0002876684479361219,0.0005549348326927933,0.20949916518198317,0.013286146921322703
18,0.1414800247110248,0.0025250998230820503,0.0024930357685657907,0.03012329412279798,0.12341330461872865,0.07591731140966058,0.002482441315955363,0.011867097108695972,0.007077922292886906,0.009783954871760255,0.002662031592256403,0.0002993088005954359,0.0005431030468950518,0.2136801544530406,0.013288398311507148
19,0.14491145761792862,0.0024978431450378485,0.0024930222196207076,0.029723854025178468,0.11886919321025524,0.07585946206784762,0.002470960952304285,0.01214285633425006,0.007259017161832296,0.009957433644321327,0.0025763199202296994,0.0003073785242616611,0.0005287837380275901,0.20934247256465718,0.013369915826840276
20,0.14002745545049913,0.002477792144737906,0.0024960765807129346,0.030928707246779763,0.11998616527000025,0.07848299461272346,0.002494469554223786,0.012595943513675413,0.0074786461319562205,0.010096634876566266,0.0024889844189110344,0.0003183116950963545,0.0005160099847184289,0.21355957295062286,0.013419940975292085
21,0.13911106484088498,0.0024033030020289225,0.002494142521042419,0.030857355265866766,0.1165504454998798,0.08164302875722262,0.002586505639881448,0.013548620195048433,0.008227068057827584,0.010862675263495665,0.0025752382102924238,0.00035147971105469464,0.0005406242931936563,0.2143286000920323,0.014330017478036442
22,0.14351646766498852,0.002423299812130284,0.002498886654579071,0.030425093215316976,0.11297755315835684,0.07986829104743509,0.002564323744563778,0.013611862749849662,0.007905009890313524,0.010291788862553887,0.0023033945915344406,0.0003316164975873718,0.000481806771059378,0.20902203070020534,0.013408606722735078
23,0.14961985981693804,0.0023107101519473003,0.0024880146692589033,0.029571334968766322,0.10536019745915727,0.07987150749112998,0.0024703798448258763,0.014036482603699954,0.008838197882008465,0.011250829239705766,0.002439991068676022,0.00036156661830650226,0.0005087790613412698,0.2017385673988131,0.01456116598802956
24,0.13792192641579545,0.0022863523097147015,0.002493818623309395,0.03132665982166865,0.11036899165607691,0.0861192371297878,0.0026435791907111973,0.015076935793026778,0.009367409851763556,0.011689152649152514,0.002443371779963752,0.0003897580116370439,0.0005180709991178576,0.21420874376960267,0.015040353439871168
25,0.13481530307561185,0.002268268642097433,0.002495920710751555,0.031790830187647966,0.11113307613543887,0.08813465268976323,0.002708861724307055,0.01553643273571362,0.009600086400179116,0.011815139265639648,0.002363809431659954,0.00039809411763818504,0.0005028204161100261,0.2175130232852227,0.015079863231047815
26,0.13976373784291007,0.0022279096529571286,0.0024933602412578436,0.031196709599726404,0.10550681302560998,0.08750529951394041,0.0026514018902673428,0.015851623447460186,0.009905298853402578,0.011948159123867323,0.0022878601206185313,0.0004004397673809258,0.0004844541864026546,0.21151513787727788,0.015120913198269435
27,0.14817618279643527,0.0022166090476012953,0.0024947913820037326,0.030167494676197414,0.09813446999342494,0.085061714818621,0.002552002454013177,0.016031135566877675,0.009859061917136766,0.011563286494746567,0.002100505194280951,0.0003846862898707732,0.0004422930412363248,0.2017793228329368,0.014490771020134616
28,0.13465363805302435,0.002251071447371362,0.0025039131043302384,0.032375308302171876,0.10748992893500317,0.08963799710239814,0.002720931958593759,0.016292588201038703,0.009778883778491223,0.011328687564073313,0.001948760735749441,0.00038436437588216556,0.00041341657789139717,0.21614144619703374,0.014075229253596317
29,0.14207593034968852,0.0021627649768730917,0.002496764527634672,0.03109529164759121,0.09840518778897489,0.08980002274549902,0.0026605549455748006,0.017190344600706283,0.010595320521528478,0.012020432436468699,0.0020067456604367256,0.0004073940685248961,0.0004249526143767854,0.20805611008075497,0.014859524779807107
30,0.13236828950946364,0.0021743295132448095,0.002502906545403062,0.03281663823110739,0.10356429432773578,0.09377891390119064,0.0027850051923365947,0.017822276072187736,0.01075151184626089,0.01195723743041758,0.001897486831321653,0.00041144721241881144,0.0004039216295843814,0.21795048949345078,0.014670093103742426
31,0.13611818031296263,0.002149410911185504,0.002502318339402609,0.03238587066628363,0.09945796406468495,0.09319625373577219,0.002742732929772752,0.018065221383827535,0.010928830575972742,0.011903779017759979,0.0017983691898007688,0.0004076985507303054,0.0003811637880688686,0.21346217211405744,0.014491010546359923
32,0.13607651938901064,0.0021170218232246553,0.002501909859374476,0.032457308058704726,0.09703302304868283,0.09468146514782691,0.0027529579620680232,0.018741875335558267,0.011338107971065464,0.012115358728540245,0.0017532249684674777,0.00041650013689444363,0.0003716544477453683,0.21320932149413604,0.014656738281647532
33,0.13718443854338283,0.0020939379903709182,0.0025016882468943077,0.03235838569033267,0.09460348977712771,0.09523929728110164,0.0027484655842098483,0.01916343162489762,0.011595230402889144,0.012180381633312783,0.0016830191340346649,0.00041866492141834745,0.0003561280272714558,0.21175468426733685,0.014638193716037255
34,0.13225654394145145,0.002093226869157644,0.002504598283057553,0.03327989227845044,0.09596621113110511,0.09802266710133273,0.002822404766268113,0.019823857610543043,0.01178192342619276,0.012164484087023811,0.001598377810601236,0.00042046837218532093,0.0003385338980062327,0.21663514060924893,0.0145218641678166
35,0.13652734774749423,0.002052047381646843,0.0025015882242268098,0.03255125765678848,0.09156860756510143,0.09760920585852816,0.002762329106214741,0.0201826959043904,0.012168827411958226,0.012412950882527675,0.0015688293520765072,0.0004280187848437691,0.0003314750222162907,0.21212283843423474,0.014741274041664238
36,0.12847987238479489,0.002053980144932087,0.002504242504029846,0.03377146431187938,0.09571276900466759,0.10143991392031139,0.0028757598257355284,0.020711277818445655,0.0124101869328204,0.01260547405628938,0.0015177862214926193,0.0004386470307727927,0.0003215979832163864,0.2207397205691602,0.014883505291771178
37,0.12673343870028767,0.0020563441130102274,0.0025066630867266624,0.03418541709821134,0.09568126150093167,0.10257955392260391,0.002908033227890337,0.021122931349778266,0.012463496380075652,0.01241017752639726,0.0014176994482194621,0.00043172699499105077,0.0002998289504012366,0.22229178000120423,0.014559432920009012
38,0.12600116663255878,0.0020452012475181552,0.002507429765146691,0.03432069136496824,0.09490263707110552,0.10364765034260831,0.002920912425332499,0.021554184176806664,0.01265040604285304,0.012408407939672223,0.0013529213545462745,0.0004318712002988048,0.0002857884554791327,0.22302538401585298,0.014478988949996436
39,0.1244561062881,0.002026195549188172,0.002507110925048696,0.03452084953925984,0.09445997265014125,0.1052990272065293,0.0029395897462554687,0.0220693095526933,0.012959183756111988,0.012585403218848186,0.001315183472502785,0.00043876597121933426,0.0002777008298830252,0.22476789915561932,0.014617053492453331
40,0.12731278983760788,0.001999534195411777,0.002505715259155593,0.03403082900178309,0.0915429499664624,0.10504843512235558,0.0028925402658970195,0.022352542095786666,0.013222377278852109,0.012668992267267953,0.0012698533242850728,0.0004406561990810257,0.00026751899597666877,0.22183646745050167,0.014647020786610721
41,0.12895810911535052,0.0020002722038583243,0.002508074496948118,0.033899502182738975,0.08963816261596007,0.1046988923909734,0.0028761827809955496,0.02266494710065266,0.013189292812673408,0.012299750603041804,0.0011695443828351193,0.00042631782326556114,0.00024559308026146263,0.21987818488858166,0.014141205889403947
42,0.12248895494877965,0.0019941462645238343,0.002509202238954884,0.03486187150444662,0.09256729039306513,0.10811272530864398,0.0029624232783202887,0.023227850914572436,0.013498331943479422,0.01252529328758765,0.0011378857820481603,0.00043648541857617125,0.00023921886150394102,0.2268702898946018,0.014338883349715923
43,0.1253011309359707,0.001983785353474893,0.0025099007058058337,0.03447860572058683,0.09005716038274007,0.10739505508140022,0.002920993057698193,0.023440770815179212,0.013559385917995638,0.012313455986550077,0.0010656858154977809,0.00042751152943671815,0.00022333837111053055,0.22381397933701766,0.014029991702595107
44,0.12243220585576926,0.001971357017608081,0.0025101596375834735,0.03487170551464676,0.09091110475006751,0.10930040153926691,0.0029543542155504718,0.023839812228175904,0.013831158589663441,0.012462019393231659,0.0010316307962134753,0.000433596399851061,0.00021613457748664657,0.22700567273306077,0.014143381166782841
45,0.12034865819807108,0.0019691366396741156,0.0025117687342837433,0.03521994314737228,0.09139785625478458,0.1106139583019892,0.002983506320536837,0.024222483990828454,0.013950476442738212,0.012375273969793788,0.0009752237089722045,0.0004307431956067395,0.00020404923199712733,0.2292178048681391,0.013985290106369858
46,0.1197086188603329,0.001962880056695599,0.0025127097414873404,0.03533102109071014,0.09113275190400398,0.11130419321624573,0.002989064633311662,0.024493952502758053,0.014069599991207816,0.012299914248942782,0.0009240045888399048,0.00042780515367689154,0.0001929954994975226,0.2299199622563194,0.0138447194909571
47,0.11859935151385481,0.0019567987067739202,0.0025134885968714784,0.035496847053441416,0.09121610063058284,0.1121993897287427,0.003000130738312344,0.024753208753418247,0.014198868586892361,0.012264303937285106,0.0008794789382651513,0.00042641765810067753,0.00018342245117440709,0.23116882985105613,0.013753622984825343
48,0.11697951229210826,0.0019540614433855366,0.0025143710014690467,0.03573553486617318,0.0918284153702416,0.11319162803703046,0.0030187091985230804,0.024939966637538245,0.014295994898901444,0.012230156791126335,0.0008377014651646729,0.00042514740419401524,0.00017447030452790113,0.2329787192433334,0.013667475965012924
49,0.11511682569025625,0.001953872411167703,0.0025153252773429994,0.03600982699461287,0.09276741486849233,0.11418549556351362,0.00304088887797746,0.02506057413293879,0.014363211307993026,0.01218939500656066,0.0007978275274117308,0.00042363103030570635,0.00016594178760620285,0.23505437344292224,0.013576795351884299
50,0.11329545373425715,0.001954125392006414,0.0025162880948949684,0.03627678785079868,0.09372950812296861,0.11513759261518947,0.0030624352172129677,0.025159677791639922,0.014422024018205203,0.012141931529701439,0.0007594138586102332,0.00042183330318813837,0.00015773261110102143,0.23708921374701097,0.013480911302600831
51,0.11153536236300546,0.0019544804039210526,0.0025172573311261367,0.03653403258871192,0.09467403296712992,0.11605418636654526,0.003083072932793187,0.025248362600416664,0.014477067267426485,0.012088204128331842,0.0007223432238780541,0.0004197744470539731,0.0001498173889480524,0.23905965486688505,0.013380139188211921
52,0.10981977623183216,0.0019549326618624094,0.0025182322047545384,0.03678406272339025,0.0956095399617957,0.11694323479293506,0.0031030358469093184,0.02532774314766288,0.014528998851554715,0.012029255299009984,0.0006866529158173631,0.0004174987551243271,0.00014220473618067626,0.24098355374930294,0.01327561170613235
53,0.10814829779405807,0.0019554730373192346,0.002519210717490782,0.037026901440941624,0.09653587863831153,0.11780509054276933,0.003122327553838476,0.02539803477726517,0.014577945161711656,0.011965476424960484,0.000652335542644934,0.0004150223728215433,0.00013489299703057023,0.24286133151218453,0.013167727337457533
54,0.10652109185658362,0.001956097010524848,0.002520191441766939,0.03726253081630609,0.09745263573572871,0.11863970273237764,0.003140946855432641,0.025459425898377946,0.014623956029784772,0.01189715303338462,0.0006193722714603573,0.0004123573743177912,0.00012787796455234005,0.24469271122191694,0.01305676064371511
55,0.10493816970516055,0.0019568004993937515,0.0025211730477646284,0.03749096039418003,0.09835944951255539,0.11944709888716747,0.0031588952441001174,0.02551213125528485,0.014667082918385732,0.011824568780600973,0.0005877414953429423,0.0004095157788453569,0.00012115477732666743,0.2464775748991078,0.012942980832115944
56,0.10339941872176674,0.001957579614308356,0.0025221542810177624,0.03771222165280992,0.0992559874123439,0.12022737931985784,0.003176176357243925,0.025556391390933342,0.014707381117950925,0.01174800635507716,0.0005574192174197042,0.0004065095673485393,0.00011471801007111828,0.24821593448037899,0.01282665314991652
57,0.10190458359637192,0.001958430619470615,0.0025231339577355258,0.03792637031433242,0.10014196074971941,0.12098072581646338,0.0031927961643391798,0.02559247045291688,0.014744910752866117,0.011667747990947643,0.0005283793581318064,0.0004033506951048254,0.00010856174828560255,0.24990795318343884,0.012708039792469875
58,0.10045326528477842,0.0019593498782947494,0.002524110958680799,0.03813348564111435,0.10101713002015243,0.12170740277578848,0.003208762900614151,0.02562065309867122,0.014779737331111065,0.011584075405370325,0.0005005940196128333,0.0004000510805007018,0.00010267965280508771,0.2515539487952263,0.01258740015828895
59,0.09904493227621058,0.0019603338137639892,0.002525084225391368,0.038333667994311114,0.10188130338975976,0.12240775228854876,0.0032240868445697437,0.025641241022101746,0.014811931670054275,0.011497268895541887,0.0004740336926012776,0.0003966225616034955,9.706501142323057e-05,0.25315438354498,0.01246499016116989
60,0.09767893592990182,0.001961378892235945,0.0025260527591271374,0.038527036005971564,0.10273433304085579,0.12308218653934015,0.0032387800554841677,0.025654549413006003,0.01484156938323895,0.011407605925953737,0.0004486674316607434,0.0003930768344483718,9.171078329991347e-05,0.2547098490486861,0.012341060975362765
61,0.09635452596912311,0.0019624816250090665,0.0025270156214851616,0.038713723909249216,0.10357611152162695,0.12373117944483059,0.0032528561198588435,0.025660903496294376,0.014868730137729531,0.011315359539618538,0.0004244630214218966,0.0003894253860970964,8.660964103920503e-05,0.25622105058261074,0.012215857588176737
62,0.09507086496523166,0.0019636385798610457,0.002527971935629223,0.03889387913514138,0.10440656863462575,0.1243552583104611,0.0032663299180748996,0.02566063522440863,0.014893496823234537,0.011220796801003179,0.0004013871452708731,0.0003856794302999695,8.175401283778344e-05,0.2576887920875704,0.012089617389411805
63,0.09382704170559987,0.001964846396724387,0.002528920887448523,0.039067660141594907,0.10522566879183225,0.1249549957704549,0.0032792174098015556,0.02565408016983045,0.014915954713114191,0.011124177377400865,0.00037940555976174166,0.00038184984964790956,7.713612535155229e-05,0.2591139621419192,0.011962568912162068
64,0.0926220835960695,0.0019661018039628373,0.0025298617262873497,0.03923523442275689,0.10603340863864609,0.12553100209538476,0.0032915354347483987,0.025641574653713514,0.014936190659407362,0.01102575230592737,0.0003584832737491354,0.00037794714584656774,7.27480470253484e-05,0.2604975208224927,0.01183493077254842
65,0.09145496822636101,0.0019674016333860542,0.002530793765100639,0.0393967766641997,0.1068298147902335,0.12608391790746076,0.0033033015266036346,0.025623453138431042,0.014954292343282837,0.010925762962083769,0.0003385847294453654,0.00037398139858584386,6.85817312650697e-05,0.26184048736272897,0.01170691082138005
66,0.09032463415043032,0.0019687428331614013,0.0025317163800100346,0.039552467029906994,0.10761494159544766,0.1266144073405203,0.0033145337394964156,0.025600045902883027,0.014970347591565587,0.010824440230190673,0.0003196739821342505,0.0003699622329060113,6.462905874696731e-05,0.26314392857834734,0.011578705503977903
67,0.08922999087858834,0.001970122478324382,0.002532629009295314,0.03970248957927036,0.10838886889998237,0.12712315168268856,0.0033252504872361478,0.02557167701002674,0.014984443764320553,0.010722003868058784,0.0003017148754217804,0.00036589879467215276,6.088187820419132e-05,0.2644089480799338,0.011450499416356908
68,0.08816992805409246,0.0019715377788957038,0.002533531151883684,0.03984703081739983,0.10915169981356167,0.12761084353498467,0.0033354703959023505,0.02553866256724996,0.014996667215188985,0.010618662053887047,0.0002846712093087195,0.0003617997336083309,5.7332045128378376e-05,0.2656366763116986,0.011322465041932477
69,0.08714332378855438,0.00197298608572098,0.0025344223654098956,0.03998627838235475,0.10990355850099968,0.12807818150910402,0.0033452121702940325,0.025501309272614785,0.015007102823980373,0.010514611100728639,0.0002685068988621336,0.00035767319324552004,5.397145793800509e-05,0.26682826145301247,0.011194762650774298
70,0.08614905214330142,0.0019744648942173672,0.002535302263922562,0.04012041987090079,0.11064458802104388,0.12852586547503073,0.0033544944744985728,0.02545991323392478,0.015015833599390392,0.01041003532220343,0.00025318612176538106,0.00035352680707740524,5.0792091279365425e-05,0.267984861204498,0.011067540342325582
71,0.0851859897605795,0.0019759718462473933,0.0025361705153102436,0.04024964180168511,0.11137494823550184,0.12895459235648715,0.0033633358265388554,0.02541475904302395,0.015022940348458138,0.010305107032213186,0.00023867345350584243,0.00034936770018725394,4.7786026233396063e-05,0.2691076354615518,0.010940934212139678
72,0.08425302166520425,0.0019775047303447397,0.002537026838516648,0.040374128712114134,0.11209481380749524,0.12936505246100324,0.003371754506773422,0.025366119084598564,0.015028501408438137,0.010199986661122986,0.0002249339894001635,0.00034520249560323095,4.494547729884568e-05,0.27019773985987044,0.010815068623425227
73,0.08334904627104417,0.0019790614805188385,0.002537871000608734,0.040494062383051796,0.11280437230344029,0.12975792632223718,0.0033797684794875586,0.025314253056836496,0.015032592436112274,0.010094822971115693,0.00021193345304901443,0.0003410373246550685,4.2262816107727075e-05,0.2712563201620015,0.010690056564927504
74,0.08247297963731975,0.0019806401738590488,0.0025387028137550476,0.04060962118381472,0.11350382240922444,0.13013388202523932,0.0033873953269313406,0.025259407680417414,0.015035286249175954,0.00998975335410581,0.00019963829115248835,0.00033687784063776553,3.9730591901779286e-05,0.2722845074418125,0.010566000077797842
75,0.08162375902711826,0.001982239027147897,0.002539522132164762,0.040720979528809584,0.11419337226734803,0.1304935729805072,0.0033946521949322736,0.025201816572267294,0.015036652714164397,0.00988490419660996,0.00018801575490161063,0.00033272923513367325,3.7341548858669106e-05,0.27328341401505485,0.010442990735503914
76,0.0808003458251073,0.001983856392678127,0.002540328849030899,0.040828307436474726,0.11487323793860899,0.1308376361096842,0.0034015557491294526,0.025141700261134405,0.015036758675398812,0.00978039129721255,0.00017703396839185962,0.00032859625639878324,3.5088640404276904e-05,0.27425413005855703,0.01032111016240747
77,0.080001727873629,0.001985490753451288,0.0025411228935143726,0.04093177018087876,0.11554364198922978,0.1311666904043133,0.003408122140835743,0.025079266323165348,0.015035667919590101,0.009676320323645926,0.00016666198468393993,0.0003244832292785844,3.296504068345636e-05,0.2751977208575442,0.010200430578291906
78,0.07922692128661771,0.0019871407179171833,0.0025419042277990004,0.04103152802632454,0.11620481220214568,0.13148133581888713,0.0034143669815270964,0.02501470961713207,0.015033441171001818,0.0095727872979498,0.0001568698302696312,0.00032039407618047306,3.0964153387245997e-05,0.2761152246196919,0.01008101535778715
79,0.07847497179951103,0.0019888050143949862,0.002542672844241623,0.04112773603553933,0.1168569804094589,0.13178215246025435,0.0034203053249770004,0.024948212600656255,0.015030136112412391,0.009469879099624403,0.00014762853879159927,0.00031633233869098043,2.9079618150930183e-05,0.27700765079534645,0.009962919595257913
80,0.07774495571094221,0.0019904824852983332,0.002543428762636,0.041220543942438674,0.1175003814417332,0.13206970003700422,0.0034259516560922842,0.024879945710596162,0.015025807427502537,0.009367673978098224,0.0001389101749211571,0.00031230119948513345,2.7305314745926418e-05,0.27787597884542586,0.009846190667250442
81,0.07703598046879276,0.0019921720812691663,0.002544172027604339,0.04131009608098384,0.11813525218884761,0.1323445175345411,0.0034313198855591936,0.02481006779261398,0.015020506860703695,0.00926624206716286,0.00013068784932291312,0.00030830350423087256,2.563536529057387e-05,0.27872115740156184,0.009730868786007221
82,0.07634718494945647,0.0019938728553086935,0.0025449027061260486,0.04139653136226567,0.11876183076646382,0.13260712308399705,0.0034364233494706075,0.024738726566768555,0.015014283290959815,0.00916564589526051,0.00012293572563546072,0.0003043417832426902,2.406413470176345e-05,0.2795441037667001,0.009616987538840426
83,0.07567773947513744,0.0019955839569787566,0.0025456208852097165,0.04147998329260417,0.11938035578175477,0.13285801399576364,0.003441274813172829,0.024666059117730076,0.01500718281626474,0.009065940886631376,0.00011562902037787301,0.00030041827268506945,2.25862296021484e-05,0.2803457037084213,0.009504574409296467
84,0.07502684560986018,0.001997304626733285,0.0025463266697112372,0.04156058002612701,0.11999106569183701,0.13309766693113462,0.0034458864786403444,0.024592192399857597,0.014999248846230167,0.008967175849332038,0.00010874399665734435,0.00029653493516767907,2.1196495887434365e-05,0.28112681150146956,0.009393651277044496
85,0.0743937357707378,0.0019990341904275034,0.002547020180298491,0.04163844444595838,0.12059419824832089,0.1333265381882507,0.0034502699947569436,0.02451724374889488,0.014990522200307853,0.008869393447022016,0.00010225795250789773,0.0002926934796106602,1.9890015145863314e-05,0.2818882501802234,0.009284234894286437
86,0.07377767268704077,0.0020007720540419884,0.0025477015515609296,0.0417136942687971,0.12118999002148582,0.13354506408115477,0.0034544364699497614,0.024441321393415455,0.0149810412096306,0.0087726306521865,9.614920463704811e-05,0.0002888953802898726,1.866210010822307e-05,0.28263081196600576,0.009176337337221644
87,0.07317794873580014,0.002002517698649572,0.002548370930260794,0.04178644216827653,0.12177867599778837,0.13375366139325437,0.0034583964866878297,0.024364524960378258,0.014970841820746364,0.00867691917912545,9.039706829957164e-05,0.00028514189499895384,1.7508289292160427e-05,0.2833552588381088,0.009069966431716137
88,0.07259388517911534,0.002004270675645293,0.0025490284737214233,0.041856795913073244,0.1223604892446791,0.13395272788881515,0.003462160117417735,0.024286945970243955,0.014959957699798838,0.008582285895601461,8.498183395741001e-05,0.0002814340822878604,1.642434098974885e-05,0.2840623232211559,0.00896512615283648
89,0.07202483132504135,0.0020060306022531347,0.002549674348347189,0.04192485851626141,0.12293566063703702,0.1341426428682561,0.0034657369415655188,0.02420866831805196,0.014948420335954915,0.008488753212508934,7.988474132409297e-05,0.0002777728177565675,1.5406226732553113e-05,0.2847527087649106,0.008861816998322149
90,0.07147016363092802,0.002007797157317845,0.0025503087282689172,0.041990728392892196,0.12350441863988244,0.13432376775497493,0.003469136063285477,0.024129768737681676,0.014936259143097524,0.008396339451315701,7.508795133233707e-05,0.00027415880939822904,1.4450124354139522e-05,0.2854270911958245,0.008760036336400406
91,0.07092928476535344,0.0020095700773859354,0.0025509317941082147,0.04205449952321472,0.12406698914242133,0.13449644670319677,0.003472366129683386,0.02405031724722307,0.01492350155899148,0.008305059189344443,7.057451650577242e-05,0.00027059261199875576,1.35524107563241e-05,0.2860861192225245,0.008659778728605296
92,0.07040162264234859,0.002011349153076573,0.002551543731853871,0.04211626161934536,0.1246235953388626,0.1346610072179217,0.003475435349283516,0.023970377573977623,0.014910173141293224,0.008214923583213971,6.632835016082176e-05,0.00026707464060981385,1.2709654472577137e-05,0.2867304154800454,0.008561036228457183
93,0.06988662943971291,0.0020131342257356855,0.0025521447318433976,0.042176100293542455,0.1251744576518552,0.13481776077944513,0.003478351510545813,0.023890007558109116,0.01489629765991592,0.008125940670959796,6.233419481316717e-05,0.0002636051831201018,1.19186081100145e-05,0.28736057749995525,0.00846379865700308
94,0.06938378061042909,0.0020149251843797782,0.002552734987842821,0.04223409722654288,0.12571979369476527,0.13496700346615875,0.0034811220002734606,0.023809259534370707,0.01488189718537565,0.008038115653501323,5.857759011523033e-05,0.00026018441195555306,1.117620074033929e-05,0.28797717869556816,0.008368053856312447
95,0.06889257389580464,0.002016721962911497,0.0025533146962179207,0.04229033033469737,0.12625981826943158,0.13510901657041888,0.0034837538217785467,0.023728180691676364,0.014866992172847773,0.007951451156240269,5.504484060701973e-05,0.0002568123949436035,1.0479530300008528e-05,0.2885807693533054,0.008273787922090901
96,0.06841252834644677,0.0020185245376066266,0.0025538840551903178,0.042344873934867244,0.12679474339638735,0.13524406720320192,0.0034862536126997077,0.02364681341054877,0.014851601541739916,0.007865947471649305,5.1722983522330334e-05,0.0002534891053794723,9.825856050726724e-06,0.28917187762283775,0.008180985416601836
97,0.06794318335633624,0.0020203329248637642,0.002554443264172086,0.04239779890625308,0.12732477837491227,0.13537240888407195,0.0034886276623869693,0.023565195578689236,0.014835742750655512,0.007781602783762992,4.859975685579412e-05,0.00025021443133432623,9.212591143130922e-06,0.2897510105000604,0.008089629563096244
98,0.06748409771407769,0.002022147179209132,0.002554992523172808,0.042449172848500666,0.1278501298706285,0.135494282113675,0.0034908819287877493,0.02348336088507707,0.014819431867674348,0.007698413375511232,4.5663567863424035e-05,0.0002469881842461266,8.637295319163892e-06,0.29031865479816826,0.007999702422939946
99,0.06703484867444737,0.002023967391549091,0.0025555320322733564,0.04249906023558106,0.12837100202869625,0.1356099149265575,0.0034930220547839262,0.023401339093125716,0.014802683635917286,0.007616373819845856,4.290346213992514e-05,0.00024381010683418287,8.097667782090088e-06,0.2908752781031634,0.007911185056602054
100,0.06659503105253602,0.0020257936876633136,0.002556061991160972,0.042547522565069745,0.12888759661098978,0.13571952342259666,0.0034950533839434505,0.023319156293507396,0.014785511534393433,0.007535477155606369,4.0309093389954546e-05,0.0002406798803780603,7.591540257335599e-06,0.2914213297110373,0.00782405766963172
101,0.06616425634207554,0.002027626226932227,0.002556582598720583,0.04259461850256056,0.12940011315596084,0.1358233122757396,0.0034969809756613757,0.02323683513731085,0.014767927834149349,0.007455715049054927,3.787069398746404e-05,0.00023759713140067545,7.116870262269093e-06,0.29195724154467273,0.007738299744705336
102,0.0657421518589384,0.002029465201293112,0.002557094052677638,0.04264040402104147,0.1299087491602007,0.13592147521908204,0.003498809619674658,0.023154395050226335,0.0147499436497546,0.007377077941985394,3.5579046397019676e-05,0.0002345614377942351,6.6717345986255e-06,0.29248342904918373,0.007653890160775274
103,0.06532835991027351,0.0020313108344203246,0.002557596549288059,0.042684932535138706,0.1304137002810309,0.1360141955055878,0.003500543849943092,0.023071852428456077,0.014731568986164165,0.007299555187279566,3.3425455513317e-05,0.00023157233442624276,6.2543230774478595e-06,0.2930002920650179,0.007570807300296575
104,0.06492253698930481,0.0020331633811262557,0.002558090283071272,0.042728255030200245,0.13091516055975078,0.1361016463439629,0.0035021879578950683,0.02298922081703832,0.014712812780999935,0.007223135172746566,3.140172195977098e-05,0.00022862931826117707,5.862932483129202e-06,0.2935082156786471,0.007489029145450643
105,0.06452435299543599,0.0020350231269810034,0.00255857544658258,0.04277042018624394,0.13141332266548245,0.13618399130936135,0.003503746005042181,0.022906511071244407,0.014693682942288719,0.007147805434040815,2.950011637381753e-05,0.000225731853031688,5.495960780318663e-06,0.2940075710511304,0.007408533364226639
106,0.06413349047897439,0.002036890388150274,0.002559052230221467,0.0428114744968419,0.13190837815986942,0.13626138472871496,0.0035052218349708405,0.022823731501666993,0.01467418638168438,0.007073552757411158,2.7713354695218187e-05,0.00022287937349133144,5.151901565065572e-06,0.29449871622522217,0.0073292973871627734
107,0.06374964390950025,0.0020387655114527136,0.002559520822072711,0.04285146238304872,0.13240051778320894,0.13633397204055786,0.003506619084722284,0.022740888003565052,0.014654329043187695,0.007000363272989015,2.603457446399286e-05,0.0002200712892789781,4.829338759561184e-06,0.2949819969120542,0.007251298475491548
108,0.06337251896665316,0.0020406488746397716,0.002559981407777495,0.042890426302512934,0.13288993176294087,0.1364018901292542,0.003507941195574873,0.02265798417096703,0.014634115927358124,0.0069282225392783975,2.4457312126445996e-05,0.00021730698842314613,4.526941548159071e-06,0.29545774725873697,0.007174513781376149
109,0.06300183185187665,0.002042540886903301,0.002560434170431944,0.04292840685393615,0.13337681014577793,0.136465267633544,0.0035091914232443125,0.02257502139596018,0.014613551110988374,0.006857115619465084,2.2975481340911027e-05,0.00021458584051262268,4.243459550968638e-06,0.29592629059852643,0.007098920400869586
110,0.06263730861944675,0.0020444419896184585,0.0025608792905108314,0.04296544287706508,0.1338613431551579,0.13652422522929553,0.0035103728475186532,0.02249199895351035,0.014592637762183848,0.006787027150116888,2.1583352269171037e-05,0.00021190719955787793,3.977718230187757e-06,0.2963879401854824,0.007024495420174124
111,0.062278684524912524,0.00204635265733199,0.0025613169458144004,0.04300157154841903,0.13434372157612137,0.13657887588629214,0.0035114883813455572,0.02240891407206287,0.014571378150755779,0.006717941402801999,2.027553183486643e-05,0.00020927040656594907,3.7286145234350057e-06,0.29684299991582197,0.00695121595572625
112,0.061925703388856584,0.0020482733990093566,0.0025617473114365394,0.04303682847297194,0.13482413717020658,0.13662932509880166,0.003512540779389908,0.02232576199007519,0.014549773653798103,0.006649842339108733,1.904694492645764e-05,0.00020667479184971496,3.495112697632504e-06,0.2972917650384734,0.0068790591885825375
113,0.06157811697367256,0.002050204759557144,0.0025621705597527445,0.0430712477720179,0.1353027831234758,0.1366756710895441,0.0035135326460792476,0.022242535998509182,0.014527824756271422,0.006582713659504826,1.7892816519328138e-05,0.00020411967709069875,3.2762404164451037e-06,0.2977345228576083,0.006808002393531299
114,0.06123568437088569,0.002052147321640617,0.002562586860426574,0.04310486216746251,0.1357798545313941,0.13671800498652278,0.003514466443154086,0.022159227469185853,0.014505531046365754,0.006516538846432081,1.6808654689322875e-05,0.00020160437717286982,3.0710850138840816e-06,0.29817155343025686,0.006738022963308159
115,0.0608981713962145,0.002054101707821937,0.0025629963804335012,0.043137703062794755,0.1362555489249867,0.13675641097200775,0.0035153444967400784,0.02207582586876734,0.01448289120535325,0.0064513012019894525,1.5790234488301012e-05,0.00019912820180328239,2.8787899664077033e-06,0.29860313026250185,0.0066690984282474445
116,0.06056534998937043,0.002056068583048359,0.002563399284101312,0.043169800621000655,0.13673006684345226,0.1367909664027172,0.003516169003957041,0.02199231875796612,0.014459902991572593,0.00638698388051365,1.4833582651053837e-05,0.00019669045693372042,2.6985515556779508e-06,0.29902952100809266,0.006601206471654104
117,0.0602369976153333,0.0020580486575253226,0.002563795733166429,0.04320118383968362,0.13720361245922,0.1368217418999898,0.0035169420390783078,0.021908691775425614,0.014436563218114748,0.006323569916322847,1.3934963102139427e-05,0.0001942904459959053,2.529615714048696e-06,0.2994509881737137,0.006534324941134939
118,0.059912896663728565,0.0020600426900135387,0.002564185886845731,0.04323188062363987,0.13767639426209113,0.13684880140846387,0.0035176655592505327,0.02182492860558504,0.014412867723717382,0.006261042246843824,1.3090863230732006e-05,0.00019192747096116053,2.371275044847714e-06,0.29986778983539053,0.006468431856080563
119,0.059592833843104306,0.0020620514915908913,0.0025645699019236743,0.04326191785508249,0.1381486258093319,0.13687220222152882,0.003518341409778266,0.021741010929793393,0.014388811336345671,0.0061993837312959476,1.229798090141485e-05,0.00018960083323369453,2.22286600955998e-06,0.30028018037043236,0.006403505411440617
120,0.05927659956756724,0.0020640759299167598,0.002564947932854618,0.04329132146159478,0.13862052654800866,0.13689199497165247,0.003518971328968467,0.021656918360041907,0.014364387828971526,0.0061385771650587125,1.1553212168916368e-05,0.00018730983438490742,2.083766274112545e-06,0.30068841120867157,0.006339523977886649
121,0.05896398733451974,0.0020661169340264463,0.002565320131880323,0.043320116481710594,0.13909232271417865,0.13690822358368113,0.00351955695251739,0.02157262835499818,0.014339589867186423,0.0060786052898074115,1.0853639665068082e-05,0.00018505377673446268,1.9533922065950895e-06,0.30109273160537536,0.006276466098413537
122,0.058654793094109446,0.002068175499666552,0.002565686649162554,0.04334832712777815,0.13956424831072928,0.13692092518940993,0.0035200998174070566,0.021488116118555563,0.014314408948500605,0.006019450799469178,1.0196521626732963e-05,0.00018283196378247638,1.8311965189205306e-06,0.3014933894361019,0.006214310481397309
123,0.058348814613245,0.0020702526951599867,0.002566047632930513,0.04337597684549454,0.14003654616197925,0.13693013000212945,0.00352060136526321,0.021403354481807885,0.014288835333473157,0.005961096342035628,9.579281534107406e-06,0.00018064370049629682,1.716666045135181e-06,0.30189063201117977,0.006153035990111168
124,0.05804585083938037,0.0020723496677644425,0.0025664032296426036,0.04340308836924417,0.14050946903911676,0.13693586115042447,0.0035210629451133324,0.02131831377012227,0.014262857969143316,0.005903524517271069,8.999498329616428e-06,0.00017848829345509324,1.6093196493226618e-06,0.3022847069047768,0.0060926216287051005
125,0.05774570127080145,0.0020744676504694634,0.0025667535841617374,0.04342968377218461,0.14098328084686151,0.13693813447120048,0.0035214858154782925,0.02123296165771138,0.014236464405540713,0.005846717870378434,8.454897188582041e-06,0.00017636505085594803,1.5087062563062906e-06,0.3026758627912517,0.00603304652467927
126,0.057448165342230954,0.0020766079691529487,0.002567098839943066,0.04345578450991921,0.14145825785895091,0.13693695826245728,0.0035218711457239015,0.021147263012594508,0.014209640706284311,0.005790658881717986,7.943340813884592e-06,0.00017427328238600614,1.4144029986280686e-06,0.3030643502797266,0.005974289907916506
127,0.05715304183405184,0.0020787720500182873,0.002567439139232854,0.043481411456608554,0.14193468998863426,0.13693233299693822,0.0035222200166103424,0.02106117973517667,0.014182371354416372,0.005735329952719382,7.4628212279493875e-06,0.0001722122989666291,1.3260134735671012e-06,0.3034504227373595,0.005916331086387527
128,0.05686012831342158,0.002080961427229819,0.0025677746232770494,0.04350658493247574,0.14241288208041797,0.13692425099804445,0.0035225334199847015,0.02097467059365331,0.014154639154626622,0.00568071338816623,7.011452036492177e-06,0.00017018141237674038,1.2431661042399565e-06,0.30383433709210045,0.005859149418683703
129,0.05656922061434137,0.002083177750673974,0.0025681054325381284,0.043531324721841146,0.14289315521077278,0.13691269607946563,0.003522812257575689,0.02088769105919248,0.014126425132918181,0.005626791375063215,6.587461139541193e-06,0.00016817993476362297,1.1655125990989146e-06,0.3042163546070066,0.005802724283565478
130,0.05628011236203647,0.002085422793790439,0.0025684317069189166,0.043555650081047725,0.14337584798813077,0.13689764314978292,0.003523057338863675,0.020800193143367084,0.014097708434565549,0.005573545958310732,6.189183866290078e-06,0.0001662071780500391,1.092726504405372e-06,0.3045967416201445,0.005747035046731467
131,0.05599259454481792,0.0020876984614391827,0.002568753585992308,0.04357957973587627,0.1438613178458925,0.1368790577829111,0.003523269378015447,0.020712125239718063,0.01406846622094979,0.005520959013410691,5.815056511324862e-06,0.00016426245324665267,1.0245018445048539e-06,0.3049757702465371,0.005692061025013174
132,0.05570645513368919,0.002090006797795847,0.0025690712092361354,0.04360313186827352,0.14434994232596518,0.13685689575475612,0.003523448989893748,0.02062343197071717,0.014038673565557061,0.005469012216408592,5.4636102507069585e-06,0.00016234506967830465,9.605518449667746e-07,0.30535371904133224,0.005637781448182571
133,0.05542147875120506,0.0020923499942818004,0.002569384716272804,0.04362632409235698,0.1448421203538443,0.13683110254528305,0.003523596685121717,0.020534054040465134,0.01400830334909795,0.005417687011226715,5.1334654172538425e-06,0.0001604543341311671,9.006077338709325e-07,0.3057308736247142,0.005584175418509007
134,0.055137446385807413,0.0020947303975671454,0.002569694247113688,0.0436491734198285,0.1453382735100916,0.13680161280493003,0.0035237128642329053,0.02044392809319614,0.013977326153442582,0.005366964574511971,4.823326115268836e-06,0.00015858954992698754,8.444176167480621e-07,0.3061075272724506,0.0055312218681709754
135,0.05485413514839401,0.0020971505177028948,0.00256999994240868,0.043671696214953586,0.14583884730577612,0.13676834978316268,0.0035237978109091362,0.02035298657695731,0.013945710153792671,0.005316825778050719,4.531975155777385e-06,0.00015675001592840144,7.917454208848298e-07,0.3064839814768053,0.005478899514555783
136,0.054571318067235246,0.002099613036450692,0.002570301943701659,0.04369390813926927,0.1463443124719891,0.13673122471613294,0.003523851684308376,0.020261157611473568,0.013913421008301794,0.005267251148741726,4.258269294162677e-06,0.00015493502547742272,7.423699049095859e-07,0.306860546483904,0.005427186813418221
137,0.05428876391693743,0.002102120815892999,0.00257060039369294,0.043715824086125,0.14685516627533024,0.13669013616956677,0.0035238745104704708,0.020168364858911283,0.013880421744183285,0.005218220826051581,4.001134752909718e-06,0.0001531438652671427,6.960837297748568e-07,0.3072375418142788,0.005376061909801408
138,0.05400623707762684,0.0021046769074148943,0.002570895436510067,0.043737458105078,0.14737193387284447,0.13664496933221526,0.0035238661727852116,0.020074527396146947,0.013846672639225396,0.005169714516818656,3.7595630129935265e-06,0.0001513758141448891,6.526925874515344e-07,0.3076152967739919,0.00532550258656399
139,0.05372349741911507,0.0021072845611571126,0.002571187217988608,0.04375882331598989,0.14789516972041503,0.136595595254577,0.0035238264014969996,0.019979559587065928,0.013812131097520714,0.005121711447195684,3.5326068582246145e-06,0.0001496301418427187,6.120143838372072e-07,0.307994150963555,0.005275486210280464
