,Rs,Rj,Ra,Sj,Sa,Sb,Sga,Sgb,Cj,Ca,Cb,Cga,Cgb,Clupeid adult,Cod adult
0,0.11082944514519281,0.0022896361731541324,0.002173368756757252,0.02295504083359851,0.13812110016299034,0.07368996663192255,0.0015984163973949627,0.00849537726216395,0.005991232393773069,0.0062393809615902875,0.0038937472061671397,0.0001834039572269997,0.0007240906561013034,0.2219048604544718,0.01104062278108573
1,0.12233471286587684,0.002250621746026333,0.0021548095028638622,0.02199691923871855,0.12439652565607764,0.07148174924587292,0.0015429099251748086,0.008594543976819899,0.006195062980264631,0.006899923835600835,0.004227428119490301,0.00018869297435746747,0.0007286024788990561,0.20601572880394525,0.012044647408347658
2,0.11942455148500693,0.0022542460886341513,0.0021579952327919144,0.02396606335736429,0.12145575616255272,0.0738399420884568,0.001601697955006456,0.009454700980357871,0.006236407716968464,0.007192276958472608,0.004289550069751404,0.0001995249125221293,0.0007560650506719549,0.20635209718637382,0.012437416991418095
3,0.14105471490617036,0.002111447340180797,0.0021272555930529806,0.02111090474816287,0.096037505685651,0.07031620952761332,0.0015384519565027706,0.010180278173137916,0.007333219183703235,0.009088946266284694,0.00521719965688018,0.0002365476055273492,0.000884109857821126,0.178072445342905,0.015426803386513348
4,0.14062482680216487,0.002037767867265292,0.002125255491384488,0.021223340571923356,0.09012982716778536,0.07414182171740953,0.0016452568898320773,0.011398049921615567,0.008046507394716912,0.01004695099903388,0.005448722814930806,0.0002669477712837562,0.0009710498811965734,0.17731495569664255,0.016733671466445017
5,0.13090998810833654,0.0020811223918367682,0.0021366625038295958,0.022610439428813918,0.1009233125095268,0.07515633959963451,0.001726982760987865,0.010781537818647836,0.007446864748002097,0.009696513681948078,0.004919133508506665,0.0002584241957302199,0.000915176452654821,0.18858817268879702,0.015789247838839785
6,0.13293319603700812,0.0019751664209550998,0.002129610082889334,0.02335726402341226,0.0901472403671901,0.07852429856372459,0.001792799165845012,0.012674077451563653,0.00854951614780298,0.011278953570052307,0.005349156776454344,0.0003178299748420012,0.001038025202191582,0.18313841554832336,0.017983965523540233
7,0.12865085266959847,0.0018996784776810682,0.0021310263452347824,0.02386480173741711,0.08874991882564387,0.08300117247458669,0.001873583515170672,0.013732618062095569,0.009339896172055773,0.012058840759600294,0.005436963438814202,0.00035730027624376697,0.0010848691868101373,0.1873572928774968,0.0189379736614684
8,0.13144184752127613,0.0018819588450236279,0.0021325879795117612,0.023605927039863694,0.08476389247936957,0.08220238361749062,0.0019199960961058778,0.014256471907036387,0.009388638694306083,0.012243690437701123,0.005255588820051452,0.0003689943698737447,0.0010566071683554327,0.18314274410000245,0.018924880795981754
9,0.13654567397589576,0.0018069199286849418,0.002124117252227186,0.023602542389622908,0.07671687723639714,0.0819203747259466,0.001855457542132883,0.014806397262288228,0.010062337758921116,0.013177897078794472,0.005462080115131921,0.0003991923071250976,0.0010967763074058218,0.17529910676676486,0.02013594580845731
10,0.13488232177368367,0.001772837897996116,0.00212745729304748,0.023878664632691175,0.07486246524444515,0.08410824715189438,0.0019094241272561042,0.01571185520455334,0.010476120849473393,0.013400225705909246,0.005351012376233177,0.0004156695838189994,0.0010846410862470105,0.176591991728149,0.020251548752208436
11,0.1218131663065632,0.0017667689007499908,0.00213615875698573,0.02583592720319263,0.08168365156580497,0.09106516479856801,0.0020623904252620303,0.016543208503247666,0.010874241035646834,0.013591721059294898,0.00518215583722417,0.00043737184998657536,0.0010680578358321967,0.19135441529288266,0.02027930658233784
12,0.1272362281609524,0.0017010274317613263,0.0021287066412894414,0.02523930305319289,0.07342410698529617,0.09125428528757586,0.002013264299511395,0.017651592188878056,0.011594450853033357,0.014498166523205451,0.005363092716622086,0.00046798262542738694,0.0011050136245813616,0.1843432487612615,0.021434255489836285
13,0.11862776423668737,0.001672022902063417,0.002133683977971426,0.026628508973795626,0.07566138422789694,0.09678620823604185,0.002135580768339262,0.018995668720626708,0.01225763714879922,0.014849208216473456,0.005261693162463574,0.0004917012737261166,0.0010962505356020634,0.19357884195290476,0.021698853188265213
14,0.12126409146789371,0.0016374225597454626,0.0021334634458948765,0.02658688500365223,0.06986114784030018,0.09713756023928287,0.00214983357983682,0.020327828797329563,0.012734661519457778,0.015109322143419276,0.005154689512231737,0.0005034115959929553,0.0010750610430689442,0.18947637045674942,0.021842484294712913
15,0.12167272918933424,0.0016082711755315453,0.002131214569019422,0.026647870776363908,0.06723055276578196,0.09809920750191227,0.0021465576033134685,0.021162877005865603,0.013166484261139892,0.01558654858707236,0.005107184205041593,0.0005214464210499742,0.0010657349997850744,0.1886391948768733,0.022280914212949
16,0.11860423426262413,0.0015988742036098815,0.002132629996072626,0.027187612400245018,0.06737149770250556,0.10034964926848917,0.002190843388570607,0.022004644451238835,0.013440988451520334,0.015821920563144326,0.00497052574868872,0.000533571971884565,0.0010399941369831165,0.19191663481080418,0.02236601242070073
17,0.11212330158172218,0.0015847775856008563,0.002134547424672414,0.02813771001274045,0.06930310200389408,0.10472513251027771,0.0022667817281129964,0.023024666680809762,0.013897910142596875,0.01623207804286002,0.004878876643681305,0.0005540831349074447,0.0010259070646027508,0.19931968292309454,0.02269094488605152
18,0.11065843290894069,0.0015765420121363876,0.002134343361389967,0.02838749849886048,0.06919833913373998,0.10596219126556468,0.0022804124692973665,0.023489055304194813,0.014082953149275768,0.016492390594101486,0.004758248258550757,0.0005648287680407859,0.0010008114104042454,0.20092999817279686,0.022816279031097272
19,0.10683051382258467,0.0015748485606014164,0.0021353127905924863,0.02891036045144088,0.07087355658981159,0.10843571193958877,0.0023200624851319822,0.023817496116420093,0.014245303207358707,0.016703468345191767,0.004609302018132253,0.0005746568550014084,0.0009704076755229629,0.20544682713095244,0.02285783489384839
20,0.10331469242950087,0.0015748813969209163,0.0021363433843519944,0.02938549265181173,0.07253262165138298,0.11068005605085758,0.0023552613120070053,0.024052639558295928,0.014368330107108926,0.01686455400336699,0.004451732102158866,0.0005822939790094355,0.0009376797389083151,0.20962057857254351,0.02283625982344361
21,0.0998249961771317,0.0015752612848295097,0.002137506394748462,0.0298513318304499,0.07423381490234157,0.1129098690457476,0.0023891312923171827,0.024252021125486054,0.01448348818665309,0.01699664897508968,0.004292199904480862,0.0005888145001510183,0.0009043956880337028,0.2137848363658924,0.02278205906775526
22,0.0963710990103051,0.001576061285406802,0.0021388117945604747,0.030306404957198448,0.07598049994242455,0.11511527934319149,0.0024214951610790148,0.024411232056023368,0.014589097773456709,0.017096419902485144,0.004130420152062136,0.0005940864503102292,0.000870506018966976,0.21792850650271844,0.022691432523824485
23,0.09296566625327733,0.0015772997830918877,0.002140260401946496,0.03074830383926985,0.0777727844623233,0.117287245561123,0.002452077614842801,0.024526335583496404,0.014684107468830613,0.017161737405317862,0.003966498728959376,0.0005980207328610488,0.0008360448743818541,0.22203844322178554,0.022562301741520144
24,0.08962167950001401,0.001578996858052721,0.002141852035309237,0.031174604839210376,0.07961055235811541,0.11941603482359744,0.002480606174414787,0.024593737526198752,0.014767441434204782,0.017190679337061296,0.003800641668109648,0.0006005367596580902,0.0008010680668078065,0.22610093088232638,0.022392925831636844
25,0.08635172625141294,0.0015811690153818192,0.0021435847375497205,0.03158294031214986,0.08149345957382437,0.12149187553509558,0.002506819948089441,0.024610436863646522,0.014838108232879258,0.01718174403102189,0.0036331887292119147,0.0006015708250973525,0.000765660498253315,0.23010259192065594,0.02218216408358447
26,0.08316751762004429,0.0015838275810910315,0.0021454544384348277,0.031971073187837575,0.08342092289218721,0.12350531490950621,0.002530479933885541,0.02457422496860406,0.0148952518283752,0.017133977699248962,0.003464618959343285,0.0006010811625041018,0.0007299372649741286,0.23403094270418298,0.021929615086070477
27,0.08007940145391787,0.00158697803141118,0.00214745484501252,0.03233697914657641,0.08539216609575405,0.12544755652536124,0.0025513799813148175,0.024483842945230826,0.01493818901078569,0.017047061324300266,0.0032955419025303403,0.0005990514628431558,0.0006940415983995321,0.23787494554766092,0.021635696288073297
28,0.07709594926462089,0.0015906198311274782,0.0021495775137039827,0.032678918628061195,0.08740629312460527,0.12731075814891196,0.0025693561954650496,0.024339076894856253,0.014966434816478573,0.016921353743078554,0.0031266766535436724,0.0005954926727067355,0.0006581401227255541,0.24162548436383852,0.021301663192054517
29,0.07422367499719404,0.0015947467794438308,0.0021518120972179957,0.03299548874369731,0.08946237546373656,0.12908825300078378,0.0025842934231336996,0.02414077616846603,0.014979712929160846,0.01675788435435344,0.002958820556337076,0.0005904427918358326,0.0006224158385770892,0.24527569805612007,0.020929563541103438
30,0.07146691706165685,0.0015993478260154155,0.0021541467372898004,0.03328564969344813,0.09155954266155518,0.1307746699861158,0.0025961280343569162,0.023890792142593258,0.01497795007616316,0.016558296413488903,0.002792811050021211,0.0005839646938627575,0.0005870596205415493,0.24882113282462118,0.02052213177791442
31,0.06882788634035784,0.0016044082422995605,0.002156568550132558,0.03354872481655715,0.09369706430868079,0.13236594652872288,0.0026048468547489275,0.02359184857927996,0.014961256164164508,0.016324750162978303,0.0026294853486097604,0.0005761423250137059,0.0005522612739252646,0.2522597062714325,0.020082639110527035
32,0.06630685571697417,0.0016099109829192362,0.00215906414023511,0.03378437772179348,0.09587441357019419,0.13385924612934427,0.0026104827369639286,0.023247364941833205,0.01492989408830784,0.01605980080698184,0.0024696427293274107,0.0005670758690191225,0.000518201209800067,0.25559150737833564,0.01961472061512844
33,0.06390244833119131,0.0016158380627843715,0.0021616200821510502,0.03399257292132729,0.09809130599347345,0.1352528062785999,0.002613107713001502,0.022861258509242064,0.01488424420561809,0.01576626815106763,0.0023140132492283703,0.0005568765447429791,0.00048504358033627334,0.25881847849431694,0.019122201525375256
34,0.061611975632330264,0.0016221718046078406,0.002164223325677944,0.03417352749218928,0.10034771152305873,0.13654574810570416,0.0026128248506112266,0.02243774951451621,0.014824768293950517,0.015447112768296387,0.002163235124653359,0.0005456616310246919,0.0004529313613514238,0.2619440339938903,0.018608940885325862
35,0.05943178112634477,0.001628895861791006,0.002166861500664074,0.034327660675449484,0.10264384124705737,0.13773787747065847,0.0026097598607085254,0.021981187583539962,0.014751976754952455,0.015105329182750715,0.002017841329173878,0.000533550143595576,0.0004219834952953448,0.2649726661619643,0.018078704150815514
36,0.057357557346934415,0.0016359959753825125,0.002169523117153797,0.03445554662716439,0.1049801124597841,0.1388295006480705,0.00260405325655336,0.021495910136978973,0.014666401369992709,0.014743861503992012,0.0018782546195359657,0.000520659389521395,0.0003922939097761269,0.2679095765013869,0.017535069422825497
37,0.055384616910648485,0.0016434604687123053,0.0021721976707377785,0.03455787360361294,0.10735709635154903,0.13982126937659312,0.0025958535576606056,0.020986136299571915,0.014568574545333677,0.014365542575883624,0.0017447893852742334,0.000507102450358901,0.0003639320478292604,0.27076035558537465,0.01698136645934602
38,0.05350811048081131,0.0016512805088663802,0.0021748756705409636,0.03463541100057179,0.10977545204414427,0.1407140624045996,0.002585311752882077,0.020455894667221794,0.014459014972683043,0.013973054700363308,0.0016176584236234136,0.0004929865239476068,0.0003369444830054355,0.2735307208688477,0.016420644130939764
39,0.05172319302138116,0.0016594501770396898,0.002177548609518106,0.03468898442670526,0.11223584937638942,0.14150890498631485,0.0025725770299120133,0.01990898027346888,0.01433821901101784,0.01356890840124009,0.001496982826997554,0.00047841198890424965,0.0003113572134076735,0.27622631166608513,0.01585566043054957
40,0.05002514416671341,0.0016679663911054194,0.0021802088953824265,0.03471945828719371,0.11473888204050528,0.1422069241468281,0.0025577936555821676,0.019348934736910687,0.014206656853179029,0.013155435224294812,0.0013828034687083143,0.0004634720350056653,0.00028717829680953975,0.27885253457982623,0.015288889024818331
41,0.04840945110565713,0.0016768287135667023,0.002182849757439387,0.034727724798339084,0.11728497202080874,0.14280933562733195,0.002541098851026504,0.018779043618284558,0.014064772526905472,0.012734790762584058,0.0012750929420975562,0.0004482527088452229,0.0002644005724166487,0.28141445011745175,0.014722536985943483
42,0.046871861646722864,0.0016860390745174402,0.0021854651417347144,0.03471469831034329,0.11987426734677614,0.1433174571574436,0.002522621520682921,0.01820234549494576,0.01391298682558087,0.012308964549262318,0.0011737671546216543,0.00043283324159335966,0.00024300429282144982,0.28391669151984844,0.014158569238298783
43,0.045408413878193575,0.0016956014339249352,0.0021880496049748715,0.03468131363166703,0.122506539215258,0.14373274072552605,0.002502481753414152,0.017621647660663334,0.01375170229292832,0.011879793878187701,0.0010786960577237644,0.00041728654308770036,0.00022295955267670134,0.2863634093548615,0.013598736031675869
44,0.044015446395458756,0.0017055214131049999,0.0021905982177580414,0.03462852654467526,0.1251810928407398,0.14405681259851483,0.002480791127285589,0.017039543553835593,0.013581309206361334,0.011448978704168666,0.000989713186875621,0.0004016797528052904,0.00020422844458273454,0.28875824012037576,0.013044600088432314
45,0.042689589573728336,0.001715805952383404,0.0021931064906530423,0.0345573139124508,0.12789672276172534,0.14429150151467068,0.002457653995067805,0.016458426261700743,0.013402190935404937,0.011018094337877359,0.0009066237951924104,0.00038607472608088647,0.00018676689809452867,0.2911043045331646,0.012497559757245185
46,0.04142773447900596,0.0017264631072556752,0.0021955703431279514,0.03446866905196469,0.13065177142209763,0.1444388201348085,0.002433170113918701,0.015880490647993337,0.013214725895389242,0.010588597500583762,0.0008292114008859409,0.0003705282970234643,0.00017052616749617215,0.29340425231881817,0.01195886336598934
47,0.0402269713396607,0.0017375021970025958,0.002197986145102939,0.03436358533992431,0.13344439145077816,0.14450084081159215,0.0024074391696765032,0.015307713988504114,0.013019281374132987,0.010161819443405027,0.0007572425609231437,0.00035509209814929316,0.00015545393390562162,0.29566038542055095,0.011429608036383087
48,0.03908448635589664,0.0017489346643220674,0.00220035086968422,0.034243017905783525,0.13627315794282563,0.14447937804757854,0.0023805677572106554,0.01474180275931853,0.012816192061150521,0.00973893805170611,0.0006904697033249476,0.0003398116582824474,0.0001414949922496722,0.2978749065069333,0.010910714405563179
49,0.03799741032793974,0.0017607761192415545,0.0022026623884187028,0.034107812449535035,0.13913818192555358,0.14437538081543308,0.0023526787812963154,0.014184096366704677,0.012605714970833723,0.009320922003898932,0.0006286320712735632,0.00032472454342063247,0.00012859153841065054,0.30005033788898766,0.010402870157003778
50,0.03696263707135857,0.001773049885640161,0.0022049198830310685,0.033958599416495094,0.14204272206764376,0.14418801527828098,0.0023239212257797127,0.013635437998413404,0.012387957845023901,0.008908450840185947,0.000571455566940694,0.00030985767989741037,0.00011668321883184004,0.3021900965701179,0.00990644730585589
51,0.03597668805071842,0.0017857914834711293,0.002207124198618248,0.033795682634852706,0.14499480653513697,0.14391368709918884,0.002294474225639994,0.013096070749928508,0.012162798580417257,0.00850184367828721,0.0005186537613526613,0.00029522499259061405,0.00010570739916269744,0.30429903860989427,0.009421429831393182
52,0.03503576287266097,0.0017990517693406121,0.0022092777756774224,0.03361899945723858,0.148007659362124,0.14354567738948737,0.0022645360329571797,0.012565674948019776,0.01192984720328433,0.00810106701927014,0.0004699336351680693,0.0002808277776116694,9.560036464383748e-05,0.30638354773258836,0.008947428796693715
53,0.034136048116246286,0.0018128959922508203,0.002211383915801691,0.03342822351889216,0.1510979025590548,0.1430750219804634,0.002234295596402855,0.012043618982456096,0.011688502362780542,0.007705872417541313,0.0004250072103700203,0.0002666595337082348,8.629968077543973e-05,0.3084508391183772,0.00848383884239501
54,0.0332740541255556,0.0018274005283475732,0.002213445890519705,0.033222927026652964,0.15428297050896192,0.14249189708123297,0.0022039067018635615,0.011529251319114961,0.011438052383734807,0.0073159698632826765,0.0003836023062877134,0.0002527119939196047,7.774636198405453e-05,0.3105080256111734,0.008030030525474048
55,0.03244665190370584,0.0018426534266323855,0.002215466746509976,0.03300261476002345,0.15758068391182486,0.14178583820386487,0.0021734868571669035,0.011021960743305633,0.01117769252280203,0.0069310708586400715,0.00034546433775774926,0.0002389766619735869,6.988524075439046e-05,0.31256196971616224,0.007585397099125798
56,0.03165125798017217,0.0018587507917922806,0.002217448602937604,0.032766920876054845,0.16100943842939686,0.14094449309302443,0.0021432150383790434,0.010521615918087587,0.010906633095203176,0.006551037214482242,0.00031036222925643844,0.00022544996157817398,6.266615450360499e-05,0.31461876247888787,0.0071495155598204595
57,0.030895467131597614,0.0018755341445051833,0.0022193661692435137,0.032522309876228506,0.16454852173295145,0.13995038648197256,0.002115181508022704,0.010041032291945152,0.010628957413133324,0.006181172401987998,0.00027831705873501223,0.00021231430593185874,5.608958690619822e-05,0.3166551220148918,0.006727893353561066
58,0.030172361131043515,0.0018931986870137879,0.0022212339821315766,0.032265386026994074,0.16822768003945068,0.13879883433605464,0.002088503145341133,0.009573136992154792,0.010341958574558874,0.005818821874585599,0.00024898779712912507,0.00019947883058391033,5.008383058997397e-05,0.3186881545130013,0.006317372332888609
59,0.029475325645826046,0.0019119940853317282,0.002223066015870564,0.031992687915435296,0.1720869076824578,0.137475242245007,0.0020625567380691333,0.0091120394094441,0.010042456498765605,0.005461413363234904,0.00022207223461631512,0.00018685582849932222,4.4585353979187136e-05,0.32073674607497804,0.005914926780329729
60,0.028799662723711063,0.0019321840029081832,0.002224872093916047,0.03170129931310354,0.17616761326383262,0.13595812421528852,0.0020370142520106534,0.008653935651398575,0.009727522898261407,0.005107155179507088,0.0001973304733317821,0.0001743846025227967,3.954342767731109e-05,0.32281668738253033,0.0055184136830389785
61,0.02814104171748966,0.0019540986175118616,0.002226661795556796,0.031387867228276835,0.18052050485861137,0.13421781223620935,0.0020116099734211346,0.008195310891677675,0.009393692120248558,0.004754266781672552,0.00017454705695855055,0.0001620051218433184,3.491251521299772e-05,0.32494523795991953,0.005125731475687418
62,0.027495007648716666,0.001978177042062547,0.0022284457638819173,0.03104812193212424,0.18521150873823555,0.13221328242696093,0.0019860802258360954,0.007732384664326467,0.009036509456209577,0.004400717982787003,0.0001535198149222186,0.00014964920418300472,3.065002476647497e-05,0.327143256055359,0.004734537026658702
63,0.02685663928277767,0.0020050278397929482,0.00223023672029435,0.030676340308980046,0.19032975817978345,0.12988686713897055,0.0019601256104518324,0.007260703756654442,0.008649979293884712,0.004044021786923998,0.0001340532067628855,0.00013723360515587724,2.6714968674549666e-05,0.3294374546858603,0.004342023567517311
64,0.026220215730495534,0.0020355267038737034,0.0022320505727261727,0.030264582680625304,0.19599983601416798,0.12715555494403985,0.001933375863273182,0.006774714914861844,0.008225748802829305,0.003681003362985405,0.00011595270219115725,0.00012465238067458089,2.3066835729350526e-05,0.33186348173634284,0.003944675281580493
65,0.025578892134593034,0.002070980817991405,0.0022339076385588163,0.02980156010006687,0.2024009019894069,0.1238967693125285,0.0019053429313694505,0.006267256926999688,0.007751854496857973,0.0033075394493157074,9.901992260548579e-05,0.00011176834298437513,1.96646171804105e-05,0.3344702711603046,0.003537992332085979
66,0.024924518159171575,0.0021134112242512924,0.00223583357862741,0.02927101539680738,0.20979611081937583,0.1199253405716112,0.001875361648011157,0.005729060311396536,0.007210826761348964,0.002918348621333847,8.3050663585469e-05,9.84063395789822e-05,1.646639690065412e-05,0.3373258733503947,0.0031162720213989527
67,0.024248280100773328,0.0021660150251559995,0.0022378579036869874,0.028649976668915045,0.21857073202408364,0.11496041694480268,0.0018425335784829915,0.005148844590252359,0.0065773088037805,0.002507268448792015,6.784635425268331e-05,8.436298597184618e-05,1.3431565890139079e-05,0.34052252713762166,0.0026729093549066833
68,0.02354453391195745,0.0022337303203104593,0.002240002360502343,0.027909677386616316,0.22924352403871656,0.10860207003293808,0.0018057969386129369,0.00451646671594762,0.005817621438956856,0.0020696082172191564,5.327414129724687e-05,6.94858542183853e-05,1.053253640656716e-05,0.3441678577262152,0.0022029007491413555
69,0.02282331483681886,0.0023229463381593497,0.0022422400002550667,0.02703009266969097,0.24228571653728379,0.10043039918038471,0.0017645716992702152,0.0038358415313852322,0.0049021138289516005,0.0016105978088204354,3.945591768474476e-05,5.395566393747998e-05,7.791682943762305e-06,0.34831652894832393,0.0017118010733864228
70,0.022131199366198007,0.0024372432599624907,0.002244421057130999,0.02604535305012626,0.2574232272878292,0.09048887943576811,0.0017206927841809702,0.0031514033985674274,0.0038505420242767757,0.001160947088214532,2.7069874383332152e-05,3.880309901645937e-05,5.340395849964308e-06,0.3527842029063457,0.001232160457464288
71,0.021546411292143998,0.0025679049078575996,0.0022462798732773115,0.025086818317440574,0.2727937825208863,0.07998132754002268,0.001680857184630941,0.0025540016033187268,0.002786092627288734,0.0007759742984127992,1.7210643969447113e-05,2.5872644498820363e-05,3.3918387630357964e-06,0.35700996884885866,0.0008224494256441024
72,0.02112064709299012,0.0026935451757410626,0.0022476483036352113,0.024298706115728392,0.28579426124193186,0.0708556888215366,0.001645847195465045,0.0021066147229014754,0.0018748986228853497,0.0004914476360124545,1.0356104975469519e-05,1.6343776758308572e-05,2.0383263350926925e-06,0.36040241198183504,0.0005201858440813253
73,0.020840946136722934,0.002796399748868131,0.002248561453146253,0.023732837015276457,0.2952671357453732,0.06410595948554129,0.0016171494101358682,0.0018080787140668784,0.0011967287083421466,0.00030101693138139777,6.020066396546431e-06,9.984454682260328e-06,1.1829718610484167e-06,0.36279832335511725,0.000318204424321253
74,0.020666365722323783,0.002871329052684727,0.0022491409732359074,0.023358982736048063,0.3015709306026484,0.05957846645524737,0.0015959514027318175,0.001621177387314102,0.0007356667651499366,0.00017991245161334498,3.412155838535674e-06,5.951910655808742e-06,6.692317249673174e-07,0.3643665258479417,0.0001899457498326567
75,0.020559819077752672,0.0029219436082013888,0.0022494992174465155,0.023122786638241015,0.30556633913068054,0.05669707276872035,0.0015814613804442153,0.0015073710245057416,0.0004383095423831862,0.00010494603768274682,1.8865851485002451e-06,3.462863744460458e-06,3.692434694900005e-07,0.3653522443043508,0.00011066473004519752
76,0.020495801655246313,0.002954375218044109,0.0022497158082551163,0.02297790138260209,0.30802095680049574,0.054922899410959077,0.0015721132211408849,0.0014392081311531942,0.00025332136244355817,5.9581165693476976e-05,1.0148954633561337e-06,1.9609408137030457e-06,1.9819385897134615e-07,0.3659551775637489,6.27551958295075e-05
77,0.020458064167682467,0.002974271493438636,0.0022498434464580525,0.022891436464801056,0.309487332025208,0.0538615882443646,0.001566363982404086,0.00139912215791908,0.00014187933715952927,3.2831346055742084e-05,5.297919077203768e-07,1.0778024238375065e-06,1.0322170671818334e-07,0.3663144064098958,3.454216209401815e-05
78,0.020436363428365727,0.0029859951084011504,0.002249916446669117,0.022841353839421014,0.3103374875096997,0.053245707955353015,0.0015629781492935912,0.001376100259789551,7.692156586085668e-05,1.7526063642725355e-05,2.6787577705682095e-07,5.738990605118346e-07,5.206838131255801e-08,0.36652227387413583,1.841990686160657e-05
79,0.020424248065226157,0.0029926377708180477,0.0022499568395231884,0.02281327460956657,0.3108145941892321,0.05289983184065415,0.0015610644400544209,0.001363252066967881,4.034552155105609e-05,9.054833716382728e-06,1.3107080181243363e-07,2.957572956935363e-07,2.5416077492783105e-08,0.36663874253690854,9.507077891381481e-06
80,0.020417701001407534,0.002996259910594181,0.002249978426305673,0.022798063433530767,0.31107331387061504,0.05271216324284733,0.0015600246733252217,0.0013563073224979914,2.047058609556263e-05,4.526671263967616e-06,6.204900722282876e-08,1.4748208001735382e-07,1.2003062148704275e-08,0.36670180910928557,4.748205413356503e-06
81,0.02041428149978964,0.0029981624537378597,0.002249989562629411,0.02279010723886166,0.3112087759509171,0.05261385089925057,0.0015594808271750108,0.0013526779170860144,1.0050810094159523e-05,2.1902671723260166e-06,2.8427829035825133e-08,7.118082860707217e-08,5.485949318468974e-09,0.3667347855944287,2.2953617792873826e-06
82,0.020412555968715575,0.002999126111935029,0.002249995109746977,0.022786088912518397,0.3112772623266614,0.052564122477583075,0.0015592065997581412,0.001350844994506317,4.778269336260236e-06,1.026320801666744e-06,1.2612023598130903e-08,3.327012335662544e-08,2.4279631003337232e-09,0.366751436398509,1.0746309117218341e-06
83,0.02041171444566665,0.0029995973511290305,0.002249997779438495,0.022784128109952482,0.31131071530325843,0.052539820964446364,0.0015590731140725077,0.001349950296282989,2.20123051764616e-06,4.6607560042861045e-07,5.422254909869126e-09,1.5070662243988785e-08,1.0413242734255293e-09,0.36675955967806023,4.876098418558939e-07
84,0.02041131752679316,0.0029998200957516903,0.002249999022005832,0.02278320289410506,0.3113265160622573,0.052528337692167,0.0015590103065525136,0.0013495279035866292,9.83424921839199e-07,2.052903373631723e-07,2.260906192744781e-09,6.621378141706656e-09,4.331492574901905e-10,0.3667633919645634,2.1460577095511392e-07
85,0.02041113630008429,0.0029999219842470784,0.0022499995818691977,0.022782780324204204,0.31133373973333,0.052523085655261696,0.0015589817062595527,0.0013493348658671091,4.264427327319439e-07,8.777696692113708e-08,9.150709973593991e-10,2.8239927591394404e-09,1.7488774260321084e-10,0.36676514196071835,9.169091842023914e-08
86,0.020411056122934975,0.0029999671362426717,0.0022499998263208567,0.02278259332444861,0.31133693947511437,0.05252075830995541,0.001558969087860635,0.0013492493847056869,1.7963160183361514e-07,3.646280345896421e-08,3.597949378830813e-10,1.1701336268615887e-09,6.85977635625958e-11,0.36676591625763605,3.806132978727147e-08
87,0.020411021718645526,0.002999986541429595,0.002249999929856083,0.022782513063376024,0.3113383140970671,0.05251975807991136,0.0015589636881251762,0.001349212671381295,7.356233801755923e-08,1.4727343158147838e-08,1.3754077523840766e-10,4.714238626999718e-10,2.615999078718284e-11,0.36676624853648493,1.53624677868734e-08
88,0.020411007386151276,0.002999994637533345,0.002249999972434019,0.02278247962013478,0.31133888739612975,0.05251934076523403,0.0015589614447379335,0.0013491973635182998,2.9309883617711027e-08,5.7881266108354466e-09,5.115865015463127e-11,1.8481039355340642e-10,9.706828388982157e-12,0.36676638696962,6.033802482932466e-09
89,0.020411001584207892,0.0029999979196515523,0.0022499999894508324,0.022782466079195377,0.311339119726857,0.052519171584741904,0.0015589605390027475,0.0013491911614280942,1.1370494181600222e-08,2.2151912635269678e-09,1.8528436704935886e-11,7.055054684369071e-11,3.5071165084208122e-12,0.3667664430120297,2.307777363584015e-09
90,0.02041099929996281,0.0029999992136416393,0.0022499999960660364,0.022782460747044826,0.3113392112932296,0.05251910488310457,0.0015589601833382114,0.001349188717607065,4.2979165983080225e-09,8.261334505083389e-10,6.5387886319955346e-12,2.6244592121729798e-11,1.234704037582974e-12,0.36676646507727945,8.601515352996472e-10
91,0.020410998424608154,0.002999999710191562,0.002249999998569453,0.022782458703310245,0.31133924641892613,0.0525190792867484,0.0015589600473888787,0.0013491877803396943,1.583955539900225e-09,3.0043282035569337e-10,2.250026269878314e-12,9.520006595296532e-12,4.2384625364489505e-13,0.3667664735334031,3.126266994745131e-10
92,0.02041099809784525,0.0029999998957952524,0.00224999999949241,0.022782457940264216,0.3113392595442322,0.05251906971896344,0.001558959996766163,0.0013491874301881925,5.695267735420489e-10,1.0660608046115551e-10,7.554216136092503e-13,3.369550711900056e-12,1.419601385109089e-13,0.36676647669015,1.1087301292517571e-10
93,0.02041099797893868,0.002999999963422227,0.0022499999998241552,0.022782457662549768,0.31133926432510456,0.0525190662327489,0.001558959978389704,0.0013491873026723015,1.9991193863484052e-10,3.693352197271385e-11,2.4761101921479637e-13,1.1644232897647598e-12,4.641991060992697e-14,0.3667664778389154,3.8391976192303336e-11
94,0.020410997936729822,0.0029999999874583206,0.002249999999940488,0.02278245756395173,0.31133926602381296,0.052519064993646586,0.0015589599718820316,0.001349187257373256,6.854442636798731e-11,1.250024283910267e-11,7.928382554144502e-14,3.931052431334574e-13,1.4827821426719416e-14,0.3667664782467149,1.298745972920429e-11
95,0.020410997922104337,0.00299999999579712,0.002249999999980313,0.022782457529781763,0.3113392666129679,0.05251906456375815,0.0015589599696323533,0.0013491872416654662,2.2969870790963752e-11,4.1354115486996565e-12,2.4812890467580664e-14,1.2972077364485702e-13,4.6294525497013545e-15,0.3667664783880239,4.2945746653617955e-12
96,0.02041099791715444,0.002999999998622712,0.0022499999999936304,0.022782457518215365,0.3113392668125445,0.05251906441808808,0.0015589599688727012,0.001349187236345455,7.52716551436578e-12,1.337995071588591e-12,7.594193435329053e-15,4.186450726324807e-14,1.4134960185648586e-15,0.3667664784358507,1.3888672683057329e-12
97,0.02041099791551718,0.002999999999558417,0.0022499999999979836,0.02278245751438901,0.31133926687861624,0.05251906436984797,0.0015589599686219944,0.001349187234584538,2.4133167478243585e-12,4.2359285944424427e-13,2.2741588569169577e-15,1.3220294529310264e-14,4.222751560336136e-16,0.36676647845167076,4.395095879865051e-13
98,0.020410997914987617,0.002999999999861413,0.0022499999999993753,0.022782457513151205,0.3113392669000054,0.052519064354226784,0.0015589599685410832,0.0013491872340145878,7.57392553120461e-13,1.3128478159279013e-13,6.666663599102834e-16,4.087034940568448e-15,1.234941058091431e-16,0.3667664784567879,1.3616197699907802e-13
99,0.02041099791482003,0.002999999999957405,0.0022499999999998107,0.022782457512759435,0.31133926690678,0.052519064349277715,0.0015589599685155323,0.0013491872338341005,2.327857710535423e-13,3.985254253129402e-14,1.914033711505654e-16,1.2375192831415985e-15,3.537133073348311e-17,0.3667664784584073,4.131683651631967e-14
100,0.020410997914768116,0.0029999999999871735,0.002249999999999944,0.02278245751263806,0.3113392669088802,0.05251906434774294,0.0015589599685076343,0.0013491872337781548,7.009980499244052e-14,1.1854118273079134e-14,5.384433788879364e-17,3.6717048188147893e-16,9.926751965314007e-18,0.366766478458909,1.2285059844814721e-14
101,0.020410997914752368,0.002999999999996214,0.002249999999999983,0.02278245751260124,0.3113392669095179,0.0525190643472768,0.0015589599685052438,0.0013491872337611712,2.0691421393824883e-14,3.4565401616859006e-15,1.484799794730872e-17,1.067931336491093e-16,2.7308732310659144e-18,0.36676647845906113,3.580912166513384e-15
102,0.020410997914747684,0.002999999999998904,0.002249999999999994,0.022782457512590285,0.31133926690970765,0.052519064347138086,0.0015589599685045354,0.0013491872337561197,5.9890429497943545e-15,9.884459704901781e-16,4.015257699790401e-18,3.046201323691729e-17,7.36740913925075e-19,0.36676647845910637,1.023659982340811e-15
103,0.020410997914746324,0.002999999999999689,0.0022499999999999972,0.0227824575125871,0.31133926690976294,0.05251906434709767,0.0015589599685043294,0.0013491872337546484,1.700557230774289e-15,2.7731654094180143e-16,1.0652451394948687e-18,8.524838798928665e-18,1.9499338261506665e-19,0.3667664784591196,2.8710161826284006e-16
104,0.020410997914745935,0.002999999999999914,0.002249999999999998,0.022782457512586184,0.31133926690977876,0.05251906434708609,0.0015589599685042702,0.0013491872337542269,4.738686662555481e-16,7.636172277104532e-17,2.7735902918157414e-19,2.3414867459517405e-18,5.065039106901682e-20,0.3667664784591233,7.903121893724765e-17
105,0.020410997914745824,0.002999999999999976,0.002249999999999998,0.02278245751258593,0.3113392669097832,0.05251906434708281,0.0015589599685042533,0.0013491872337541078,1.2963350024998278e-16,2.064485165109066e-17,7.090078806249189e-20,6.314431376110949e-19,1.291703944856373e-20,0.36676647845912436,2.1360112616212812e-17
106,0.020410997914745793,0.0029999999999999923,0.0022499999999999985,0.022782457512585865,0.3113392669097844,0.05251906434708194,0.001558959968504249,0.001349187233754076,3.482750400608468e-17,5.4819700606101476e-18,1.7800366733270448e-20,1.6725018334875396e-19,3.2352925695959037e-21,0.3667664784591247,5.670255903261769e-18
107,0.020410997914745786,0.0029999999999999966,0.0022499999999999985,0.022782457512585848,0.3113392669097847,0.052519064347081715,0.001558959968504246,0.001349187233754066,9.192225729533109e-18,1.4302013486468263e-18,4.390592578281733e-21,4.3524682181987395e-20,7.961258108817405e-22,0.36676647845912475,1.4789127492179771e-18
108,0.020410997914745783,0.002999999999999998,0.0022499999999999985,0.022782457512585834,0.3113392669097848,0.05251906434708163,0.0015589599685042466,0.0013491872337540638,2.3842618603036358e-18,3.667198899363924e-19,1.0643271240930086e-21,1.1132237021276134e-20,1.9253466281035949e-22,0.36676647845912475,3.791089887445719e-19
109,0.02041099791474578,0.002999999999999998,0.0022499999999999985,0.022782457512585837,0.3113392669097848,0.05251906434708161,0.0015589599685042455,0.0013491872337540625,6.079368806775087e-19,9.244517528407652e-20,2.5364192097153186e-22,2.7992578378149687e-21,4.577531626213517e-23,0.36676647845912475,9.554385035912516e-20
110,0.02041099791474578,0.0029999999999999983,0.0022499999999999985,0.022782457512585834,0.3113392669097849,0.052519064347081555,0.0015589599685042462,0.0013491872337540612,1.524282614403069e-19,2.2918023338948118e-20,5.944178312253402e-23,6.922255903298667e-22,1.0702370153574252e-23,0.36676647845912475,2.3680393082554094e-20
111,0.02041099791474578,0.0029999999999999983,0.0022499999999999985,0.022782457512585834,0.3113392669097849,0.052519064347081555,0.0015589599685042472,0.001349187233754062,3.759250642704645e-20,5.589062020341097e-21,1.370293538091497e-23,1.6839239466894476e-22,2.461392504479177e-24,0.36676647845912475,5.773618742895435e-21
112,0.020410997914745776,0.0029999999999999983,0.0022499999999999985,0.022782457512585837,0.311339266909785,0.052519064347081514,0.0015589599685042462,0.0013491872337540601,9.121946327055007e-21,1.3411910913200896e-21,3.108191846707265e-24,4.0307745522827724e-23,5.570004186926445e-25,0.36676647845912475,1.3851640291083171e-21
113,0.020410997914745776,0.0029999999999999983,0.0022499999999999985,0.022782457512585837,0.3113392669097849,0.052519064347081534,0.001558959968504246,0.0013491872337540603,2.1784189900002635e-21,3.1677362734420176e-22,6.938913215469318e-25,9.496475724621382e-24,1.2405690016441842e-25,0.36676647845912475,3.2708805129053445e-22
114,0.02041099791474578,0.0029999999999999983,0.0022499999999999985,0.022782457512585834,0.3113392669097849,0.05251906434708154,0.0015589599685042466,0.0013491872337540612,5.121250130476125e-22,7.365910657857756e-23,1.5250261951905545e-25,2.2027074420743646e-24,2.720131310639283e-26,0.36676647845912475,7.604151795327736e-23
115,0.02041099791474578,0.0029999999999999983,0.0022499999999999985,0.02278245751258585,0.31133926690978486,0.05251906434708156,0.0015589599685042453,0.0013491872337540612,1.185496294727575e-22,1.6866748367430111e-23,3.3004571875740006e-26,5.031297898218523e-25,5.873150179495258e-27,0.36676647845912475,1.74087558793072e-23
116,0.02041099791474578,0.0029999999999999983,0.0022499999999999985,0.022782457512585834,0.3113392669097849,0.052519064347081555,0.0015589599685042462,0.0013491872337540612,2.702832737782656e-23,3.804243870508063e-24,7.035366884529071e-27,1.131974676371851e-25,1.2490204150474336e-27,0.36676647845912475,3.925725725444824e-24
117,0.02041099791474578,0.0029999999999999983,0.0022499999999999985,0.022782457512585837,0.3113392669097849,0.052519064347081555,0.001558959968504246,0.001349187233754061,6.0706380467484e-24,8.45353401896725e-25,1.477462486275393e-27,2.5091567624937726e-26,2.616895549255091e-28,0.36676647845912475,8.721841215628638e-25
118,0.02041099791474578,0.0029999999999999983,0.0022499999999999985,0.022782457512585834,0.3113392669097849,0.05251906434708154,0.0015589599685042477,0.001349187233754062,1.3435184623690854e-24,1.8511373081190618e-25,3.057461168907835e-28,5.480885347192625e-27,5.402806046642595e-29,0.3667664784591248,1.9095439033645601e-25
119,0.020410997914745776,0.0029999999999999983,0.0022499999999999985,0.022782457512585837,0.311339266909785,0.05251906434708152,0.0015589599685042455,0.00134918723375406,2.9304994544136904e-25,3.9954287544048663e-26,6.236121481941311e-29,1.180047694786647e-27,1.099418054116251e-29,0.36676647845912475,4.120769063419589e-26
120,0.020410997914745776,0.0029999999999999983,0.0022499999999999985,0.022782457512585837,0.3113392669097849,0.052519064347081534,0.001558959968504246,0.00134918723375406,6.301148660094242e-26,8.501654060352766e-27,1.2539160482738194e-29,2.504754736884156e-28,2.2055047862168952e-30,0.36676647845912475,8.766874199310136e-27
121,0.02041099791474578,0.0029999999999999983,0.0022499999999999985,0.022782457512585837,0.3113392669097849,0.05251906434708154,0.0015589599685042455,0.0013491872337540608,1.335876104444039e-26,1.783801564893491e-27,2.4860548836535968e-30,5.242464188787614e-29,4.3625747807008415e-31,0.36676647845912475,1.8391485191430906e-27
122,0.02041099791474578,0.0029999999999999983,0.0022499999999999985,0.022782457512585837,0.31133926690978486,0.05251906434708158,0.001558959968504247,0.0013491872337540625,2.7929706696101344e-27,3.6912850827977093e-28,4.861009461295187e-31,1.0821693907200444e-29,8.510452569347236e-32,0.36676647845912475,3.8052140765879435e-28
123,0.020410997914745776,0.0029999999999999983,0.0022499999999999985,0.02278245751258584,0.3113392669097849,0.052519064347081534,0.001558959968504246,0.0013491872337540603,5.759739722115386e-28,7.534919707057637e-29,9.37557816519358e-32,2.2035687664017616e-30,1.637644608549842e-32,0.36676647845912475,7.766289806471556e-29
124,0.02041099791474578,0.0029999999999999983,0.0022499999999999985,0.02278245751258585,0.3113392669097849,0.05251906434708152,0.0015589599685042477,0.0013491872337540616,1.1718053899676953e-28,1.5175011790424356e-29,1.7840422466989688e-32,4.426994215105207e-31,3.109020225105765e-33,0.36676647845912475,1.5638660654626973e-29
125,0.02041099791474578,0.0029999999999999983,0.0022499999999999985,0.022782457512585837,0.3113392669097849,0.05251906434708154,0.001558959968504246,0.0013491872337540606,2.3523479042823358e-29,3.015821361431013e-30,3.349845359515321e-33,8.776454507253915e-32,5.824268529522471e-34,0.36676647845912475,3.10751817871602e-30
126,0.02041099791474578,0.0029999999999999983,0.0022499999999999985,0.022782457512585837,0.311339266909785,0.0525190643470815,0.0015589599685042479,0.0013491872337540612,4.660321185966874e-30,5.915380570038932e-31,6.2077115305977135e-34,1.7172416613583623e-32,1.0768315916343782e-34,0.3667664784591248,6.094389279297e-31
127,0.02041099791474578,0.0029999999999999983,0.0022499999999999985,0.022782457512585834,0.311339266909785,0.052519064347081534,0.0015589599685042466,0.001349187233754061,9.113198155776953e-31,1.145334225614843e-31,1.1355275194226508e-34,3.3167892150476344e-33,1.9652371788350055e-35,0.3667664784591248,1.1798341690026252e-31
128,0.02041099791474578,0.0029999999999999983,0.0022499999999999985,0.02278245751258584,0.3113392669097849,0.05251906434708152,0.0015589599685042466,0.0013491872337540603,1.7592866397835604e-31,2.1893941758993787e-32,2.050657444903667e-35,6.3248203299137665e-34,3.5408937559367757e-36,0.36676647845912475,2.2550471260190135e-32
129,0.02041099791474578,0.0029999999999999983,0.0022499999999999985,0.022782457512585837,0.311339266909785,0.052519064347081514,0.0015589599685042477,0.0013491872337540612,3.353367843663756e-32,4.132619044431937e-33,3.6566690942886374e-36,1.190940094580924e-34,6.299547201823144e-37,0.3667664784591248,4.2559996777045e-33
130,0.02041099791474578,0.0029999999999999983,0.0022499999999999985,0.022782457512585837,0.3113392669097849,0.05251906434708154,0.0015589599685042455,0.0013491872337540606,6.312050454746427e-33,7.703745271226963e-34,6.43933415638116e-37,2.2146672896236564e-35,1.1068020735130377e-37,0.36676647845912475,7.932758136419224e-34
131,0.02041099791474578,0.0029999999999999983,0.0022499999999999985,0.022782457512585837,0.3113392669097849,0.05251906434708154,0.0015589599685042466,0.0013491872337540612,1.1734599283194506e-33,1.4184597184414702e-34,1.1200120170480396e-37,4.067872716020429e-36,1.920695191358968e-38,0.36676647845912475,1.4604505271378584e-34
132,0.020410997914745776,0.0029999999999999983,0.0022499999999999985,0.022782457512585837,0.311339266909785,0.052519064347081514,0.0015589599685042462,0.0013491872337540603,2.154946662073063e-34,2.580073906062962e-35,1.924387581263509e-38,7.38121774144967e-37,3.292581386196659e-39,0.36676647845912475,2.656139729197342e-35
133,0.02041099791474578,0.0029999999999999983,0.0022499999999999985,0.022782457512585837,0.3113392669097849,0.05251906434708152,0.0015589599685042472,0.0013491872337540612,3.90962684104534e-35,4.63667837227161e-36,3.2667087582952224e-39,1.323275061504753e-37,5.576529990282634e-40,0.36676647845912475,4.772830240179409e-36
134,0.02041099791474578,0.0029999999999999983,0.0022499999999999985,0.022782457512585844,0.3113392669097849,0.052519064347081534,0.001558959968504247,0.0013491872337540612,7.008464556635275e-36,8.233781505543132e-37,5.4794172474599795e-40,2.3441832313703148e-38,9.33252366444928e-41,0.36676647845912475,8.47461249829407e-37
135,0.020410997914745776,0.0029999999999999983,0.0022499999999999985,0.022782457512585837,0.3113392669097849,0.052519064347081555,0.0015589599685042455,0.0013491872337540606,1.2415259271387691e-36,1.4449918082313524e-37,9.082821243466113e-41,4.104010355245241e-39,1.5434694959313358e-41,0.36676647845912475,1.4870945408577447e-37
136,0.02041099791474578,0.0029999999999999983,0.0022499999999999985,0.022782457512585837,0.3113392669097849,0.05251906434708154,0.0015589599685042479,0.0013491872337540623,2.1736465794407926e-37,2.5064531940057204e-38,1.488073213325687e-41,7.101585224207593e-40,2.522990396052665e-42,0.3667664784591248,2.579209418500727e-38
137,0.02041099791474578,0.0029999999999999983,0.0022499999999999985,0.022782457512585837,0.3113392669097849,0.05251906434708154,0.0015589599685042462,0.0013491872337540612,3.761625775889494e-38,4.297687921457006e-39,2.4098947275331783e-42,1.2147447369273668e-40,4.0766633257498825e-43,0.36676647845912475,4.42197995620985e-39
138,0.020410997914745776,0.0029999999999999983,0.0022499999999999985,0.02278245751258584,0.3113392669097849,0.05251906434708152,0.0015589599685042455,0.00134918723375406,6.435280950075081e-39,7.285218459259128e-40,3.8582791921805434e-43,2.0542296264731836e-41,6.512044627275486e-44,0.36676647845912475,7.495150905561355e-40
139,0.020410997914745776,0.0029999999999999983,0.0022499999999999985,0.022782457512585837,0.311339266909785,0.052519064347081534,0.0015589599685042455,0.00134918723375406,1.08846626478582e-39,1.221047606226165e-40,6.107466907071951e-44,3.4347654440203063e-42,1.0284975269071508e-44,0.3667664784591248,1.256108857109766e-40
