,Rs,Rj,Ra,Sj,Sa,Sb,Sga,Sgb,Cj,Ca,Cb,Cga,Cgb,Clupeid adult,Cod adult
0,0.12739971072819514,0.001799448118064846,0.0018903049205022087,0.01785656442409632,0.06273077018274519,0.05582125951856507,0.0018749242455804497,0.013131613891519033,0.006074047782590605,0.007390960704013547,0.005372008267895748,0.0002720808921934282,0.0015040340349729796,0.13355856783840972,0.014539083899075704
1,0.12917017371114642,0.0017380901830685927,0.0018843951790226184,0.017776475764261158,0.0596860910581553,0.056029934548409654,0.0018789104030274254,0.013533649932858311,0.0065452246563589295,0.007932423241030877,0.005572494524887904,0.0002955276063061546,0.0015682084961398158,0.1311285859424507,0.01536865386836475
2,0.1269502983401994,0.001729829829798003,0.0018846979718304697,0.018251907969665353,0.060372716887129314,0.05705693621635133,0.001881267354732197,0.013837209121942591,0.006630937726344264,0.008166305840475252,0.005548205898361216,0.00031107315044644435,0.001575840768109373,0.13314812958015543,0.015601425657392282
3,0.12118480936801815,0.0016742296147777339,0.0018914474272831337,0.01904833829122405,0.06081025359131034,0.060740869265370076,0.002017149206903372,0.015140599549219999,0.007184679569627486,0.008229531631820245,0.005580857686080103,0.0003329099441799787,0.001626137826241051,0.1387088716128038,0.015769437088321382
4,0.11939899412199463,0.0016147915279258922,0.0018922163737748212,0.019257540558599556,0.05865267014673184,0.06339634689156222,0.002080706400863078,0.0165897640474318,0.007782853887055521,0.008569261707834893,0.005760956935457667,0.000359126828343759,0.001704425389942689,0.14071948748658894,0.016393770861579008
5,0.11709158835069824,0.0015773100129140693,0.0018924970107638912,0.01976794531351624,0.05757778252641221,0.06534201296628087,0.0021229316536826226,0.017528905078990676,0.008221134010422822,0.008864311036236723,0.005850209763461335,0.0003797900085300601,0.0017466635972749685,0.14257163222536637,0.016840974405503084
6,0.1135388652548982,0.0015629309271262219,0.0018931354174834293,0.02019812998915032,0.058651051908159724,0.06743837129043932,0.002179570036616697,0.018113110022022524,0.00845126926781427,0.009090037348282051,0.005807242930122799,0.00039512897135527184,0.001744057999842527,0.14638210325723827,0.017036467249602647
7,0.11355352632088674,0.0015553900925198766,0.0018924929657032927,0.02027274952608756,0.05782051873010729,0.0677367672876255,0.002185631156122253,0.018493685025326084,0.008533826922394284,0.009250014330505405,0.005748778933113414,0.0004036613581098432,0.0017270356271329576,0.1462366021991811,0.01712949024886162
8,0.10865748990806519,0.0015535088658259289,0.0018948476079695567,0.020943598418536054,0.0598750372244261,0.07005652477048675,0.002265927797712345,0.01906880388310528,0.008663061385094015,0.009354712116409338,0.005639510491135812,0.000414107182367428,0.00170405271683545,0.1512662936757305,0.01711238250674803
9,0.10813851567340388,0.0015411548737024748,0.0018936033413764046,0.021048527123391034,0.05922938456647023,0.07072618044886313,0.0022755576410037844,0.019550434275994226,0.008814238776542973,0.00960867582001809,0.005626580786932966,0.00042767169289491724,0.0017020996877198098,0.1517815569323314,0.01736502798756578
10,0.10509332076162227,0.0015310252705167267,0.0018937975453704855,0.021470860901641443,0.06012848853912771,0.07239271537239016,0.002320112528256289,0.020054719727097936,0.009002240235379056,0.009841942989348509,0.005588412142401876,0.0004423565077327424,0.0016964337060237501,0.1548960361668721,0.017569145345506878
11,0.10238590403207488,0.001523745434332451,0.001894069880413046,0.021855508353440332,0.060867881042735626,0.07387263461284373,0.0023624626536818383,0.020567029385777827,0.009150003991809921,0.010046520367678918,0.0055379063337340105,0.0004553245147287696,0.001685647721644877,0.15767000769503903,0.017725398937786577
12,0.1000223185184616,0.0015192612128968226,0.0018941515553216237,0.02217739977672278,0.06168895412238501,0.0751186132283747,0.002396777132711793,0.02090773701441324,0.009257940182374693,0.010232008732778767,0.005465372303646711,0.0004665190964055093,0.0016660528925850056,0.16011208149788472,0.017829953025415995
13,0.09743325434448324,0.0015194134332580868,0.0018945244625148587,0.022512550112487595,0.06298124101743784,0.07632806830690875,0.0024321305101513823,0.021057271699740494,0.009316405177815628,0.010368423188400118,0.005354603996485602,0.0004748711842326648,0.001633489898903125,0.16279871153423847,0.017831388268021508
14,0.09490209863826937,0.0015198814277184811,0.0018949413744402022,0.022837222615485743,0.06429380854816166,0.07749845844593344,0.0024657831162504073,0.021171060376911154,0.009369291253924808,0.01049301097109497,0.005240285676557313,0.0004825493689470606,0.001599489735284324,0.16542911048725667,0.017815335751883668
15,0.09235702881260911,0.0015206768090715625,0.0018954644488646426,0.02316190470289769,0.06565570119689455,0.07866108673354627,0.0024990452661813535,0.02125995289085949,0.009418092510703753,0.010603700305019633,0.005122514441718804,0.0004895465388814314,0.0015642725369943607,0.16807578608748167,0.01778003382261423
16,0.08981027543124641,0.001521802727914067,0.0018960910057000421,0.023484704100157325,0.06706459968023605,0.07980919593929586,0.0025316269709623456,0.021321077445433285,0.009462360423799035,0.010699575133136461,0.005001224029844172,0.0004958021749161078,0.001527813742664039,0.17072650003592754,0.017724415080560784
17,0.0872673615598821,0.001523284825578853,0.00189682421371833,0.02380461269725822,0.06852250489931734,0.08093827190336705,0.0025633459342174043,0.02135177763007836,0.009501531955552124,0.010779399091943994,0.004876231039642681,0.0005012462344696679,0.0014900632818726635,0.17337590036698017,0.017646939647929006
18,0.08473334941950506,0.001525148252144775,0.0018976672769346777,0.024120634647381067,0.07003186335054319,0.0820438779380678,0.002594014683490103,0.021349466555545513,0.00953505368184821,0.01084194417240838,0.004747400126519871,0.0005058098054457251,0.001450987794210293,0.1760192225276466,0.01754614189858427
19,0.0822134941386603,0.0015274177332245931,0.0018986229975509127,0.02443170023966153,0.07159515020952543,0.08312137896264767,0.0026234321858846837,0.021311678234371415,0.009562366494220908,0.010886013910729728,0.004614654714113848,0.0005094257831039054,0.0014105728878403931,0.1786516395924292,0.017420667295787874
20,0.07971319504873912,0.0015301173379596003,0.0018996936177060582,0.024736669899593715,0.07321481409472169,0.08416598388613476,0.0026513857972725176,0.021236153912324807,0.009582911370632054,0.010910475216616951,0.004477987361974862,0.0005120305734559592,0.0013688263590278644,0.1812683376904538,0.01726931951107564
21,0.07723787074130707,0.001533270050846507,0.001900880671352152,0.02503434794477047,0.07489325129285415,0.08517283228808888,0.0026776546122963506,0.021120934219710865,0.009596139711818517,0.010914294792351622,0.004337469478015021,0.0005135660889579577,0.0013257812624511392,0.18386467241295026,0.01709111162177574
22,0.07479281961198245,0.0015368973901815708,0.001902184856025117,0.02532349944701191,0.07663278572723578,0.08613709114598947,0.0027020135135500034,0.020964448499463002,0.009601523819772587,0.010896574907763168,0.004193258287718584,0.000513981721706392,0.0012814980776744923,0.18643633888623826,0.016885312994862636
23,0.07238307552760302,0.0015410191548208268,0.0019036059416645817,0.025602869374007846,0.07843565885172207,0.08705405348034667,0.002724237677474729,0.02076559303371278,0.0095985662146031,0.010856585040342393,0.004045599809494253,0.0005132361058953274,0.001236065571730838,0.18897954304325623,0.01665148652746281
24,0.07001327076838308,0.0015456533575342816,0.0019051427287742745,0.025871202631666302,0.08030403202604204,0.08791923004737534,0.0027441071525240277,0.020523790110421467,0.00958680668470794,0.010793786202873003,0.0038948270170706414,0.0005112984944710853,0.0011896000982474033,0.19149115933636288,0.016389511812662134
25,0.06768751913960079,0.001550816387413802,0.001906793062446144,0.026127263385434172,0.08224000170745649,0.08872842543625589,0.0027614110534214535,0.020239021616296274,0.009565826144737593,0.010707845468412205,0.003741352924319896,0.0005081496094738056,0.0011422432533161676,0.19396885981343012,0.016099591255522072
26,0.06540933052179808,0.0015565234190016554,0.0019085539011027344,0.026369852101329534,0.08424562493296094,0.08947779206994474,0.0027759509185388744,0.01991183399172318,0.00953524674970122,0.010598639432944848,0.0035856590004770287,0.0005037818901713025,0.0010941580257303484,0.19641120191316774,0.015782238349323532
27,0.06318156474460093,0.001562789056269933,0.0019104214306342024,0.026597819105673187,0.08632294931974425,0.09016385938495616,0.0027875428570648952,0.019543315347273223,0.009494728220307827,0.010466246910991043,0.003428279973366086,0.0004981991462270154,0.0010455237883521607,0.19881766690903852,0.015438249818936305
28,0.06100642751128015,0.0015696281727331663,0.0019123912076820016,0.026810074056026888,0.08847403857639798,0.09078354029103183,0.0027960182568945884,0.01913504948965959,0.009443960873062391,0.010310932712571887,0.003269786557426935,0.0004914157072888698,0.0009965306306151216,0.201188646613984,0.015068665607902813
29,0.05888550722890642,0.0015770568846294427,0.0019144583113060304,0.027005591434621765,0.09070098149679201,0.09133412193788605,0.0028012229918038477,0.018689054649646687,0.009382656318877804,0.01013312559174025,0.0031107678544387723,0.0004834552285218107,0.0009473735981091893,0.2035253810761286,0.014674722272810024
30,0.05681984739121936,0.0015850935827260808,0.001916617480792856,0.02718341289973795,0.09300586951722421,0.09181325228696696,0.002803015232901746,0.018207716389598737,0.009310537137916092,0.009933394204811466,0.00295181510269909,0.00047434935323389845,0.0008982473791680159,0.20582985342669166,0.014257806039912469
31,0.054810048115046646,0.0015937599391172292,0.001918863218128843,0.02734264798204248,0.09539072483414349,0.0922189374783873,0.0028012621016603244,0.01769372433296402,0.009227327058748363,0.00971242516111879,0.0027935081581522427,0.00046413644763048723,0.0008493418810429214,0.20810464874715515,0.013819411647944441
32,0.05285639002500129,0.0016030817996566713,0.0019211898359386673,0.027482475160500886,0.09785735779743752,0.09254956749314276,0.002795835520263591,0.017150021298990587,0.009132743320735796,0.009471007107581652,0.002636405681492325,0.00045286061478506137,0.0008008390033359664,0.21035278210983444,0.013361112407195003
33,0.05095897484243985,0.0016130898621791278,0.001923591434910397,0.027602145754819698,0.10040713018671364,0.0928039884610264,0.0027866077680351433,0.01657977134805506,0.00902649302493173,0.009210024357212486,0.0024810395628960687,0.0004405711708767236,0.0007529107721664256,0.21257749776383023,0.012884545863151705
34,0.04911787678935939,0.0016238200305931818,0.0019260618007757556,0.027700993192880368,0.10304060609241517,0.09298163639335345,0.0027734475702307633,0.01598634975662636,0.008908275296343806,0.008930462666374797,0.0023279136369429017,0.00042732271935918306,0.0007057188465546525,0.21478203981262572,0.012391417869231536
35,0.04733329377173312,0.0016353133547201556,0.0019285942270142907,0.027778449243525172,0.10575710156936367,0.09308273027623526,0.0027562182786286093,0.015373351230385812,0.008777790484519755,0.008633427402321257,0.0021775060356456002,0.0004131758427208862,0.0006594151945250138,0.21696940135461334,0.011883524475212758
36,0.04560566862009256,0.0016476156259181151,0.0019311813150891546,0.027834064843771954,0.10855424269030185,0.09310846840147143,0.00273478128875329,0.014744597399425076,0.008634754794771077,0.008320167729473785,0.002030273053716611,0.0003981981155637509,0.0006141433005742501,0.21914208977995164,0.011362782199328396
37,0.043935703488663214,0.0016607772815263626,0.0019338149209157656,0.027867520831363964,0.11142790551996228,0.0930610275029309,0.0027090108890834583,0.01410409036963845,0.008478909637584684,0.007992083318954374,0.0018866490326416463,0.00038246433064828913,0.0005700382765637943,0.22130203428161505,0.010831234958808103
38,0.0423240969393708,0.0016748558681938946,0.0019364866646977032,0.027878584518172447,0.11437348635332466,0.09294284703534457,0.0026788310951444167,0.013455792924533935,0.00830999203297926,0.007650652956603003,0.001747030072491744,0.0003660530698292232,0.0005272222778322733,0.22345095740834756,0.010290958376756244
39,0.040770735068639374,0.0016899263230607975,0.0019391897486964143,0.02786692000533121,0.11739024080848957,0.09275423223842473,0.0026442851280840773,0.012803043631252314,0.008127593019088332,0.007297172908900191,0.00161172155141497,0.000349034302337118,0.00048578930886573,0.22559180180625069,0.009743718071518009
40,0.03927329625015701,0.0017061054051200333,0.0019419224824366544,0.02783166735422873,0.12048974347898486,0.092488637985799,0.0026056203639992126,0.012147560695502149,0.007930829537587062,0.006932234068940117,0.001480842411526164,0.0003314446007741137,0.00044577725968681904,0.22773156252428522,0.009190298340927215
41,0.03782650502399135,0.0017235818467648007,0.0019446909293870309,0.027771012685932066,0.12370273493865448,0.09212866463113947,0.002563285516221841,0.011488857767005829,0.007717985712283731,0.006555296246200705,0.0013542648738236827,0.0003132668210528412,0.00040715012616098303,0.2298835428530216,0.008629978067238213
42,0.036423988065208635,0.0017426205508197213,0.001947505597515719,0.027682334856322342,0.12707264683042474,0.09164919806829001,0.0025177466730821846,0.01082542983246025,0.007486585743272135,0.006165114262705964,0.0012317270863059328,0.0002944499710080025,0.0003698308750859874,0.23206502140425717,0.008061122195105887
43,0.035063927925661674,0.0017634918317700192,0.0019503687691935188,0.027563279833640448,0.13063974999839284,0.09101958730976605,0.002470074024227583,0.010160133517736631,0.007234458856680473,0.005761602692377655,0.0011132009524587208,0.000274997909386236,0.0003338103783056967,0.23428954485012307,0.007483611932528309
44,0.033772872568131225,0.001785914512200678,0.0019532043064228585,0.027422501583348913,0.13437197226702974,0.0901952106675762,0.0024267270913563284,0.009527156745571193,0.00696729677572283,0.00535659138164175,0.0010008025536609659,0.000255479400090659,0.0002997128291968017,0.23652106677153345,0.0069125861645901775
45,0.032533454580073826,0.0018105100840241045,0.001956058152078216,0.02725009455251436,0.13834644271439514,0.08915922307457454,0.002385307940938874,0.00890822209254986,0.006678441153743652,0.0049433680176384324,0.0008931343630778395,0.00023558309765865933,0.00026712088708212816,0.23879919582245845,0.006339206365457059
46,0.031121581036911615,0.0018491382728214104,0.001959334866246423,0.027112613423594185,0.1438561892702233,0.08711531853279826,0.002338601826889896,0.008188206191096238,0.006244896330584122,0.004465493925676575,0.0007816803717315521,0.00021254512849412863,0.00023355969510304478,0.24149831582100773,0.005693279121005301
47,0.02840948168535598,0.001962603941906112,0.0019666030468789863,0.02641041447221546,0.15858535065540852,0.08062699272000631,0.002294341692695147,0.006740027743340007,0.005029609332874846,0.0033745850504188165,0.000577111692902184,0.00016050809700656922,0.0001726882125189155,0.24824671281144997,0.0042848930528464856
48,0.027054353052695098,0.0020140473389074804,0.0019699239433288453,0.02615854245735946,0.1649871758520046,0.0779208334858859,0.002216526334589757,0.005946931653021378,0.004540965038476665,0.002869922676446238,0.0004737621672979089,0.00013625341581610174,0.00014156772886119869,0.2510714673255016,0.0036215059884214477
49,0.026290805456442617,0.0020584612459773072,0.001972764123698225,0.02556222168097626,0.17076070828256787,0.07536955645364292,0.0022117012468935897,0.005477857420276347,0.004109273936948413,0.0024281102655049915,0.00038787233108048187,0.00011523870200683773,0.00011578487428163369,0.2538198234033807,0.003047006172873945
50,0.02534233371557195,0.002107890262886306,0.001975365692930186,0.025236168955124604,0.1765112263837145,0.07266181001300721,0.0021348521381020936,0.004849264323388483,0.003677476691424814,0.002024761511790846,0.0003119297932509257,9.591166122065757e-05,9.29605752096373e-05,0.2561571528582123,0.0025255635414720666
51,0.024767736602613784,0.002156052433467285,0.0019777114467029577,0.024636367882488002,0.18219163863280566,0.06983751716765339,0.0021186849903165462,0.004428680380632467,0.003258052637320564,0.001655359521238853,0.0002464993512401281,7.837834469913645e-05,7.336891102287527e-05,0.25857652117140806,0.0020536061282009927
52,0.02410735024700251,0.0022072357911129313,0.001979756692261782,0.024242110017708547,0.18765507814524007,0.06698652122872573,0.0020435101971230264,0.003921237825400156,0.002848848313347397,0.0013338302283582638,0.0001914339258691511,6.304192361794892e-05,5.6875818536791285e-05,0.260606347396489,0.0016451818963821548
53,0.02367966299668911,0.0022573976266713714,0.0019814755612871248,0.023749045366296243,0.19279784597677752,0.06416818495502644,0.002003570031050473,0.003551083698964612,0.0024608424245585563,0.0010614715690082394,0.00014701736476069685,5.01214145024126e-05,4.3608611309154406e-05,0.26252068466181905,0.0013022189595805033
54,0.023235556719152034,0.002318103231267107,0.0019829974274133775,0.02337200621228183,0.1982194416131425,0.06096196795075159,0.0019677247255892334,0.0032030967298508468,0.0020232336164483235,0.0008205073476052375,0.00010968081498468872,3.8669669849360094e-05,3.248034580114139e-05,0.26435223101933414,0.0010013381782404275
55,0.022852670554682902,0.0023823665581027944,0.0019843341965419896,0.023002765350471847,0.20353393488286342,0.057717731046364205,0.0019393309676220716,0.002896853819096793,0.0015861306166505907,0.0006080426704556703,7.842883359851507e-05,2.8598991364189907e-05,2.3186783314106783e-05,0.2660878507159465,0.0007382572787324822
56,0.022553635621898768,0.002440866319422114,0.001985374075062634,0.02269311788445476,0.20804463553684746,0.054903967368038355,0.001915360584571868,0.0026525017392004233,0.0012096895432383997,0.0004422581588258728,5.501478243015663e-05,2.075760992016036e-05,1.6234926399712822e-05,0.26751646522865813,0.0005342654775759027
57,0.022327515901612194,0.0024910857079862513,0.0019861573577689444,0.022445380694641318,0.21168844897533387,0.052594459904342,0.0018960411118687688,0.002464959805410632,0.000901381149410688,0.00031705656331225147,3.802545747704336e-05,1.4849385427824791e-05,1.1199335749136547e-05,0.2686439097969553,0.00038113074196625615
58,0.022156443360932594,0.0025331246515292683,0.001986747308764808,0.022249888308681614,0.21458749477251732,0.050735546499320994,0.00188063133006753,0.002321677179727865,0.0006530296922506785,0.00022254596985785076,2.572938005843034e-05,1.0400699172673136e-05,7.5622168816869496e-06,0.26952534978163367,0.0002662382659706412
59,0.0220269807124228,0.002567587820783294,0.0019871916321811374,0.022097188256722744,0.21686707713753361,0.049261309475749464,0.0018684672403236492,0.0022125478443693987,0.00045562607212698623,0.00015122576359568948,1.6853217783438767e-05,7.052597456752535e-06,4.942775555894941e-06,0.27020940169797614,0.0001800743543917757
60,0.021930286438690914,0.0025949899695785162,0.0019875217511680894,0.021980386095362833,0.21861995594251632,0.048120495742610875,0.0018590836330112867,0.0021306921234157715,0.00030244241052172435,9.814665052517127e-05,1.054332081200112e-05,4.567661215499911e-06,3.085371499470899e-06,0.2707302274415542,0.00011634300405214319
61,0.021860371190388965,0.002615774929060184,0.0019877589947670513,0.021894414491761112,0.21991540373843663,0.04727341433631701,0.0018521396508908543,0.002071330801154762,0.0001883896628989338,5.9944698709613036e-05,6.207360137772888e-06,2.784080136442357e-06,1.8124154685873714e-06,0.27111228852679925,7.074855445241566e-05
62,0.021812493227680536,0.0026305208039199787,0.0019879202778894122,0.021834769581358972,0.22081689999451867,0.04668188625698162,0.0018473132157679811,0.0020305897401818552,0.00010856067143278065,3.3941773672465434e-05,3.3881154241103593e-06,1.5732438654663327e-06,9.869893680810287e-07,0.2713766892074501,3.989012233012315e-05
63,0.02178212119100444,0.0026401112665650323,0.0019880217043539584,0.021796581248064186,0.22139538028075767,0.046301346273831215,0.0018442278146613346,0.0020046966743218794,5.711533152243775e-05,1.7572083233664973e-05,1.6909257438031063e-06,8.128891379977667e-07,4.91437767556682e-07,0.2715456510435721,2.0567335883022528e-05
64,0.021764621906290044,0.0026457303240333676,0.0019880795599796592,0.021774437157054537,0.22173135831260685,0.046079921285292896,0.001842446788028145,0.001989752422166324,2.7145340317185773e-05,8.226253328120044e-06,7.631018966015306e-07,3.7981176797516337e-07,2.2126159157033874e-07,0.2716434788080942,9.590428584267078e-06
65,0.02175559955529397,0.002648659110041209,0.0019881090612727066,0.02176297005176243,0.22190554849337146,0.04596496236356535,0.0018415309572039726,0.00198203512273936,1.1574632073267776e-05,3.457116453149412e-06,3.0914646871791885e-07,1.5931070894531136e-07,8.942529338935702e-08,0.2716940769368802,4.014998924201998e-06
66,0.02175147335086784,0.0026500081513375394,0.001988122396656333,0.021757709165977416,0.22198553059475634,0.04591212069547333,0.001841113919667715,0.0019784997875601884,4.414308319852558e-06,1.2999192943363195e-06,1.1205139436539362e-07,5.978791032525276e-08,3.233565538383527e-08,0.2717172649974575,1.504094254410801e-06
67,0.02174980444998709,0.0026505565368145035,0.001988127726209576,0.021755576123770035,0.22201798047246243,0.04589066319643399,0.0018409461348269328,0.0019770674661667973,1.5058405200889972e-06,4.372732616716563e-07,3.633107473222028e-08,2.0073067588246735e-08,1.0459441906028722e-08,0.2717266572698902,5.04136845898152e-07
68,0.021749206688844922,0.002650753716662915,0.001988129612152716,0.021754810644623698,0.22202963358936958,0.045882951274207884,0.0018408864621762102,0.0019765536991209936,4.604018438217647e-07,1.3184542328123341e-07,1.0558080588541744e-08,6.040675188421836e-09,3.0323526269259492e-09,0.2717300250248747,1.5147653168512294e-07
69,0.021749016372765086,0.0026508166936414323,0.0019881302052729426,0.021754566613130265,0.22203335233991917,0.04588048812501349,0.0018408676854960648,0.001976389997914255,1.265489418783493e-07,3.5740204713786585e-08,2.758292310132504e-09,1.6343004420639293e-09,7.903120853423185e-10,0.27173109814834295,4.092310955132534e-08
70,0.02174896230251986,0.002650834647629491,0.001988130371824625,0.021754497114235365,0.2220344112621894,0.045879786374452385,0.001840862337741703,0.001976343364213219,3.137859530023086e-08,8.740037559697616e-09,6.500227240156908e-10,3.988753155573496e-10,1.8580178566189536e-10,0.27173140333859663,9.974737384932552e-09
71,0.021748948524379624,0.00265083923872901,0.0019881304137828798,0.021754479355116332,0.2220346816773217,0.045879607106261204,0.0018408609642106275,0.001976331441915379,7.04337891745108e-09,1.934872637454411e-09,1.386655987217884e-10,8.812920054987652e-11,3.9541453871536246e-11,0.27173148118970897,2.201208890597612e-09
72,0.02174894535917265,0.0026508402966439614,0.0019881304233092616,0.021754475267525532,0.22203474392583783,0.0458795658171112,0.0018408606488768385,0.001976328697367654,1.4361199465772563e-09,3.8910350637881395e-10,2.6869055112067955e-11,1.7687681257251805e-11,7.64360962729043e-12,0.2717314990891935,4.4130385237542424e-10
73,0.021748944700970985,0.002650840517253416,0.001988130425266893,0.021754474416228547,0.22203475689571864,0.04587955720899,0.0018408605835836282,0.0019763281257747373,2.668715387832185e-10,7.131702147411114e-11,4.7448431297756614e-12,3.2354311932952435e-12,1.3465729573074925e-12,0.27173150281406705,8.064386875448953e-11
74,0.02174894457658278,0.0026508405590523624,0.0019881304256324454,0.021754474255164337,0.2220347593513486,0.045879555578108557,0.0018408605713324806,0.001976328017640153,4.53419918737086e-11,1.1951525176606757e-11,7.660632394352693e-13,5.411162790881761e-13,2.1688742514551248e-13,0.2717315035184298,1.3475592120275714e-11
75,0.02174894455515279,0.002650840566274845,0.0019881304256947024,0.021754474227358437,0.22203475977523557,0.04587955529646267,0.0018408605692170536,0.0019763279989666285,7.065056709132073e-12,1.836907473499273e-12,1.1342612672583212e-13,8.300000435944399e-14,3.2036453852435164e-14,0.2717315036398819,2.0653700584369843e-12
76,0.02174894455177763,0.00265084056741693,0.0019881304257044073,0.021754474222962113,0.22203475984218177,0.04587955525196407,0.0018408605688877804,0.001976327996022489,1.0125669407178483e-12,2.5969467649224786e-13,1.544706408462109e-14,1.17104314023874e-14,4.352500210497449e-15,0.2717315036590561,2.912046721897538e-13
77,0.02174894455127597,0.0026508405675827454,0.0019881304257057964,0.021754474222340246,0.22203475985194715,0.04587955524544853,0.0018408605688402923,0.001976327995592944,1.3385952479139915e-13,3.3866990521611155e-14,1.940393282501897e-15,1.524056584196657e-15,5.454364138353085e-16,0.2717315036618289,3.787687680214502e-14
78,0.021748944551217855,0.0026508405676049173,0.0019881304257059794,0.021754474222245815,0.2220347598531407,0.045879555244694066,0.0018408605688258303,0.0019763279955311553,1.6366904709895385e-14,4.08510957662933e-15,2.2543476569809524e-16,1.834588350048104e-16,6.321742920564636e-17,0.27173150366219173,4.557220606537881e-15
79,0.021748944551206538,0.0026508405676076555,0.0019881304257060002,0.02175447422223994,0.2220347598534202,0.04587955524446362,0.0018408605688357343,0.001976327995531183,1.855673424675776e-15,4.569531588722204e-16,2.4286628584530526e-17,2.047920096944779e-17,6.794302244731025e-18,0.27173150366225074,5.085132906709296e-16
80,0.021748944551216707,0.0026508405676079695,0.0019881304257060024,0.021754474222221157,0.22203475985328316,0.04587955524462401,0.0018408605688123698,0.001976327995509701,1.955841685456314e-16,4.7518333887464563e-17,2.432260021478175e-18,2.125225727249181e-18,6.788119887120199e-19,0.27173150366222926,5.2754631624903944e-17
81,0.021748944551205362,0.002650840567608001,0.001988130425706003,0.02175447422223977,0.2220347598534264,0.045879555244461405,0.001840860568837803,0.0019763279955336424,1.920868549004238e-17,4.604771215617417e-18,2.2697891078291597e-19,2.055184180722457e-19,6.319563997785455e-20,0.2717315036622593,5.1004641844504336e-18
82,0.02174894455120861,0.0026508405676080042,0.001988130425706003,0.021754474222234234,0.2220347598534022,0.04587955524449147,0.0018408605688315025,0.0019763279955271502,1.761915010928744e-18,4.1677806632349295e-19,1.9782759001489133e-20,1.8562772018559695e-20,5.494787037055396e-21,0.2717315036622523,4.606183843805972e-19
83,0.02174894455121432,0.0026508405676080042,0.001988130425706003,0.021754474222227583,0.22203475985339985,0.0458795552444941,0.0018408605688340334,0.001976327995530329,1.512675580057087e-19,3.5310407257462757e-20,1.6138592792906867e-21,1.5693961941140617e-21,4.471903331980226e-22,0.2717315036622583,3.8940853064065526e-20
84,0.02174894455120539,0.0026508405676080042,0.001988130425706003,0.021754474222239358,0.22203475985342122,0.0458795552444679,0.0018408605688360982,0.0019763279955318214,1.2181214210001285e-20,2.8061634320760783e-21,1.2349053237201306e-22,1.2446048304894907e-22,3.413685742990945e-23,0.271731503662257,3.08825130492695e-21
85,0.02174894455120742,0.0026508405676080042,0.001988130425706003,0.0217544742222341,0.22203475985333898,0.045879555244560465,0.0018408605688203794,0.0019763279955167527,9.219164603196964e-22,2.0960836714545752e-22,8.881050729648323e-24,9.277109794001242e-24,2.449163627978997e-24,0.2717315036622366,2.3021569129708608e-22
86,0.02174894455120498,0.0026508405676080042,0.001988130425706003,0.021754474222238734,0.22203475985338603,0.04587955524450703,0.0018408605688292252,0.001976327995525203,6.570288267391426e-23,1.4744364967171018e-23,6.014430763691052e-25,6.511975624910199e-25,1.6546724852822563e-25,0.2717315036622475,1.616247285455937e-23
87,0.021748944551209935,0.0026508405676080042,0.001988130425706003,0.02175447422223131,0.2220347598533536,0.045879555244545234,0.0018408605688233573,0.0019763279955196415,4.417430467799341e-24,9.785129123244316e-25,3.842605749195726e-26,4.312539238243096e-26,1.0546489990912169e-26,0.2717315036622418,1.070610852189732e-24
88,0.021748944551208214,0.0026508405676080042,0.001988130425706003,0.021754474222234185,0.22203475985337473,0.04587955524452109,0.0018408605688270774,0.001976327995523133,2.806819059753817e-25,6.137586404431881e-26,2.320203994317893e-27,2.6992384560375386e-27,6.352921192882138e-28,0.271731503662246,6.703059861396244e-26
89,0.02174894455120728,0.0026508405676080042,0.001988130425706003,0.021754474222236003,0.2220347598534105,0.045879555244482395,0.0018408605688320949,0.001976327995527465,1.688314140317641e-26,3.644639004335541e-27,1.3262677132165048e-28,1.5994576709246131e-28,3.622799500222483e-29,0.27173150366225246,3.9734395377518775e-27
90,0.021748944551213244,0.0026508405676080042,0.001988130425706003,0.021754474222226983,0.2220347598533118,0.045879555244589185,0.0018408605688200385,0.001976327995517669,9.629198931430044e-28,2.0523037404196008e-28,7.188621923097283e-30,8.987358441953407e-30,1.9589583967262043e-30,0.2717315036622387,2.2336531280373697e-28
91,0.021748944551208987,0.0026508405676080042,0.001988130425706003,0.021754474222234352,0.222034759853375,0.045879555244517374,0.0018408605688314868,0.001976327995528496,5.215542876661395e-29,1.0975739260325836e-29,3.7003657996222448e-31,4.79616509093591e-31,1.0059847553323991e-31,0.27173150366225235,1.1925990824914891e-29
92,0.021748944551209255,0.0026508405676080042,0.001988130425706003,0.02175447422223324,0.22203475985338256,0.04587955524451232,0.0018408605688291942,0.0019763279955253184,2.686751502967814e-30,5.583126507795277e-31,1.8116533009081012e-32,2.43447642636971e-32,4.913486236201195e-33,0.2717315036622494,6.0568743428850705e-31
93,0.021748944551207152,0.0026508405676080042,0.001988130425706003,0.02175447422223698,0.22203475985343343,0.045879555244456555,0.001840860568836722,0.0019763279955319624,1.3182362355747901e-31,2.7051549820200804e-32,8.44805453753322e-34,1.1770258108466923e-33,2.2858096126133702e-34,0.2717315036622587,2.9301962046062157e-32
94,0.02174894455121197,0.0026508405676080042,0.001988130425706003,0.021754474222231413,0.22203475985340884,0.04587955524448159,0.0018408605688372784,0.001976327995533853,6.16864907668541e-33,1.2501767065163237e-33,3.7573650977245896e-35,5.427865200991667e-35,1.0142295242175186e-35,0.27173150366226156,1.3521713047456613e-33
95,0.021748944551203995,0.0026508405676080042,0.001988130425706003,0.021754474222240174,0.22203475985340312,0.04587955524448877,0.0018408605688310475,0.0019763279955265765,2.756681344829379e-34,5.518029925130687e-35,1.5959683719027788e-36,2.3905824032008966e-36,4.297812719122608e-37,0.2717315036622495,5.959663129832281e-35
96,0.02174894455120632,0.0026508405676080042,0.001988130425706003,0.02175447422223798,0.22203475985343699,0.04587955524445277,0.001840860568836821,0.001976327995531909,1.1779524183448236e-35,2.3290310202960728e-36,6.482235780505968e-38,1.0068279622777328e-37,1.741483108275084e-38,0.27173150366225846,2.5119510054116567e-36
97,0.021748944551206205,0.0026508405676080042,0.001988130425706003,0.021754474222237242,0.22203475985340962,0.04587955524448327,0.001840860568831563,0.0019763279955268657,4.818768168042929e-37,9.411690484999358e-38,2.5206228866861324e-39,4.0598162922071756e-39,6.755763968237962e-40,0.2717315036622513,1.0137292042571068e-37
98,0.021748944551203183,0.0026508405676080042,0.001988130425706003,0.02175447422224066,0.22203475985338775,0.04587955524450569,0.0018408605688279812,0.0019763279955236058,1.889349391609094e-38,3.6455420126402246e-39,9.394521658205336e-41,1.5691271277278411e-40,2.511969484588013e-41,0.271731503662245,3.9215196368409423e-39
99,0.021748944551206344,0.0026508405676080042,0.001988130425706003,0.021754474222237502,0.22203475985340423,0.045879555244487405,0.0018408605688326881,0.001976327995528508,7.1078250683387925e-40,1.3549991095638722e-40,3.3597410134055724e-42,5.819570600366753e-42,8.962301656424026e-43,0.27173150366225285,1.4557545273580192e-40
100,0.02174894455121517,0.0026508405676080042,0.001988130425706003,0.021754474222225727,0.22203475985335858,0.04587955524453872,0.0018408605688281388,0.001976327995525201,2.568443080297483e-41,4.837922919059457e-42,1.154149638768127e-43,2.0733160777367986e-43,3.0715030366492005e-44,0.27173150366225063,5.191384521076441e-42
101,0.021748944551210677,0.0026508405676080042,0.001988130425706003,0.02175447422223045,0.2220347598533276,0.04587955524457157,0.001840860568821774,0.001976327995519012,8.923878821280461e-43,1.660977204453046e-43,3.812287444209829e-45,7.102703922989446e-45,1.0121632658551264e-45,0.27173150366223997,1.7802487507835899e-43
102,0.021748944551207454,0.0026508405676080042,0.001988130425706003,0.021754474222236145,0.2220347598533851,0.045879555244507146,0.0018408605688314118,0.0019763279955279075,2.984088198052788e-44,5.488794278204179e-45,1.2119936980568416e-46,2.342013452380713e-46,3.210276623206575e-47,0.2717315036622516,5.87629775948e-45
103,0.02174894455120742,0.0026508405676080042,0.001988130425706003,0.02175447422223648,0.22203475985343968,0.0458795552444508,0.0018408605688367459,0.0019763279955316774,9.612813504796458e-46,1.7474524071799005e-46,3.71204381228814e-48,7.439935953628021e-48,9.809196491238746e-49,0.2717315036622589,1.8687814013303008e-46
104,0.021748944551211367,0.0026508405676080042,0.001988130425706003,0.021754474222230355,0.2220347598533672,0.045879555244529205,0.0018408605688276882,0.00197632799552424,2.9857981635965905e-47,5.364620732309962e-48,1.0962616184127294e-49,2.279047514062053e-49,2.890106888618978e-50,0.27173150366224835,5.73105271444363e-48
105,0.021748944551208224,0.0026508405676080042,0.001988130425706003,0.021754474222234036,0.22203475985339013,0.04587955524450576,0.0018408605688280033,0.0019763279955234865,8.949854466981754e-49,1.5894702726169885e-49,3.1244846084153557e-51,6.737774543071177e-51,8.217856901457589e-52,0.2717315036622474,1.6963107210333113e-49
106,0.021748944551206264,0.0026508405676080042,0.001988130425706003,0.021754474222238626,0.22203475985344343,0.04587955524444447,0.0018408605688392825,0.0019763279955345926,2.5910551577455603e-50,4.548885258789483e-51,8.60132433175427e-53,1.92405744691691e-52,2.2569771127746704e-53,0.2717315036622618,4.8498740179264634e-51
107,0.021748944551203235,0.0026508405676080042,0.001988130425706003,0.02175447422224171,0.22203475985341806,0.04587955524447144,0.001840860568834328,0.001976327995529832,7.25083067963345e-52,1.258467173961465e-52,2.2888660644777143e-54,5.31133008910061e-54,5.991906630928197e-55,0.2717315036622536,1.3404610421281765e-52
108,0.021748944551209234,0.0026508405676080042,0.001988130425706003,0.02175447422223449,0.22203475985343507,0.04587955524445509,0.0018408605688377704,0.0019763279955331476,1.9628218847089862e-53,3.3681747233223797e-54,5.892169680478933e-56,1.4184165930672441e-55,1.5388770759790966e-56,0.27173150366226106,3.584326850193684e-54
109,0.02174894455120402,0.0026508405676080042,0.001988130425706003,0.02175447422224153,0.22203475985342505,0.04587955524446202,0.0018408605688379626,0.0019763279955339126,5.14368770184815e-55,8.727333083538653e-56,1.4684140618256383e-57,3.6672291738450744e-57,3.826154222173931e-58,0.27173150366225896,9.279158949327464e-56
110,0.021748944551203676,0.0026508405676080042,0.001988130425706003,0.021754474222240715,0.22203475985338766,0.04587955524450384,0.0018408605688304239,0.0019763279955265895,1.30579483804053e-56,2.190829763837973e-57,3.5452460185739565e-59,9.185695298392928e-59,9.216092178800516e-60,0.2717315036622485,2.3273552691864425e-57
111,0.021748944551203422,0.0026508405676080042,0.001988130425706003,0.021754474222242352,0.22203475985345694,0.04587955524442931,0.0018408605688404842,0.0019763279955353945,3.213483846345574e-58,5.331750896978639e-59,8.297800157178755e-61,2.230590377557907e-60,2.1520440786844045e-61,0.2717315036622622,5.659308377093062e-59
112,0.021748944551210517,0.0026508405676080042,0.001988130425706003,0.02175447422223175,0.22203475985340604,0.04587955524448859,0.0018408605688315924,0.001976327995527061,7.671157361894746e-60,1.2587741113713842e-60,1.884000911884461e-62,5.2546535325905435e-62,4.874817288112939e-63,0.27173150366225324,1.3350354731042474e-60
113,0.0217489445512069,0.0026508405676080042,0.001988130425706003,0.021754474222236607,0.22203475985340826,0.04587955524448429,0.0018408605688321395,0.0019763279955276347,1.7774653962464254e-61,2.8847899108476183e-62,4.1521466902541986e-64,1.201590792470086e-63,1.0718654370846838e-64,0.2717315036622523,3.057189111368016e-62
114,0.021748944551205213,0.0026508405676080042,0.001988130425706003,0.021754474222240736,0.22203475985348278,0.04587955524440167,0.0018408605688451062,0.0019763279955397326,3.999985373885886e-63,6.421408610391103e-64,8.887900675004105e-66,2.668816412840649e-65,2.289066642818883e-66,0.2717315036622693,6.800059924853398e-64
115,0.021748944551200897,0.0026508405676080042,0.001988130425706003,0.021754474222243962,0.22203475985343069,0.04587955524446009,0.001840860568832454,0.0019763279955269247,8.747504763390808e-65,1.3891447039099571e-65,1.8488945791881134e-67,5.760786941127558e-67,4.750774279111447e-68,0.27173150366225013,1.4699922933922251e-65
116,0.021748944551207336,0.0026508405676080042,0.001988130425706003,0.0217544742222368,0.2220347598534106,0.045879555244479606,0.0018408605688352605,0.001976327995531328,1.860032577955861e-66,2.9221840002459135e-67,3.7398446949442583e-69,1.2091712682198187e-68,9.587385125494003e-70,0.27173150366225685,3.0900869591428326e-67
117,0.021748944551208238,0.0026508405676080042,0.001988130425706003,0.02175447422223356,0.22203475985335297,0.045879555244544803,0.0018408605688236433,0.001976327995520028,3.847693289941164e-68,5.980579188002745e-69,7.35963637786116e-71,2.469275252625849e-70,1.882342696528066e-71,0.2717315036622414,6.319926504009222e-69
118,0.02174894455120649,0.0026508405676080042,0.001988130425706003,0.021754474222236243,0.22203475985342241,0.04587955524447241,0.0018408605688302311,0.001976327995524595,7.747260031710284e-70,1.1914575502217074e-70,1.4097585132029871e-72,4.908524386544208e-72,3.5973623059623476e-73,0.27173150366224963,1.2582377415251417e-70
119,0.02174894455120911,0.0026508405676080042,0.001988130425706003,0.02175447422223357,0.22203475985337134,0.0458795552445231,0.0018408605688289708,0.0019763279955256055,1.5190761925405148e-71,2.311688165684922e-72,2.629871671957629e-74,9.502719919993596e-74,6.695338399416596e-75,0.271731503662249,2.4397094200038507e-72
120,0.02174894455120757,0.0026508405676080042,0.001988130425706003,0.021754474222235937,0.22203475985339993,0.04587955524449234,0.0018408605688323494,0.00197632799552831,2.9020354314060964e-73,4.37021717403386e-74,4.780064681904816e-76,1.7925374346268218e-75,1.2141481670051218e-76,0.27173150366225296,4.609413045985641e-74
121,0.02174894455120601,0.0026508405676080042,0.001988130425706003,0.02175447422223696,0.22203475985339388,0.045879555244500776,0.0018408605688284621,0.001976327995523873,5.404032768068184e-75,8.053784672702894e-76,8.469205679568569e-78,3.2961885956873884e-77,2.1462582055501498e-78,0.271731503662247,8.48955817112282e-76
122,0.0217489445512061,0.0026508405676080042,0.001988130425706003,0.021754474222237936,0.2220347598534271,0.04587955524446385,0.0018408605688347006,0.0019763279955298204,9.813376158766363e-77,1.4474816886930343e-77,1.4633704928313402e-79,5.911154094467262e-79,3.699954667783401e-80,0.27173150366225546,1.5249268892338036e-77
123,0.02174894455120522,0.0026508405676080042,0.001988130425706003,0.02175447422223935,0.22203475985345902,0.04587955524443019,0.0018408605688381675,0.001976327995532455,1.7385622962431954e-78,2.5382131126608904e-79,2.466917665689625e-81,1.0342721734525614e-80,6.223017848901502e-82,0.2717315036622598,2.6725325245119442e-79
124,0.02174894455120486,0.0026508405676080042,0.001988130425706003,0.021754474222240538,0.22203475985348034,0.04587955524440609,0.001840860568842459,0.0019763279955366244,3.006165338368034e-80,4.344344176263972e-81,4.059038092579183e-83,1.7663589976937206e-82,1.0215868073733155e-83,0.2717315036622655,4.571786325032869e-81
125,0.02174894455121495,0.0026508405676080042,0.001988130425706003,0.02175447422222399,0.22203475985328688,0.0458795552446177,0.0018408605688153513,0.001976327995513192,5.0752721241004563e-82,7.260630004695451e-83,6.521277482423463e-85,2.945625533353246e-84,1.6375405909216277e-85,0.27173150366223314,7.636780738764227e-83
126,0.021748944551206368,0.0026508405676080042,0.001988130425706003,0.021754474222235056,0.22203475985334303,0.045879555244557106,0.0018408605688192976,0.001976327995515234,8.36944419976052e-84,1.1853456557779232e-84,1.023411191552262e-86,4.798408882180664e-86,2.5640016582280664e-87,0.27173150366223464,1.2461278581734805e-84
127,0.021748944551206146,0.0026508405676080042,0.001988130425706003,0.02175447422223734,0.22203475985342624,0.04587955524446635,0.001840860568832815,0.00197632799552756,1.3486082433137492e-85,1.8910245455604193e-86,1.5694105126997602e-88,7.638340089495502e-88,3.9229697201726034e-89,0.27173150366225296,1.9870250213025442e-86
128,0.021748944551210427,0.0026508405676080042,0.001988130425706003,0.021754474222231153,0.22203475985336196,0.04587955524453545,0.0018408605688256974,0.0019763279955220757,2.1241363263657692e-87,2.949076064601274e-88,2.35259534787548e-90,1.1886062272423524e-89,5.86728813247224e-91,0.2717315036622452,3.097329928936736e-88
129,0.02174894455121371,0.0026508405676080042,0.001988130425706003,0.021754474222227243,0.22203475985332016,0.04587955524457817,0.0018408605688238443,0.001976327995521895,3.271421064477761e-89,4.497397396112914e-90,3.448515454533089e-92,1.808690055236277e-91,8.58095608153665e-93,0.2717315036622441,4.72133251226341e-90
130,0.02174894455120384,0.0026508405676080042,0.001988130425706003,0.02175447422224056,0.22203475985342203,0.045879555244468836,0.0018408605688333573,0.001976327995528442,4.928252288147151e-91,6.709153154610055e-92,4.944657475999445e-94,2.6922919284941903e-93,1.2275935090949843e-94,0.2717315036622527,7.040104857310419e-92
131,0.021748944551204765,0.0026508405676080042,0.001988130425706003,0.0217544742222379,0.222034759853381,0.04587955524451554,0.0018408605688248194,0.0019763279955200804,7.26426781587592e-93,9.793660107142324e-94,6.937439757886554e-96,3.921495873846232e-95,1.7184386125602432e-96,0.27173150366224147,1.0272368478231416e-93
132,0.02174894455120013,0.0026508405676080042,0.001988130425706003,0.02175447422224616,0.22203475985343987,0.045879555244446556,0.0018408605688375165,0.0019763279955326445,1.048017304884416e-94,1.3993560116924838e-95,9.5270041668687e-98,5.59098099097737e-97,2.35455667870356e-98,0.2717315036622566,1.4671473824478296e-95
133,0.021748944551207062,0.0026508405676080042,0.001988130425706003,0.021754474222236152,0.22203475985340843,0.045879555244484865,0.0018408605688314255,0.001976327995526756,1.4803127195123362e-96,1.9577071235066956e-97,1.2809677599320596e-99,7.804792989504297e-99,3.158715922332925e-100,0.27173150366225146,2.051723446923392e-97
134,0.021748944551208217,0.0026508405676080042,0.001988130425706003,0.021754474222234612,0.22203475985339413,0.04587955524450003,0.0018408605688301442,0.001976327995525902,2.0477326640169656e-98,2.6824375648696905e-99,1.6868287420578862e-101,1.0670825058270326e-100,4.150157022855147e-102,0.2717315036622502,2.8101642598958274e-99
135,0.021748944551205872,0.0026508405676080042,0.001988130425706003,0.021754474222237044,0.22203475985337973,0.045879555244515424,0.0018408605688269596,0.0019763279955227493,2.7749169665720057e-100,3.6007736720105686e-101,2.1760896609922484e-103,1.4292881252183187e-102,5.341867205082282e-104,0.27173150366224486,3.7708052483474056e-101
136,0.02174894455120653,0.0026508405676080042,0.001988130425706003,0.02175447422223724,0.2220347598534125,0.04587955524447899,0.0018408605688335139,0.0019763279955291005,3.6846974814068415e-102,4.736572804493403e-103,2.7508924728561745e-105,1.8760511113370062e-104,6.73774067736629e-106,0.27173150366225407,4.958424581033032e-103
137,0.02174894455121215,0.0026508405676080042,0.001988130425706003,0.02175447422222907,0.22203475985335738,0.04587955524454035,0.001840860568825946,0.0019763279955226005,4.795601684170909e-104,6.107294146531898e-105,3.408597044337898e-107,2.413719001836527e-106,8.329948819020742e-108,0.2717315036622463,6.391081965977951e-105
138,0.021748944551203016,0.0026508405676080042,0.001988130425706003,0.021754474222241884,0.22203475985342705,0.04587955524446269,0.0018408605688344758,0.0019763279955295645,6.119055656059255e-106,7.720759500391786e-107,4.1408873141439396e-109,3.044782558287195e-108,1.0096891804765061e-109,0.2717315036622538,8.07674352116671e-107
139,0.021748944551199467,0.0026508405676080042,0.001988130425706003,0.021754474222246963,0.22203475985347634,0.04587955524440962,0.001840860568839915,0.0019763279955337483,7.656544205530751e-108,9.572041336719316e-109,4.933257577521351e-111,3.7666928057702396e-110,1.2002102688565866e-111,0.27173150366225957,1.001004529576012e-108
