,Rs,Rj,Ra,Sj,Sa,Sb,Sga,Sgb,Cj,Ca,Cb,Cga,Cgb,Clupeid adult,Cod adult
0,0.16209808028418804,0.0034693927757462432,0.0027496482155854435,0.030052150598054828,0.17404213367509025,0.05388936460032,0.0021068561386042802,0.005512632020069636,0.0019918074407450554,0.0029693313776885505,0.0015042983178584159,7.648625476327483e-05,0.00024436273586452755,0.23555098643408415,0.0047944786861747685
1,0.201651978545392,0.003309825908142564,0.0027024101855328553,0.023865069151201002,0.1351259582942625,0.04706666261095706,0.0018110485614886978,0.00538525052473255,0.0030274973257669634,0.004649923832294292,0.0022990853431957303,0.00010672777027636825,0.0003435415964973254,0.1893889199914408,0.007399278542263716
2,0.1663399653872027,0.003209704482106738,0.002697271628882871,0.02894511863203762,0.16244562398337242,0.05825163902932963,0.002237348633185397,0.006336856881870708,0.003919857904346954,0.005883608914102902,0.0027810908777217316,0.00015126764629365538,0.00045221205304834215,0.22927146852775812,0.009268179491166631
3,0.13598028827734565,0.003202465966245366,0.0027062566959996036,0.03338347510142368,0.18963644767497645,0.0656163256692275,0.0025355595311484067,0.006838033165437775,0.004043823349459806,0.006004915167358925,0.0027432687608253915,0.00015956048579775448,0.0004577962828692183,0.2646263660407901,0.009365540696851289
4,0.11705847653345318,0.0032712094074553695,0.0027362445746864352,0.035819804348859396,0.2083040577888781,0.0693481212581696,0.0027366919184935016,0.007001799027408358,0.003737603667656446,0.005378069347350322,0.0023331526512376747,0.00015934978397481956,0.0004303292188999185,0.28739066999294954,0.008300901001462734
5,0.113942338328217,0.003277860048829486,0.0027382322054885495,0.036314953052572395,0.2109759150318857,0.07016945689434848,0.0027470279441850712,0.00698205428672496,0.00369221159516618,0.005341538417521678,0.0022341653446356744,0.00015887510482410255,0.0004108849986747088,0.2908744541571442,0.008145463865656163
6,0.12128011316562873,0.0032051759978795,0.00272230064762477,0.035549529468131384,0.20182443761173968,0.06974644104573313,0.00268260347217585,0.007201391986946054,0.004150652742942395,0.0060914957850396675,0.002476299500730178,0.00017159530269442462,0.0004403263268944121,0.2814548741165947,0.009179716915358682
7,0.1398235813657871,0.0031630775288746336,0.002702146133956883,0.03294182621478829,0.18341699559631613,0.06634328384952361,0.002515097154800844,0.007050943379380566,0.004313156713627388,0.006502714025213336,0.002565942532573135,0.00017461910141818487,0.0004299455188466784,0.25932631998002115,0.009673221178051337
8,0.1696069071560826,0.0031652563691587725,0.0027010367977891377,0.029170156619272344,0.15365910765756186,0.060633888219114446,0.0022370615606489017,0.0069862973272057805,0.0042844351309525505,0.006497897891477653,0.002475130573414759,0.00017285936668176712,0.00041008498308569777,0.223516354764531,0.009555972814659879
9,0.17329980195298839,0.003241236468672808,0.002707216632755039,0.02885933921047447,0.15322402424164572,0.057417497437390295,0.0020979001418914693,0.006845072862201022,0.0036139876599463315,0.0055500663667338605,0.0020553203995915693,0.0001386510507510997,0.0003241931685970099,0.21958449468312846,0.008068230985673538
10,0.12454521953949334,0.0033582019191171863,0.002748389462258403,0.035533686227209156,0.20132088455459718,0.06688048477542612,0.0025897391494171876,0.006729924499986589,0.002881309943278787,0.004348643710484927,0.0015266694545324905,0.00012445183947744647,0.00026855013051359586,0.2775210329794271,0.006268315135008459
11,0.1557021058521397,0.0031286580493624775,0.0027026162586239614,0.03096935282124126,0.1648392018478996,0.0649040059731058,0.0024083844169812286,0.007357570361486483,0.004580435692138338,0.006954318765272602,0.002371948286621817,0.0001874062519099542,0.0003960556680524977,0.2395091625994731,0.00990972897185687
12,0.1551574271419136,0.003289100081555783,0.002718667689118236,0.03170124239575408,0.17183472060997412,0.06025631389381306,0.0022662640564341434,0.006497933258249636,0.0030980041605776177,0.004933774998688803,0.0016433715405403434,0.00011933314950325879,0.00024721241921110004,0.24085523181847096,0.006943692107943506
13,0.1593112353682885,0.003109122856842582,0.002704200729862422,0.03084934582699091,0.15731524456013224,0.06635854692000058,0.0024322573838145367,0.008014864903378037,0.004734265278518349,0.007189187348663422,0.002277506280733879,0.00019510193664783908,0.0003815822096392217,0.23412091376732533,0.01004337777568436
14,0.12843368031123983,0.0031518037670076725,0.0027292359959906324,0.035943179562748104,0.1832518321670533,0.07425854233733556,0.0026697074871523192,0.00864306851698174,0.004653516398370842,0.006847194359548798,0.0020711246999012734,0.0002027366390867045,0.00037780452296370644,0.2688231505085229,0.009498860221500482
15,0.15150477020866152,0.003142734743525255,0.0027106860896244276,0.032585362455482804,0.1655856986830648,0.06675115506848545,0.0023843172154472056,0.0078015699586924505,0.004362565560424794,0.006649648997348514,0.0019657527126388558,0.00017537867005181407,0.00032205596175600493,0.2425227409256899,0.009112836341795187
16,0.1492740602491766,0.0030853343385913163,0.0027081688515230057,0.03340148167945024,0.16210636410956716,0.07021526606436829,0.002469742653855212,0.008626218680495791,0.004912827722915553,0.007434704930724935,0.002099861814702286,0.0002026013456904655,0.00035412837148377944,0.24341759150828643,0.010091296462601467
17,0.14601403793662676,0.0030495252655890715,0.0027079999478673415,0.03378368192728283,0.1628336487935338,0.07233550535211525,0.0025634842505202295,0.008980905665834541,0.005216677002150889,0.007859113072210358,0.002121864234851071,0.00021743453852213551,0.00036345967145293465,0.24671354406200377,0.0105618715170365
18,0.14796673411953248,0.002971739948543871,0.0027026391603144915,0.033740479913512846,0.15640092096925326,0.07464788625989499,0.0025617728725880946,0.009707584195632831,0.005904789753862547,0.008717138935565772,0.0022485371923775194,0.00024518035579606195,0.0003937220921914774,0.24331816429736916,0.01160457857593083
19,0.1577177287647185,0.003013522301525325,0.002706658916757898,0.03223501023742188,0.14942204875272347,0.07107527182433356,0.002496077766927359,0.009280207176323036,0.005418372919348565,0.00815933450860889,0.002012877468752156,0.00022340056913806977,0.00034722193078779936,0.2322736055203074,0.010742834477286916
20,0.13540106741307634,0.0029741967596379534,0.002711080915169037,0.03559846159283457,0.16714948957020762,0.07792888133575612,0.0027314013148072823,0.009694645840421038,0.005818358084478316,0.008633057238037848,0.0020054634740871093,0.00024571093492905437,0.0003618429585349893,0.25750441806119206,0.011246074605589
21,0.16624093449728142,0.002889966731129192,0.0026910276305357676,0.0313514113738758,0.1377066058701886,0.07118622454641767,0.0024112768336756263,0.00966369442433914,0.0061356881541547266,0.009163321432549552,0.0020122422066678586,0.0002403938792075546,0.0003495472529341932,0.22096780167462104,0.011765504771359157
22,0.13253129636600913,0.002847794282235781,0.0027069481512889616,0.03665463770244131,0.15854980025032586,0.08500432211818226,0.0028773884619207406,0.01139540138644156,0.0070560165669410575,0.010229293484265866,0.002139680524315339,0.00030365187507053627,0.0004031566357563914,0.25782691221687043,0.013075782519408132
23,0.1267625260850067,0.0028977274370707994,0.0027147902857813425,0.03784174125431692,0.1671125002475001,0.08374354170849985,0.002844013416631178,0.010761221762680092,0.006506986179866782,0.009387331225020073,0.0018553407561716867,0.0002771255488507644,0.00034973693657876323,0.2644612771353112,0.011869534466621288
24,0.13403351352892084,0.0028850287096580103,0.0027166644669929054,0.036650251819513,0.15954820302361594,0.08242064585089072,0.0028122110774985794,0.011105396685587203,0.006543761754624964,0.009278321810142291,0.0017327558082856549,0.00027495893180815365,0.00032775254720670026,0.25588645663759246,0.011613789097442798
25,0.13220949083553749,0.002848269419119186,0.0027170938802222266,0.037204786867331856,0.15769298705323853,0.08490302723942376,0.002861743027206881,0.011579311030015617,0.006886509718568577,0.009623820899796161,0.0017078483564821703,0.0002898421395080454,0.0003258634296594764,0.25703706834988477,0.011947374825445854
26,0.12298511209450744,0.0027688024875941433,0.0027141453346437028,0.03875801894365596,0.1600662635716825,0.09070833830384542,0.0029920029063361547,0.0124361655744107,0.00778883503795574,0.010729875578448652,0.0018276064838431566,0.0003321776289618432,0.00035340180110365134,0.26620277035627476,0.013243061492357305
27,0.14488342733508847,0.002626690988200002,0.0026968865241966196,0.03537903290351985,0.13743241508965587,0.08755380773794304,0.002806359564603169,0.013031571495754629,0.0087613502719024,0.011765236810790091,0.001913693698910231,0.0003546501684923199,0.00036505555342179004,0.2408241538879567,0.014398636231614432
28,0.15388893238702367,0.0026613747914293845,0.0027032709307994937,0.034503363906059036,0.1310439361568986,0.08358695395552435,0.0026495461316642815,0.012807139461476732,0.008250052228260776,0.01072555787411171,0.0016260536115186024,0.000319217209853374,0.0003077532538595,0.23008757570556398,0.012978581949343185
29,0.1278671758097132,0.002638293171691202,0.0027105578273850513,0.038598667449784914,0.14660815136212793,0.094830337254348,0.0029948321030059777,0.014077791397783609,0.009014349344261409,0.011677465177772494,0.0017175934936643647,0.0003674761766423988,0.00033367817783915395,0.2585111121172656,0.014096213025918413
30,0.1496793051057075,0.0025990679669355594,0.002706245952794649,0.035313684527997324,0.12977741718666164,0.08761215148825274,0.002739020711097889,0.0137226324013907,0.008922950191915593,0.011122356179752628,0.0015274483938788818,0.0003389478555157531,0.0002917316790648748,0.23385122178740295,0.01328048410821214
31,0.1436819825848552,0.0025392184473054373,0.0027044509461021707,0.035947303344713626,0.13198490358732498,0.09145780513751912,0.0028617185236697045,0.014247084778459169,0.009633783606897955,0.01197048568410356,0.001586533312608823,0.00037159631552615005,0.00030553787667508196,0.24055151202697297,0.014234153188913615
32,0.13454219990263802,0.002565319249644051,0.002713643939282775,0.037746291061261456,0.13622087948350847,0.09562277189317298,0.002980642084984713,0.014991588316284925,0.009642542313624809,0.011683445878313398,0.0014669787135391053,0.00037007822835436567,0.00028472691533543257,0.24981588177795103,0.013805229735542301
33,0.14123070170356283,0.0025367254501590815,0.0027121122220620623,0.036865279450825336,0.1304084597434583,0.09380658317244656,0.0028950394828226892,0.0148687387934463,0.009701899093275634,0.011469660726926722,0.0013563825245500505,0.0003586090649198012,0.00026114235985580863,0.24197882119217387,0.013445794676252383
34,0.1420351604489521,0.0024982195758615736,0.0027116663255552466,0.036824745303957344,0.12738932720097876,0.0949683380398826,0.0028935447076529988,0.015374501835561084,0.010123574624612884,0.0116801515021406,0.0013155670302485189,0.00036664700349612977,0.0002533532641765297,0.24062571178407546,0.013615718800061778
35,0.1411198049267054,0.0024707617652914215,0.0027121521333550343,0.037058545784532174,0.12566279415565015,0.09671478174709125,0.0029165727304597535,0.01588746368868872,0.010468136175637178,0.011856951179163407,0.0012712367432356096,0.00037397688545024626,0.0002449899398380391,0.2411816123218898,0.013747154747687302
36,0.14108048064899048,0.0024417949033577534,0.0027122505162844386,0.03712211672026319,0.1236412388416292,0.09794723431387632,0.0029307131270651017,0.0163543715763243,0.010811706517758791,0.012001060391356087,0.001224009211292377,0.0003795925241594819,0.00023583579303985259,0.24087355785889486,0.013840497919847799
37,0.14336924378664792,0.0024196848920638764,0.002712519439941221,0.03688259956329417,0.12032054179143656,0.09816811673251703,0.002899032351904559,0.016591849743977594,0.010992069865706024,0.011931890557196501,0.00115112797099229,0.00037637234666024937,0.0002211455090740956,0.23797954061983573,0.013680536383923135
38,0.14069937646477518,0.0024176552516100326,0.0027160108726790922,0.037371868981953105,0.12039546789929487,0.1000657013282851,0.002965844950899464,0.017188670253900296,0.011134643962068655,0.011801141120334044,0.001077857919100867,0.00037428309150160745,0.0002072665771151258,0.2406156844323797,0.013460548708051646
39,0.13603514830469893,0.0023959266816239765,0.002715674754751308,0.038059113104056776,0.122413161446683,0.10276346550056689,0.0030255090016849165,0.017514916690929992,0.011494809219303249,0.012157221474981677,0.0010612620454763702,0.00038770005159758617,0.00020431714723008262,0.24571705263986476,0.013810500719285716
40,0.14364903643106192,0.002344725952836731,0.0027127266281459497,0.03697815474903401,0.11481701670604999,0.10131974260620502,0.0029180249308809474,0.017860978793869785,0.011907822603606986,0.012191113385597462,0.0010079323855172026,0.00038575857305297637,0.0001930283698435489,0.2369157630370058,0.013777832714011189
41,0.1345301239437034,0.002379506011534578,0.0027191234723406153,0.03876658215650174,0.12051086501886243,0.10447857742280743,0.003026546311006617,0.018143868361971526,0.011798938416160474,0.011879178397036404,0.0009200977922111611,0.0003784565111353039,0.00017636663359010295,0.24615985711464797,0.01335409933397297
42,0.140951187124416,0.0023082952413121848,0.002714058056294591,0.03747969824850725,0.11299523198917963,0.1045915299420086,0.0029687388713418423,0.018861607250293195,0.012495174078657112,0.012386650963179006,0.000924394899058812,0.00039381674204716456,0.00017691687051987176,0.23941710805282326,0.013881779474804855
43,0.13186063194865313,0.0023483948848079155,0.0027203364139230693,0.039145451105787626,0.11996189450237978,0.10705782318162532,0.003089169439766449,0.018833665099823586,0.012271415548522069,0.011992958218053136,0.0008346239564656393,0.0003829419111285425,0.00015965179983471668,0.24894255222359518,0.013370175885482033
44,0.14648904579048105,0.0022886383246829957,0.002717754579510562,0.03676219069919853,0.10764981945863732,0.1033423528285734,0.0029050112979818856,0.019065868612755776,0.012579645777366538,0.011756381148218828,0.0007744402475867845,0.00037094894238395946,0.00014723876163530664,0.23296305219794844,0.013049009099824876
45,0.13616218965493124,0.0022719832140694653,0.002717075357940554,0.038355627107657664,0.11180042730501559,0.10912281982534616,0.003052912621235684,0.020121683613827875,0.013169143729320302,0.012465462253684056,0.0007932968880048983,0.00039774472055772715,0.00015142273928993194,0.2440978433654253,0.013807926601536614
46,0.12953705659583703,0.0022969222749940274,0.002721228362904762,0.03957982699173794,0.11679571871946355,0.11102096591546566,0.003133952375331314,0.020058055844900943,0.013052114217303566,0.012202108337730874,0.0007259941595217121,0.0003900602009299879,0.00013835916864876215,0.2510086928551614,0.013456521866831335
47,0.13216935245552,0.002291582186722947,0.0027237748898240976,0.0392751251012484,0.1138136281971205,0.11058877687630043,0.0031091321669757823,0.02035478926964422,0.013074061287376346,0.011764343041914439,0.0006528800150075075,0.0003744112514464118,0.00012393137174137177,0.2478663265100409,0.01291556568010973
48,0.13489063045972818,0.002275760829522298,0.0027247657816139724,0.038923673387335864,0.11071559120698973,0.11026860750034338,0.003072968109896517,0.020607185241107683,0.013219524396509905,0.011553300854453462,0.0006029875477395782,0.00036638159917087035,0.00011409724480492179,0.24466435205833734,0.012636767246168832
49,0.13446799556702563,0.0022630523858424194,0.002725344126187095,0.039001246496233245,0.10984222703343348,0.11118956039364299,0.003081638195959428,0.020936254630004113,0.013414033947455068,0.01152797490016795,0.0005688895478461242,0.0003652366452528564,0.00010743703104505134,0.24504968025304003,0.012569538124311982
50,0.13140764855245912,0.0022530751951189867,0.0027255587770218474,0.03945769623207657,0.11062360453131077,0.11326329089297557,0.0031275845901335025,0.02138024225322531,0.013658875864929271,0.0116703192823318,0.0005480377979980755,0.0003702731519224341,0.00010342401409058707,0.24839472226764517,0.012692054246342897
51,0.12869569184607166,0.0022333423818771464,0.002724442021488083,0.039852055009769606,0.11084247094544601,0.11544609305492454,0.0031616834782671626,0.021888388915331534,0.014028814290088244,0.011973250091281482,0.0005385778151182239,0.0003804104851990651,0.00010158628665680262,0.25133863639396925,0.012993824678255574
52,0.1334262692492428,0.0021958368077569356,0.002722631630148706,0.03896213031828139,0.10662272271927756,0.11467008267974774,0.0030891951748022134,0.02209286935148101,0.014366932154341726,0.012034126378042072,0.0005159820353275923,0.00038094692407298773,9.708788961102897e-05,0.2464748699253085,0.013028143227053682
53,0.1404165516709615,0.00218056728775617,0.00272456869571295,0.03791182765587942,0.10104058304029012,0.11249670959054692,0.0029982460699203694,0.022250698822151013,0.014364489029265891,0.011475035422442168,0.0004584905228941519,0.0003604341472701853,8.585272300174086e-05,0.23878623752290842,0.012379812815608246
54,0.1342858811047094,0.0022055929316293645,0.0027281189274924755,0.03909335018988966,0.10500953580128344,0.11453097455227318,0.0030835270365151737,0.022372718314505786,0.014261014226028568,0.01124152536862911,0.00041819990227849276,0.00035320209015454783,7.81073481295594e-05,0.24499675570457763,0.012091034709191708
55,0.12869775290685234,0.002188123341339376,0.0027263957260387373,0.039862502165120245,0.10715674340724189,0.1179768293090123,0.003156093156627797,0.022984107235482682,0.014702308167328782,0.011746754118584881,0.00042295414531037784,0.00037060301146818345,7.907573534131407e-05,0.25127377310836463,0.012619387010704758
56,0.1375783958680126,0.002163058363630613,0.002727422823888042,0.03840280638292398,0.10062427244709429,0.11509649773454314,0.0030345197627435166,0.02304724301659722,0.014748177946137654,0.01123442331220247,0.0003779165992746711,0.0003515061028723725,7.032675035394263e-05,0.24180253296097814,0.012034172764703458
57,0.12893219050269666,0.0021848684596057874,0.002729720887278922,0.03990104877138806,0.10591013808200049,0.11847963240011726,0.0031565586335950795,0.023340130420231444,0.014777770326256635,0.011295174802117317,0.000358627468000328,0.0003545617279347532,6.668188455472071e-05,0.2508864595359443,0.012075045882607117
58,0.1343323860221719,0.0021498419285772754,0.002728446732483153,0.03888257134313846,0.10148464097078891,0.11734438750612405,0.003073206336418017,0.023517230709837345,0.01506308300480769,0.011252989734732025,0.00034016805026810095,0.0003517669634541444,6.310386519852968e-05,0.24541946552316837,0.012008028613652801
59,0.1287982122113103,0.002169364022972367,0.0027312139109624866,0.03992605868822004,0.10468593386544538,0.11944980851120997,0.0031536620160313275,0.02376692662390728,0.015022260079359622,0.011091007865786479,0.00031353332713293755,0.0003466638513031759,5.801673688744785e-05,0.2510563310165939,0.011809221781110041
60,0.13329774850819276,0.002140183024497796,0.002730513937203222,0.039075251169379634,0.10089995403851922,0.11857469224681369,0.0030840655931340666,0.02396848007729288,0.01526559931319616,0.01100523546220713,0.00029540696951849474,0.00034263037655354547,5.453580796370663e-05,0.2465271919557598,0.011697808616242878
61,0.12722809074439237,0.002151820704790961,0.0027320512292268837,0.040138788505140466,0.10422891286751483,0.12118310055921752,0.003168491146110553,0.02429701583507708,0.01534806747481944,0.011032464120104462,0.00027958856641466137,0.00034382295298077825,5.152830685899528e-05,0.25287752040792,0.011707403946358897
62,0.131384019452145,0.0021381266306492327,0.002733114791518665,0.0394845780862431,0.10108979043463799,0.11986427082272945,0.0031060787512741943,0.024358367533311307,0.015397786633376195,0.010694851978533593,0.0002530646510201372,0.00033139693297520406,4.645342120690071e-05,0.2484185075419529,0.011325766983735835
63,0.12891424531131598,0.0021288484754777848,0.0027329065146336003,0.039811555377171556,0.10207411368488208,0.12143850094090161,0.0031342269865418143,0.024603023645669617,0.015620971485213284,0.01083599718164748,0.00024492947919657946,0.00033599426619587166,4.492603177186488e-05,0.25124986525799514,0.011461846958811795
64,0.12703573087083683,0.0021333322504932667,0.002734599734729414,0.04016176201003466,0.10280125158566675,0.12239226840998306,0.003162879123508783,0.024834724242512252,0.0156490746788086,0.010666038654133734,0.0002261436581425456,0.00033009081166100745,4.136644211659709e-05,0.2531911233616709,0.011263639566053885
65,0.12886945176508974,0.0021242915156405827,0.002735524720912781,0.039873598052724446,0.10121547357562052,0.12196305467613784,0.0031328103761454674,0.02493293255132591,0.015717536984221687,0.010447781974857477,0.00020761577996433476,0.0003220608676738775,3.785355630397585e-05,0.25124427117922976,0.011015312178799665
66,0.12879097198599376,0.002114121204931017,0.0027358577101038195,0.039827658658000996,0.10070366789142232,0.12252318949247454,0.003130000091156651,0.025138791632172464,0.015870846803886104,0.010406071270566841,0.0001959156607105293,0.00032026796143544504,3.565594093245883e-05,0.251495649107226,0.010957910833645274
67,0.1271386063219429,0.0021113529883242466,0.0027365530106812142,0.040097675233015495,0.1012983143319284,0.12351356456183603,0.0031493868015631406,0.02533070826375705,0.015981737621376724,0.010364729296991032,0.000184366891141507,0.0003185739201396777,3.348251279146403e-05,0.2532919739590846,0.01090115262106368
68,0.12624044753098643,0.002109711571267534,0.0027375322196628326,0.04025029832831071,0.10147465451956722,0.1241389311143643,0.0031603243076662336,0.025499311097380836,0.016050281101767597,0.01025238206517205,0.00017173311229234185,0.00031447474024388417,3.111055980052542e-05,0.2542732210389786,0.010769700477508802
69,0.1259746695835349,0.0021066582147144363,0.0027384240382430543,0.04029370745411284,0.10132687447352466,0.1244852540797719,0.003161534974404839,0.02562060297527153,0.01611190087372919,0.010128611921120079,0.00015977788121646774,0.00030995501044700816,2.8872568850403503e-05,0.2545942665029729,0.010627217381633958
70,0.12561568218113703,0.0021030590128642084,0.0027391610281423074,0.04034328907828481,0.10125201564994257,0.12488665672517488,0.003163358633696895,0.025736897116114325,0.0161823818910521,0.010029872922710717,0.00014930222742917754,0.00030628134818379125,2.6917650810232728e-05,0.25503892812492873,0.010512374149133918
71,0.1248315401744676,0.002100747955691846,0.002739838741323268,0.0404580455088057,0.10150257045103579,0.12543487305266446,0.0031712130118272354,0.025841932500861794,0.01624837834271753,0.009956270427450653,0.0001401813962063981,0.0003035009621111907,2.5221752839768557e-05,0.2559505890163893,0.01042517453860801
72,0.12370790814141315,0.0021001735371519634,0.0027405196339184575,0.0406297085193225,0.10204708579172675,0.1260683823601961,0.0031840643106738255,0.025924941988335098,0.016300347239440564,0.00989463397546606,0.00013197350339836316,0.0003011615144161983,2.3700301950309998e-05,0.2572244744509318,0.01035146929523093
73,0.12253620913838133,0.002100272157766912,0.002741210859257564,0.040810741398033104,0.10266134131427505,0.12669398982779484,0.0031977149063690115,0.02599433779494931,0.01634367115574778,0.00983240781808101,0.00012426486637385928,0.0002988113649879851,2.2274409686721577e-05,0.2585473838433882,0.010277758459129578
74,0.12141541475507274,0.0021003864000469254,0.0027418957422733667,0.040983399993842755,0.1032543347710172,0.12729270820674246,0.0032106622811564336,0.026058287960455395,0.016384636319096386,0.009768363666799805,0.00011696406811095919,0.00029639772575996764,2.092637589587002e-05,0.2598159932193715,0.0102026518365666
75,0.12032383437627611,0.002100504992612533,0.0027425710705074194,0.041151097495345235,0.1038359070928477,0.12787573451050346,0.003223207266514075,0.02611867603044913,0.016424318002410117,0.009703839030875213,0.00011007026265546129,0.00029396649320428606,1.9655769237307066e-05,0.26105352490031436,0.010127531555972267
76,0.11925388547780376,0.002100659990776862,0.0027432383263421515,0.041315248627214446,0.10441107330369698,0.12844546195096726,0.0032354673694703026,0.02617562599140516,0.016462560942864548,0.009638932057465025,0.00010356259988727247,0.00029152189703732494,1.845848941747334e-05,0.2622676286155397,0.010052475043807097
77,0.11820521418619295,0.002100853476700539,0.002743897771005193,0.041475946133060874,0.1049799658122493,0.12900197196325291,0.003247449105060681,0.02622919946332927,0.01649935049238276,0.009573657499219105,9.742045512087016e-05,0.00028906486194965825,1.7330506722062854e-05,0.26345858634389213,0.009977473323011696
78,0.11717749714325228,0.0021010839695298437,0.002744549335477091,0.041633245239155355,0.1055426167196171,0.1295454712113406,0.0032591567997729038,0.026279482231614273,0.016534719204430934,0.009508078100414617,9.162512445554752e-05,0.00028659787609346934,1.6268164036446845e-05,0.26462672696234485,0.00990256926500008
79,0.1161703275561219,0.0021013501490863367,0.0027451929552282494,0.04178721368943403,0.10609911357929694,0.13007620231578396,0.0032705959186338364,0.02632656067407162,0.016568700577377832,0.0094422577014659,8.615876261465399e-05,0.00028412344407230785,1.52679766836303e-05,0.26577247248778635,0.00982780788483649
80,0.11518328262406552,0.002101650824629317,0.002745828584478875,0.04193792201040887,0.10664955763361317,0.13059441292022414,0.0032817721680485643,0.026370520153771296,0.01660132710933034,0.009376256553058659,8.100427405906208e-05,0.0002816439273740508,1.432661168132062e-05,0.2668962628756572,0.009753231366173091
81,0.1142159275268621,0.002101984898096572,0.0027464561930828236,0.042085442699953166,0.1071940603889006,0.13110035503187345,0.003292691428276718,0.02641144518309407,0.016632630659482447,0.009310131604777245,7.614529953076168e-05,0.0002791615541554716,1.3440884757758324e-05,0.26799855203214484,0.009678879343221236
82,0.11326781867153939,0.002102351348324923,0.002747075764822756,0.04222984964959888,0.10773274150551966,0.13159428385666166,0.003303359703239265,0.02644941931901769,0.016662642530847087,0.009243936623995933,7.156619887955021e-05,0.0002766784236869597,1.260775666136838e-05,0.2690798043844383,0.00960478900322381
83,0.1123385071341249,0.0021027492205697032,0.002747687296175208,0.042371217566602254,0.10826572678309583,0.13207645633935203,0.0033137830696557524,0.02648452498805094,0.01669139346864622,0.009177722251351163,6.725203216877654e-05,0.0002741965088296617,1.1824329139133697e-05,0.27014049118015454,0.009530995121488736
84,0.11142754155633595,0.0021031776184945103,0.0027482907952042254,0.042509621489768605,0.10879314652693454,0.1325471298837221,0.003323967634514648,0.026516843317737068,0.016718913644216172,0.009111536067888166,6.318854025554038e-05,0.00027171765901584357,1.1087840807599937e-05,0.27118108736290836,0.009457530107967148
85,0.11053447041919653,0.002103635697682636,0.002748886280510628,0.04264513640551574,0.10931513429672624,0.1330065613298658,0.0033339195016111457,0.0265464539920908,0.016745232641520454,0.009045422685063463,5.936212501605752e-05,0.00026924360406840625,1.039566295154052e-05,0.272202069120294,0.009384424077099468
86,0.1096588437862026,0.002104122660348422,0.002749473780238203,0.042777836949328026,0.10983182597108467,0.13345500615619416,0.0033436447458013857,0.026573435131021627,0.016770379447661053,0.008979423851959822,5.575982919357473e-05,0.0002667759586418581,9.745295250078628e-06,0.2732039120041018,0.009311704935045335
87,0.1088002146349347,0.0021046377510933025,0.002750053331149857,0.042907797174872114,0.11034335905505817,0.13389271785330714,0.0033531493933146523,0.026597863189775885,0.016794382445255267,0.008913578571833787,5.236931586785819e-05,0.00026431622700025714,9.134361434180575e-06,0.2741870894914558,0.009239398476136083
88,0.10795813988127066,0.0021051802535692796,0.0027506249777811635,0.043035090375146676,0.11084987216798818,0.1343199474229924,0.003362439406659155,0.026619812874466083,0.016817269404746687,0.008847923221883786,4.9178847599811175e-05,0.0002618658079127072,8.560604889302634e-06,0.2751520718721058,0.009167528482285608
89,0.10713218117638139,0.0021057494879048633,0.0027511887716714064,0.043159788943294176,0.11135150466302748,0.13473694296758654,0.0033715206729703446,0.026639357070729428,0.01683906747567206,0.008782491672403546,4.617726534412782e-05,0.00025942599952735024,8.021884223835863e-06,0.27609932537431375,0.00909611682149886
90,0.10632190553443903,0.002106344808749122,0.0027517447706671898,0.043281964263787984,0.11184839634255357,0.13514394934592194,0.00338039899494831,0.026656566783483725,0.01685980317669835,0.008717315403258952,4.3353967241076055e-05,0.00025699800414706245,7.516168826858052e-06,0.2770293114669075,0.009025183543473949
91,0.1055268858314349,0.002106965603802324,0.0027522930382913465,0.043401686627221145,0.11234068724416155,0.13554120788034288,0.0033890800837716325,0.026671511086397863,0.0168795023847067,0.00865242361677089,4.0698887400953774e-05,0.0002545829328703878,7.0415344386468876e-06,0.27794248629467394,0.008954746971480878
92,0.10474670120291822,0.0021076112927206994,0.002752833643169302,0.04351902516380203,0.11282851747968276,0.13592895610485822,0.00339756955355332,0.026684257080087013,0.01689819032339363,0.008587843346729653,3.82024747879242e-05,0.00025218181008421274,6.596158755665116e-06,0.2788393002181814,0.008884823790357455
93,0.10398093735979458,0.002108281326304278,0.0027533666585055757,0.0436340477920168,0.11331202711522553,0.13630742754804934,0.00340587291703127,0.026694869858253735,0.016915891551882247,0.008523599563582748,3.585567229870938e-05,0.00024979557780632343,6.178317089219929e-06,0.27972019743855986,0.008815429130777002
94,0.10322918683557383,0.0021089751858967744,0.002753892161604017,0.04374682117986353,0.11379135608405326,0.1366768515464877,0.0034139955822727196,0.026703412481097612,0.016932629953770383,0.008459715275959913,3.364989611896208e-05,0.0002474250998808662,5.786378094276549e-06,0.2805856156939113,0.008746576650054017
95,0.10249104917468042,0.0021096923829439004,0.0027544102334264436,0.0438574107167203,0.11426664412672943,0.13703745308565912,0.00342194285023155,0.02670994595535663,0.016948428726940443,0.008396211628721211,3.157701542768258e-05,0.0002450711660310958,5.418799582270721e-06,0.28143598601797676,0.00867827860976226
96,0.1017661310689778,0.002110432458670857,0.0027549209581853263,0.04396588049436495,0.11473803075471904,0.13738945266608033,0.003429719913037429,0.026714529220355318,0.016963310374348575,0.008333107997689939,2.9629332508525634e-05,0.00024273449577348716,5.0741244293471554e-06,0.28227173255419213,0.008610545950401298
97,0.10105404644803143,0.002111194983851214,0.002755424422967005,0.044072293295983854,0.1152056552348421,0.1377330661926702,0.0034373318529233314,0.026717219139435006,0.016977296695912997,0.008270422081194164,2.779956331652952e-05,0.00024041574219643705,4.7509765892971015e-06,0.2830932724198706,0.008543388363296425
98,0.10035441652755685,0.002111979558648272,0.0027559207173826045,0.044176710592233645,0.1156696565927918,0.13806850488563116,0.003444783641716831,0.02671807049614027,0.016990408781539287,0.008208169988502543,2.6080818539690385e-05,0.00023811549560584863,4.448057218572849e-06,0.28390101561628006,0.008476814359866656
99,0.09966686981972855,0.0021127858125168735,0.002756409933244351,0.04427919254358851,0.11613017363452155,0.13839597521120844,0.0034520801408342502,0.02671713599453602,0.017002667005254404,0.008146366325210111,2.4466585186828844e-05,0.0002358342870391867,4.164140919102797e-06,0.28469536498110026,0.00841083133835523
100,0.09899104210849748,0.0021136134041587684,0.002756892164265404,0.04437979800832726,0.1165873449847087,0.13871567883074765,0.0034592261017262886,0.02671446626303393,0.017014091020370898,0.008085024275607587,2.295070872620763e-05,0.0002335725916491001,3.898072103187283e-06,0.2854767161802166,0.008345445648086081
101,0.09832657639262617,0.002114462021528653,0.0027573675057816173,0.04447858455561474,0.11704130914183339,0.13902781256652397,0.0034662261667314682,0.02671010986111457,0.017024699755564362,0.008024155682055008,2.1527375793248423e-05,0.00023133083195749638,3.6487614834991585e-06,0.28624545773620336,0.008280662651289251
102,0.09767312279882581,0.002115331381890916,0.0027578360544938817,0.04457560848320779,0.11749220454964956,0.139332568382849,0.003473084870299332,0.02670411328834119,0.01703451141171946,0.007963771121374266,2.019109748033986e-05,0.00022910938098092462,3.415182690118343e-06,0.28700197109113906,0.008216486782525649
103,0.09703033846708578,0.0021162212319294,0.002758297908229882,0.04467092483938073,0.11794016968503482,0.13963013338100497,0.0034798066405501444,0.026696520995073785,0.017043543459379685,0.007903879978273774,1.893669321703405e-05,0.0002269085652282325,3.1963690155769014e-06,0.28774663070166373,0.008152921605734617
104,0.09639788741000838,0.0021171313479144164,0.0027587531657242066,0.04476458744872346,0.1183853431624025,0.1399206898066066,0.003486395801142079,0.02668737539430343,0.017051812636621023,0.007844490515822228,1.7759275244824034e-05,0.00022472866757171914,2.99141028806465e-06,0.2884798041644546,0.008089969868926836
105,0.09577544034773922,0.0021180615359324396,0.0027592019264158696,0.044856648941512825,0.11882786385501617,0.14020441506803016,0.003492856573420124,0.02667671687403853,0.017059334947160457,0.007785609942993508,1.665423368709644e-05,0.00022256992999327574,2.7994498722278484e-06,0.28920185237050494,0.008027633556546109
106,0.09516267451981177,0.002119011632185463,0.0027596442902623848,0.04494716078640413,0.11926787103374517,0.14048148176462133,0.003499193078824716,0.026664583809685602,0.017066125658499638,0.007727244479311007,1.5617222211725955e-05,0.00022043255620731364,2.6196817963764754e-06,0.2899131296868769,0.007965913939526423
107,0.09455927347501024,0.0021199815033677606,0.00276008035756957,0.045036173326235114,0.11970550452396138,0.14075205772343274,0.0035054093415407953,0.026651012575872508,0.017072199299900254,0.007669399416628753,1.4644144281060644e-05,0.00021831671416264474,2.451348004386019e-06,0.29061398416480744,0.007904811623076845
108,0.09396492684008678,0.002120971047129212,0.0027605102288363412,0.045123735816774736,0.12014090488148772,0.1410163060433141,0.003511509291371328,0.02663603755716734,0.017077569659978656,0.007612079178092997,1.3731139981704287e-05,0.0002162225384257527,2.2937357301296655e-06,0.2913047577733405,0.007844326592230583
109,0.0933793300679322,0.002121980192635141,0.002760934004613787,0.04520989646829174,0.12057421358871612,0.14127438514523036,0.0035174967668222036,0.026619691157144097,0.017082249783701455,0.007555287374336095,1.287457342449644e-05,0.0002141501324482114,2.146174991897931e-06,0.2919857866579128,0.007784458255200702
110,0.09280218416551807,0.0021230089012340527,0.002761351785377868,0.045294702489861165,0.12100557327225657,0.14152644882774326,0.003523375518388516,0.026602003805239957,0.01708625196855487,0.007499026856961242,1.2071020703392742e-05,0.00021209957072126283,2.0080362039482235e-06,0.2926574014236283,0.007725205484589847
111,0.09223319540165362,0.00212405716724585,0.00276176367141513,0.045378200136369715,0.12143512794375017,0.14177264632664607,0.0035291492120353637,0.026583003960835423,0.01708958775965019,0.0074432997693827056,1.1317258400523542e-05,0.00021007090082080014,1.8787279020693446e-06,0.293319927443267,0.0076665666565061
112,0.09167207499430147,0.002125125018884644,0.00276216976272085,0.04546043475822604,0.12186302326578033,0.14201312237779115,0.0035348214328694105,0.02656271811396815,0.017092267943514674,0.00738810759509137,1.0610252623536105e-05,0.00020806414534619007,1.7576945798403497e-06,0.29397368519040906,0.007608539687640937
113,0.0911185387768774,0.0021262125193319986,0.00276257015890911,0.045541450853828644,0.1222894068451654,0.1422480172821951,0.0035403956890008082,0.026541170782061963,0.017094302540300903,0.007333451203419286,9.94714856037487e-06,0.00020607930375651508,1.6444146321030928e-06,0.2946189905984233,0.0075511220703682784
114,0.09057230684266232,0.002127319767978295,0.002762964959134322,0.04562129212488615,0.12271442855626374,0.14247746697253144,0.0035458754155978313,0.026518384502017125,0.017095700794129174,0.007279330892878146,9.325260535902486e-06,0.00020411635410786806,1.5383984020482304e-06,0.2952561554464101,0.007494310905923964
115,0.09003310316622277,0.0021284469018513987,0.0027633542620238067,0.045700001534715165,0.1231382408972511,0.14270160308011956,0.0035512639791385183,0.026494379816969667,0.017096471161258377,0.007225746432143064,8.742062554185072e-06,0.00020217525469523284,1.4391863282297891e-06,0.29588548777347884,0.007438102935720711
116,0.0895006552006364,0.002129594097253209,0.002763738165621114,0.045777621369647116,0.12356099938254504,0.1429205530014667,0.003556564681863444,0.026469175256994514,0.017096621295764412,0.007172697098742497,8.195179309838459e-06,0.00020025594560215703,1.3463471877693976e-06,0.2965072923228697,0.007382494570842262
117,0.08897469344950391,0.002130761571624335,0.002764116767339875,0.04585419330363672,0.12398286297454372,0.14313443996329753,0.0035617807664300788,0.02644278731301331,0.017096158032398157,0.007120181715493202,7.68237765153382e-06,0.00019835835016073836,1.2594764319829617e-06,0.29712187101728466,0.007327481919737457
118,0.08845495101325195,0.0021319495856556574,0.002764490163928107,0.04592975846606747,0.12440399455750563,0.1433433830847977,0.0035669154207609776,0.026415230403187467,0.017095087366302296,0.007068198684685357,7.201558480583195e-06,0.00019648237632339104,1.1781946106579457e-06,0.2977295234662517,0.00727306081409999
119,0.08794116311016775,0.0021331584456614123,0.0027648584514430334,0.046004357512589265,0.12482456145566825,0.14354749743550732,0.0035719717830649572,0.026386516831142265,0.017093414429294095,0.0070167460199778865,6.750749067458728e-06,0.0001946279179464511,1.1021458812262312e-06,0.2983305475053828,0.007219226832873023
120,0.08743306657389079,0.002134388506222622,0.0027652217252366286,0.046078030698605076,0.1252447359965782,0.14374689408695965,0.003576952946993018,0.026356656735486258,0.017091143462470825,0.006965821375912567,6.32809576914486e-06,0.0001927948559840876,1.0309965991154063e-06,0.29892523976601715,0.007165975324264915
121,0.08693039933063287,0.002135640173101866,0.002765580079952195,0.04615081795476768,0.12566469611916906,0.143941680155794,0.0035818619668708403,0.026325658030259696,0.017088277784964575,0.006915422074903468,5.931857130375704e-06,0.00019098305958938758,9.644339856188903e-07,0.2995138962720936,0.00711330142560885
122,0.08643289986097355,0.0021369139064218753,0.002765933609532382,0.04622275896358967,0.12608462602454867,0.14413195883575777,0.0035867018629298477,0.02629352633615186,0.017084819758757534,0.006865545131515677,5.560397352068815e-06,0.00018919238711819812,9.021648697017801e-07,0.3000968130593882,0.007061200080855645
123,0.08594030665252826,0.0021382102240918317,0.0027662824072390373,0.046293893236036956,0.12650471686590659,0.1443178294157737,0.0035914756264413573,0.026260264902554786,0.017080770749559392,0.006816187273819006,5.21218011061665e-06,0.00018742268703048412,8.439145002516489e-07,0.3006742868106764,0.00700966605546036
124,0.08545235765087068,0.002139529705458052,0.00276662656568528,0.046364260186804056,0.1269251674726478,0.1444993872811435,0.0035961862246460755,0.026225874520742768,0.01707613108383417,0.0067673449615945755,4.885762712121875e-06,0.0001856737986837873,7.894254253885939e-07,0.3012466154991802,0.006958693948415873
125,0.08496878971672914,0.002140872995150188,0.002766966176880052,0.04643389920687487,0.12734618510292123,0.14467672389498423,0.003600836605364991,0.026190353428664687,0.01707090000213713,0.006719014401185497,4.579790566141084e-06,0.00018394555301386121,7.384564355626331e-07,0.3018140990319351,0.006908278201201063
126,0.08448933809753817,0.002142240807091391,0.0027673013322852794,0.04650284973197109,0.12776798621828964,0.14484992675716404,0.0036054297011789945,0.026153697207985167,0.017065075608973034,0.006671191556816151,4.2929919640103045e-06,0.00018223777309866207,6.907815672849557e-07,0.3023770398846179,0.006858413103446108
127,0.084013735920999,0.002143633928640838,0.002767632122885631,0.04657115130556635,0.12819079727434016,0.14501907933827632,0.00360996843307179,0.02611589867410694,0.01705865481941433,0.006623872158251869,4.0241731473438755e-06,0.00018055027460340913,6.461891644588073e-07,0.3029357437197952,0.00680909279516708
128,0.08354171371739388,0.00214505322483949,0.002767958639270667,0.04663884363529997,0.12861485552161064,0.14518426098654033,0.0036144557134438248,0.026076947759935503,0.01705163330271627,0.006577051704727955,3.772213652811928e-06,0.00017888286610624925,6.04480994393471e-07,0.3034905199815303,0.00676031126548141
129,0.08307299897616408,0.0021464996427349604,0.002768280971729062,0.04670596664182522,0.12904040981216394,0.14534554680589726,0.003618894448421405,0.026036831394119244,0.01704400542314006,0.006530725465135569,3.536061919798649e-06,0.00017723534930590875,5.654714156988358e-07,0.30404168246060187,0.006712062347776975
130,0.08260731574082093,0.002147974215767862,0.002768599210354451,0.04677256049935984,0.1294677214084118,0.14550300750393735,0.003623287539403681,0.025995533374414157,0.017035764178146947,0.00648488847450717,3.3147311480199194e-06,0.00017560751911443884,5.289865953677212e-07,0.3045895498261669,0.006664339711364996
131,0.08214438424477775,0.002149478068209557,0.0027689134451623944,0.04683866566744118,0.12989706479221416,0.14565670920860876,0.003627637883808304,0.025953034236700243,0.017026901134061658,0.006439535526890065,3.1072953926337565e-06,0.00017399916363957518,4.948637724583188e-07,0.30513444612133145,0.006617136849694732
132,0.08168392058926426,0.002151012419649322,0.0027692237662179354,0.04690432291360726,0.1303287284737619,0.1458067132529,0.003631948374993208,0.025909311120026472,0.017017406359228764,0.0063946611647302375,2.9128858848135253e-06,0.00017241006406225814,4.629505658903499e-07,0.30567670122168156,0.006570447065243199
133,0.08122563646326489,0.002152578589536518,0.0027695302637732477,0.04696957332690909,0.13076301580115116,0.14595307592682402,0.0036362219013453033,0.025864337627901652,0.017007268354606742,0.006350259664907843,2.730687566176536e-06,0.00017083999441542668,4.331043239665602e-07,0.30621665125722214,0.006524263451213413
134,0.08076923890443462,0.00215417800179053,0.002769833028414939,0.0470344583222986,0.13120024577281345,0.1460958481960715,0.0036404613445366017,0.025818083685891523,0.016996473981667166,0.006306325021570391,2.559935825874617e-06,0.00016928872127031558,4.051915133268565e-07,0.3067546389993131,0.006478578870179909
135,0.0803144300992988,0.0021558121894969034,0.00277013215122068,0.047099019636020284,0.13164075385597127,0.1462350753866257,0.0036446695769533246,0.025770515395444435,0.016985008387396548,0.006262850925900428,2.399913429563206e-06,0.0001677560033361722,3.7908714513645654e-07,0.3072910142149947,0.0064333859298113
136,0.07986090722070169,0.002157482799712653,0.0027704277239249476,0.04716329931216302,0.13208489281503263,0.14637079683446808,0.003648849458304289,0.025721594883757325,0.01697285492613948,0.006219830742933322,2.24994762987506e-06,0.00016624159097863652,3.546742364024826e-07,0.30782613399156233,0.0063886769557782355
137,0.0794083623004704,0.002159191598406501,0.002770719839093815,0.047227339680502446,0.13253303355427268,0.14650304549925344,0.0036530038314112655,0.025671280149420682,0.016959995077976863,0.006177257485510288,2.1094074484363643e-06,0.00016474522566107495,3.318433044058339e-07,0.3083603630343581,0.006344443961924204
138,0.078956482135566,0.002160940475560999,0.0027710085903088454,0.047291183325685465,0.13298556597928324,0.14663184754052172,0.0036571355171764464,0.025619524903551825,0.016946408363305344,0.006135123785414478,1.9777011198775275e-06,0.0001632666393120108,3.104918923270226e-07,0.3088940739405332,0.006300678617738694
139,0.07850494822656627,0.0021627314504631375,0.0027712940723603,0.04735487304768704,0.13344289988151042,0.1467572218546567,0.003661247308711498,0.025566278406143617,0.016932072253273606,0.006093421861696792,1.854273688707741e-06,0.00016180555362053768,2.905241242358261e-07,0.30942764745102225,0.006257372213130274
