,temp1,temp2,temp3,temp4
0,19.079088712839525,19.062295554192264,16.906322732037356,18.628280382097184
1,22.184544088302147,19.349340457686854,15.757809886793282,20.03596751093474
2,21.46771145295503,17.62813645207562,14.869609133607883,20.035691151165825
3,20.533839816888513,18.832631345699763,14.60531828856998,20.03558743859309
4,20.744382948088948,19.40437529005236,15.34704731452163,20.03553298681291
5,20.958013905705347,17.67355817093003,14.097272653562802,20.03549895191504
6,21.208321712869314,18.566912903332092,14.243141335489977,20.035475438840432
7,21.37681600996753,18.981875491498837,13.116166632057404,20.035458110763912
8,20.371448420709502,18.01323485690039,13.497009555215167,20.03544475452053
9,19.422676999793126,17.83288784287021,13.56618528245076,20.035434104737053
10,21.891723224081485,16.12557155006259,13.103357320052206,20.035425398250172
11,19.26909610367742,17.943610819977987,12.907205820506283,20.035418131801176
12,19.42301166076972,16.66569814089185,13.088912201910043,20.035411964954577
13,19.846429046332606,15.593034097485045,12.911053170097267,20.035406662254864
14,20.09050614090746,16.818175391129337,13.146781426191419,20.035402049172152
15,18.16018440820034,16.004042404037495,13.240378624255396,20.035397998130847
16,18.608137702321766,15.44160415796308,13.424533427222922,20.03539441008216
17,18.841306904772928,16.315156507226416,13.408135883132465,20.035391209459487
18,18.847571877144837,15.750909586219501,13.764631916653668,20.035388326087553
19,17.892507869738985,16.00012868171201,13.95600501932716,20.035385730671365
20,17.983101438362368,15.68023399381714,14.23913594349885,20.035383377462722
21,18.0502078325394,16.070144146573266,14.52206750430535,20.03538122865974
22,17.17225376187487,15.940111592996761,14.798912110621114,20.035379258758145
23,18.072952067172967,16.235113475064995,15.074201573320344,20.03537745297543
24,17.743193112010804,16.04931651953731,15.346970349014356,20.0353757877033
25,17.65798905968768,16.41160960051277,15.616254627163284,20.0353742451473
26,17.50430028115185,16.586069359768832,15.881166256421034,20.0353728133941
27,18.126853203763638,16.827411686680932,16.140943201900246,20.03537148031488
28,17.850203988808573,17.129287280861615,16.394992156124676,20.035370245476862
29,17.854749733213183,17.460822963214486,16.642916590973407,20.035369103781957
30,18.19445811237793,17.780938565190276,16.884526629908514,20.035368025040952
31,18.32181055078833,18.095789050247625,17.119830860358558,20.035367013425812
32,18.62677729973953,18.404340580833455,17.349013419229628,20.03536606551999
33,18.849054355456985,18.70545146078575,17.572401293709277,20.035365174246188
34,19.14879540616059,18.998098464378334,17.79042641856477,20.03536433706954
35,19.478098099161894,19.281419620948533,18.00358508927659,20.03536354061117
36,19.795013069708144,19.554743956640365,18.212393929394672,20.03536278918278
37,20.104843269101746,19.8176071800999,18.417337609948643,20.035362074668594
38,20.406415820694896,20.069752104638937,18.618800300076103,20.035361401442024
39,20.69892934687167,20.31111519076788,18.816980309548438,20.035360772731284
40,20.981720377759483,20.54180248126374,19.01185388763003,20.035360171356288
41,21.254277000999057,20.762059132355375,19.20350121651713,20.035359598636177
42,21.516246743821064,20.972236706202406,19.39300912030079,20.03535905332424
43,21.767435507359227,21.172761639433972,19.58022116692676,20.035358529684782
44,22.00779856018713,21.364107210987846,19.761464274001174,20.035358034524183
45,22.23742520703868,21.54677023176435,19.9398346302498,20.035357563649423
46,22.456519208395374,21.721252779632948,20.118238737260285,20.035357113151083
47,22.665377104956782,21.88804868788656,20.71573457482392,20.035356690549634
48,22.864366363277494,22.04763415109652,21.87093564255824,20.035356283137652
49,23.053904828466706,22.200461679706134,22.404191552136698,20.03535589325448
50,23.234442471842392,22.34695664184364,23.1473539293868,20.035355520931482
51,23.406445953231373,22.487515713429126,23.749582636443723,20.035355168785383
52,23.570386137343117,22.622506677847166,23.914237764621543,20.035354830713
53,23.726728432859325,22.752269131596087,23.951080952506114,20.03535455508898
54,23.87592565692086,22.87711576591278,23.959953558228207,20.03535433658909
55,24.01841304756148,22.99733398102731,23.96198483557228,20.03535407780915
56,24.154605028597953,23.113187666170518,23.962407615303842,20.035353759792407
57,24.284893353186167,23.224919029756425,23.962486955681914,20.035353479743964
58,24.409646295674772,23.332750410343454,23.962500403411244,20.03535321624272
59,24.529208613595223,23.43688602515707,23.962502470103466,20.03535295231081
60,24.643902054263,23.53751364006409,23.962502759291866,20.03535269814233
61,24.754026228766357,23.634806158183657,23.962502796283527,20.03535246117664
62,24.859859717842294,23.728923139972036,23.962502800625465,20.03535222922584
63,24.96166130866971,23.820012276932136,23.962502801094793,20.035352008455508
64,25.059671289268515,23.908210847852057,23.96250280114167,20.03535180575641
65,25.154112748763502,23.993647194171686,23.962502801146073,20.03535159379645
66,25.24519284824921,24.076442246518145,23.96250280114648,20.03535140141055
67,25.333104039379503,24.15671112740372,23.962502801146535,20.035351215665557
68,25.418025216591822,24.23456482651681,23.96250280114648,20.035351038192612
69,25.500122795658275,24.310111890331406,23.962502801146428,20.035350862442687
70,25.579551715544177,24.38345998295197,23.96250280114647,20.03535068953746
71,25.65645636393438,24.454717057688647,23.962502801146506,20.035350521653218
72,25.730971428883326,24.52399177197216,23.962502801146414,20.03535035862028
73,25.803222679902806,24.591392776238884,23.962502801146464,20.035350208326516
74,25.873327682936413,24.657026755438118,23.962502801146513,20.035350053604663
75,25.941396453826048,24.720995689277707,23.962502801146524,20.035349909911634
76,26.007532055398613,24.78339448910198,23.962502801146428,20.035349762407858
77,26.071831142758697,24.844310221406026,23.962502801146464,20.03534963002192
78,26.134384461072006,24.90382299328638,23.962502801146503,20.035349497608184
79,26.19527730024129,24.96200734955465,23.962502801146567,20.03534937613856
80,26.254589910689035,25.018933310456276,23.96250280114645,20.035349261086658
81,26.312397883869806,25.07452526469509,23.962502801146446,20.03534914264123
82,26.36877250058941,25.128620061384098,23.9625028011465,20.03534903883377
83,26.423781050372185,25.18141219281887,23.96250280114654,20.035348939267518
84,26.477487124723858,25.23304342343829,23.962502801146442,20.035348841790384
85,26.529950886969935,25.28360669048836,23.96250280114647,20.035348740411862
86,26.58122932068829,25.33317860992176,23.962502801146446,20.03534864504352
87,26.631376458871557,25.381826846254793,23.962502801146517,20.03534855115622
88,26.680443595765343,25.429613798535875,23.96250280114648,20.03534845943708
89,26.72847948310206,25.476596619645257,23.96250280114651,20.035348371735164
90,26.7755305123662,25.522830584773757,23.96250280114644,20.035348296576505
91,26.82164088429379,25.568367645927992,23.962502801146464,20.035348221641254
92,26.866852766986682,25.61325739910481,23.962502801146407,20.03534813304773
93,26.91120644380541,25.657548915149818,23.96250280114655,20.035348038254245
94,26.95474045213784,25.701289699621757,23.962502801146524,20.03534795474537
95,26.99749171410576,25.7445264831797,23.96250280114646,20.035347871817
96,27.039495660063025,25.787305780189453,23.962502801146567,20.035347790597
97,27.080786345739234,25.829673967400012,23.962502801146538,20.035347710722903
98,27.121396563872864,25.871677776867646,23.9625028011465,20.03534763055939
99,27.16135795114053,25.913364619737045,23.96250280114648,20.03534755404907
100,27.200701091125325,25.954783144496105,23.96250280114643,20.035347487236137
101,27.239455614099516,25.995983553991874,23.96250280114647,20.035347420177217
102,27.277650294357,26.03701817596619,23.962502801146517,20.03534735752076
103,27.315313145789002,26.077942435541704,23.962502801146496,20.035347297684808
104,27.352471516496383,26.11881517396035,23.962502801146456,20.035347230045836
105,27.389152183226024,26.159699784651238,23.96250280114653,20.035347173953486
106,27.42538144647585,26.200665202294083,23.9625028011465,20.03534713993683
107,27.461185227161984,26.241787307143237,23.962502801146496,20.035347102367773
108,27.496589165861106,26.28314992467853,23.96250280114654,20.03534706759901
109,27.531618725752292,26.324846533879814,23.962502801146442,20.035347029392142
110,27.566299300469495,26.366982476154185,23.962502801146513,20.035347003902665
111,27.600656328332256,26.409676509628255,23.962502801146584,20.035346971812817
112,27.634715414635227,26.453063548666965,23.96250280114649,20.035346934722476
113,27.668502463987238,26.49729850664827,23.962502801146453,20.035346903149737
114,27.702043824868746,26.54255937230699,23.96250280114655,20.03534687039695
115,27.735366448621978,26.58905231639187,23.962502801146528,20.035346841270652
116,27.76849806475248,26.637019061376243,23.962502801146496,20.035346810227136
117,27.801467373674786,26.6867436974125,23.96250280114655,20.0353467799115
118,27.834304256901284,26.738564962737243,23.962502801146425,20.035346752917132
119,27.86704000356906,26.792889537900624,23.962502801146425,20.0353467195792
120,27.899707551416473,26.850211626257405,23.96250280114654,20.03534668909672
121,27.93234174012413,26.911138619712506,23.962502801146538,20.03534666252063
122,27.964979575472505,26.97642433725849,23.962502801146453,20.035346640053106
123,27.997660503917217,27.047014061409893,23.962502801146485,20.035346616792996
124,28.030426698898772,27.124102362875583,23.96250280114649,20.035346590060644
125,28.063323362224573,27.20920302303072,23.962502801146517,20.0353465652108
126,28.096399046015343,27.304224839821917,23.962502801146503,20.03534653825899
127,28.12970600290902,27.411526116144024,23.962502801146456,20.035346517916967
128,28.16330057427854,27.53388046883487,23.962502801146456,20.035346497759328
129,28.197243628242855,27.67421048611928,23.962502801146467,20.03534647678014
130,28.231601061119235,27.83484718110624,23.962502801146485,20.035346454221315
131,28.266444377784556,28.016075794576103,23.96250280114648,20.03534643012295
132,28.301851368172873,28.21412692497175,23.962502801146517,20.035346405910335
133,28.337906899169585,28.41979183079007,23.962502801146524,20.035346385799603
134,28.37470384385663,28.61962015583891,23.962502801146474,20.03534636414854
135,28.4123441740716,28.80020474078787,23.962502801146535,20.035346341131515
136,28.45094024819901,28.95281156843876,23.96250280114656,20.035346317238716
137,28.490616334504526,29.075020454159368,23.96250280114657,20.03534629287954
138,28.531510421092307,29.169084008929154,23.962502801146478,20.035346268370645
139,28.573776376794125,29.239490404518936,23.962502801146446,20.035346243758077
