,Rs,Rj,Ra,Sj,Sa,Sb,Sga,Sgb,Cj,Ca,Cb,Cga,Cgb,Clupeid adult,Cod adult
0,0.019627795619643607,0.002649975298173138,0.0019881268268838953,0.015056278533866237,0.24459043480218795,0.04610283947651718,0.0011879216402413762,0.0011321131438790475,3.946680060349365e-06,4.363560063988239e-07,8.393874270677806e-07,2.3172073306628978e-08,3.034364487451259e-07,0.2930133090628256,1.6023519555183594e-06
1,0.01961482973368283,0.0026508404988325146,0.0019881304254468477,0.015038690396997732,0.24489590382223597,0.045866618612553735,0.0011519462507269293,0.0010920047088118412,3.1364923519047224e-10,3.136279502805708e-11,6.073311092826891e-11,1.6660251728395555e-12,2.1929889766490952e-11,0.2930064733943285,1.156918208956565e-10
2,0.01963976775630342,0.0026508405676064256,0.001988130425705997,0.014991124680197275,0.24507221896120593,0.04572025181864621,0.001156078228638254,0.0010937029308436797,7.18802584339352e-15,6.854509684244042e-16,1.3043296389870861e-15,3.6415789296233294e-17,4.702123142410763e-16,0.2930422519393341,2.4964087109488e-15
3,0.019626877169785447,0.0026508405676080042,0.001988130425706003,0.01500321659674616,0.24510435412585158,0.04569618914719231,0.001143179841360821,0.0010805357900601788,7.351973716488706e-20,6.9331696001823e-21,1.2724421575645353e-20,3.6817569224693686e-22,4.577725346991475e-21,0.2930242589044649,2.4603492215066067e-20
4,0.019641376380007652,0.0026508405676080042,0.001988130425706003,0.014980193794584148,0.2451627188031696,0.045646488464087365,0.0011496519716502741,0.001086124491537669,4.0780128036776524e-25,3.834714881741364e-26,6.770641787538251e-26,2.0356625537624403e-27,2.4307324624454722e-26,0.2930449837304449,1.3239655387101333e-25
5,0.019630427271278127,0.0026508405676080042,0.001988130425706003,0.014993352776291581,0.24516123454626132,0.04564937808978529,0.001141183033699655,0.0010777926481673511,1.3233583621870753e-30,1.249016832893735e-31,2.1121138790496818e-31,6.626556655938186e-33,7.565893278562947e-32,0.2930295883179136,4.183985606359093e-31
6,0.019641736557045444,0.0026508405676080042,0.001988130425706003,0.014976490333866329,0.24519586835187263,0.04561944368557631,0.001147162200560034,0.001083215653494059,2.6077284270081953e-36,2.4676390594791733e-37,4.002337008585156e-37,1.3085821561400429e-38,1.430594043305169e-37,0.29304568989150304,8.031428326983502e-37
7,0.01963215417253785,0.0026508405676080042,0.001988130425706003,0.014988734956422627,0.2451872088978004,0.04562796051661662,0.001140371195963966,0.001076638536147163,3.184183389583203e-42,3.0275554717843975e-43,4.698654640318242e-43,1.6044846499327732e-44,1.6756971289327138e-43,0.2930321791465282,9.56235570602863e-43
8,0.019641832637439703,0.0026508405676080042,0.001988130425706003,0.014974707092622806,0.24521280962831202,0.04560562506931512,0.0011458283442766519,0.0010816688616530274,2.4409714597150585e-48,2.3252639798109956e-49,3.460119046832222e-49,1.231654903675183e-50,1.2312946207373955e-49,0.2930459319035568,7.139843137748133e-49
9,0.019633190202878924,0.0026508405676080042,0.001988130425706003,0.014986041196147442,0.24520204792754424,0.04561571062741057,0.0011399505524990474,0.0010760217306674984,1.1843318553264906e-54,1.1312838422803385e-55,1.6111879153897652e-55,5.988208976429709e-57,5.720460322790234e-56,0.29303373083812134,3.3743998797134244e-55
10,0.019641846831743078,0.0026508405676080042,0.001988130425706003,0.014973685016115939,0.245223027932559,0.04559729358461234,0.0011449918530716157,0.0010807045273036056,3.660068738628986e-61,3.4934097051073187e-62,4.772049053840828e-62,1.84811447811254e-63,1.6905762095675233e-62,0.2930460178975466,1.0140846416326923e-61
11,0.01963388640027943,0.0026508405676080042,0.001988130425706003,0.014984270232208385,0.24521163242269267,0.04560779214194366,0.0011397014610395836,0.0010756456152980437,7.234606788633574e-68,6.901500909843778e-69,9.027890215320571e-69,3.648528235837732e-70,3.19100787320439e-69,0.29303477164097397,1.9485251821952512e-68
12,0.01964183120705913,0.0026508405676080042,0.001988130425706003,0.01497303458997535,0.24522983606371285,0.04559174477915199,0.0011444160381566396,0.0010800438603048273,9.182839286305534e-75,8.721601545579593e-76,1.0948181506295455e-75,4.607953078498271e-77,3.8612459345249707e-76,0.2930460407413263,2.3991824294249847e-75
13,0.019634389021872083,0.0026508405676080042,0.001988130425706003,0.014983014069177607,0.24521833003345805,0.045602255167477485,0.001139540742151319,0.001075395930354484,7.505322507380814e-82,7.096102320709592e-83,8.534933257001471e-83,3.7463894144081346e-84,3.0032832724563708e-83,0.2930355218734414,1.9008957791608247e-82
14,0.019641804446821,0.0026508405676080042,0.001988130425706003,0.014972591249619463,0.24523467446870637,0.04558780307130038,0.0011439950187051295,0.0010795627396445542,3.962852941194399e-89,3.7144056220093923e-90,4.289445223391346e-90,1.959770378737591e-91,1.5060554540035008e-90,0.29304603529835643,9.705883337277998e-90
15,0.01963476990401433,0.0026508405676080042,0.001988130425706003,0.014982076064360982,0.2452232664895324,0.04559817206397724,0.0011394307863785672,0.001075220283171123,1.3550918618856683e-96,1.2586198396809401e-97,1.3933558403355423e-97,6.635561460610436e-99,4.881030562162507e-98,0.29303608962305927,3.2064343508388376e-97
16,0.01964177406755444,0.0026508405676080042,0.001988130425706003,0.014972273190607007,0.24523828318928986,0.04558486425941004,0.001143673183114488,0.0010791962078737893,3.011092273877802e-104,2.7591198366822623e-105,2.9340937824157307e-105,1.4536588769452583e-106,1.0255743095409778e-105,0.29304601683968823,6.864153816333496e-105
17,0.019635069060910885,0.0026508405676080042,0.001988130425706003,0.014981348480403067,0.24522705221628366,0.0455950393749865,0.0011393521985428774,0.0010750912333494884,4.360564192443312e-112,3.939295946858523e-113,4.0174666607983235e-113,2.073781441427949e-114,1.4010492494567658e-113,0.2930365350231625,9.565190001256407e-113
18,0.01964174343897126,0.0026508405676080042,0.001988130425706003,0.014972035998631106,0.2452410701831445,0.04558259585860371,0.0011434188911722785,0.001078907497164494,4.132636020434205e-120,3.6633432964905394e-121,3.5901362437692403e-121,1.9271581634441842e-122,1.2492671660604193e-121,0.293045992430085,8.695462522664615e-121
19,0.01963531035665992,0.0026508405676080042,0.001988130425706003,0.014980767874466077,0.24523004318213157,0.04559256337575974,0.0011392941284284815,0.0010749932313278703,2.5732572015457864e-128,2.236296765525057e-129,2.1023669946247494e-129,1.1754541229811695e-130,7.298911442041256e-130,0.29303689391764765,5.186100316652048e-129
20,0.019641713967439408,0.0026508405676080042,0.001988130425706003,0.014971854334346424,0.24524327905395055,0.045580798474883145,0.0011432135285079795,0.0010786749195112616,1.0584911260334096e-136,8.973030956418422e-138,8.108308055002252e-138,4.713001710451905e-139,2.808806841968709e-138,0.29304596597685295,2.0361446024434575e-137
21,0.019635508964287566,0.0026508405676080042,0.001988130425706003,0.014980294443695422,0.24523246031958926,0.045590561714339554,0.0011392501132564358,0.0010749169016842754,2.8921105285985557e-145,2.3890801116713356e-146,2.071164764474831e-146,1.2537423504050118e-147,7.158252411780556e-147,0.29303718904886955,5.301444352364724e-146
22,0.019641686135469797,0.0026508405676080042,0.001988130425706003,0.014971711272542208,0.245245075363027,0.04557933721976823,0.001143043612025687,0.0010784829131558161,5.287272221929153e-154,4.233389296340577e-155,3.528081502360815e-155,2.2199079919268508e-156,1.2166639312479358e-155,0.2930459391079767,9.200125529142014e-155
23,0.019635675535219194,0.0026508405676080042,0.001988130425706003,0.014979900636803399,0.24523445360017748,0.0455889107920451,0.0011392158717636871,0.0010748559910698497,6.516359137970182e-163,5.051747544452068e-164,4.038839497061169e-164,2.6466009127369167e-165,1.3895775617509784e-164,0.2930374362550561,1.0744824694537907e-163
24,0.019641660250446155,0.0026508405676080042,0.001988130425706003,0.014971596664124487,0.24524655822434407,0.045578131319904625,0.0011429011176696013,0.0010783222212337547,5.466523788087488e-172,4.080348974357456e-173,3.1359633779076565e-173,2.135995963082029e-174,1.0765467610886602e-173,0.293045912883152,8.506458709661977e-173
25,0.019635817384728863,0.0026508405676080042,0.001988130425706003,0.014979567685889423,0.245236128868721,0.04558752251074588,0.0011391888991902617,0.0010748065640389275,3.152738245743524e-181,2.2636461526998206e-182,1.668552998352181e-182,1.1838333715799248e-183,5.714615769843858e-183,0.29303764684269606,4.6220440651943794e-182
26,0.019641636331380614,0.0026508405676080042,0.001988130425706003,0.01497150320735662,0.2452478006592835,0.045577121451901265,0.0011427798470560577,0.0010781857382279624,1.2655178091990725e-190,8.690352783310182e-192,6.1568636043749336e-192,4.541120534050735e-193,2.1039558566410688e-192,0.2930458876964688,1.7405284297731255e-191
27,0.019635939021536868,0.0026508405676080042,0.001988130425706003,0.014979284022979076,0.24523754396852676,0.045586350084986155,0.0011391671171044689,0.0010747658121014953,3.580718181597254e-200,2.350287259566749e-201,1.5963140007131322e-201,1.2268800165054e-202,5.442127371062767e-202,0.29303782698271885,4.613501999036698e-201
28,0.019641614359245763,0.0026508405676080042,0.001988130425706003,0.014971426299911356,0.24524885251559445,0.04557626640124344,0.0011426761003438465,0.0010780691192810263,7.24947886349051e-210,4.5224370010308195e-211,2.951498607353007e-211,2.3587662120943887e-212,1.0039585088004422e-211,0.2930458641364628,8.713770738393707e-211
29,0.01963604385393275,0.0026508405676080042,0.001988130425706003,0.014979040972241068,0.24523875137726925,0.045585349114934545,0.001139149708496461,0.0010747321911051362,1.0663752164687466e-219,6.322633923174174e-221,3.9536511310204366e-221,3.2941263075792245e-222,1.3416224487073817e-221,0.2930379823918054,1.1947320133659913e-220
30,0.01964159416330981,0.0026508405676080042,0.001988130425706003,0.014971362121928324,0.24524975134554433,0.045575536261953535,0.001142586089944676,0.0010779681417826326,1.1595909833273956e-229,6.499119684194404e-231,3.9037417998275343e-231,3.383111682721074e-232,1.3216836560335104e-231,0.29304584183922516,1.2062856308327557e-230
31,0.01963613611911987,0.0026508405676080042,0.001988130425706003,0.014978828161444845,0.2452398027432395,0.04558447736575834,0.0011391353081220772,0.0010747036639330416,9.483076468363845e-240,5.0288552216093053e-241,2.8923001969336405e-241,2.6147673329112237e-242,9.768591766548866e-242,0.29303811908105293,9.159491328488955e-241
32,0.019641575482633056,0.0026508405676080042,0.001988130425706003,0.014971307721604647,0.24525053361894872,0.0455749006707514,0.0011425071338990473,0.0010778796463270825,5.94284251602964e-250,2.9669184199684767e-251,1.6385564064299283e-251,1.5412698253706037e-252,5.521485729816747e-252,0.29304582106992627,5.31175038191714e-251
33,0.019636217380182685,0.0026508405676080042,0.001988130425706003,0.01497864162674643,0.24524071963598507,0.04558371698438284,0.0011391233886533603,0.001074679419273569,2.905746669153121e-260,1.3685771656269853e-261,7.232429161017738e-262,7.100929613988381e-263,2.431101249731372e-262,0.2930382394282949,2.40593950284178e-261
34,0.019641558410217915,0.0026508405676080042,0.001988130425706003,0.014971261497319008,0.24525121211007683,0.04557434969046623,0.0011424378372429436,0.001077802087945801,1.1297374006511818e-270,4.9970585073777604e-272,2.535134428889916e-272,2.590364011335299e-273,8.501946164280644e-273,0.2930458017257318,8.64142395382927e-272
35,0.01963628945292126,0.0026508405676080042,0.001988130425706003,0.01497847686060268,0.24524152590514156,0.04558304826108462,0.0011391133648714876,0.0010746585442692282,3.5544278194471395e-281,1.4814097321601976e-282,7.187162817030184e-283,7.669450488175883e-284,2.4042583844885343e-283,0.29303834607536694,2.5172463571938283e-282
36,0.019641542542141902,0.0026508405676080042,0.001988130425706003,0.014971221481524003,0.24525181282582623,0.04557386194862717,0.0011423759261115557,0.0010777328729578233,9.213221612999311e-292,3.6030551987509116e-293,1.6779374554218617e-293,1.86360490708269e-294,5.6000591966373033e-294,0.29304578357352273,6.027359064544773e-293
37,0.01963635401398976,0.0026508405676080042,0.001988130425706003,0.01497832985059521,0.24524224143721907,0.04558245485610021,0.0011391048203401482,0.0010746403666833451,1.9991281309911472e-302,7.369019277629503e-304,3.280141047697136e-304,3.8063166203396365e-305,1.091939087936091e-304,0.29303844148034275,1.2121731075296694e-303
38,0.019641527962744355,0.0026508405676080042,0.001988130425706003,0.01497118687390272,0.24525234287726444,0.04557343164484647,0.0011423208624676752,0.001077671368821317,3.68968631034e-313,1.27681012e-314,5.455751677e-315,6.58887255e-316,1.811971053e-315,0.2930457667533999,2.069471119e-314
39,0.019636411463039308,0.0026508405676080042,0.001988130425706003,0.014978199510042063,0.24524287490295507,0.04558192915147336,0.0011390977353319778,0.0010746247441720735,2.5e-323,1e-323,5e-324,0.0,0.0,0.2930385265339324,1.5e-323
40,0.01964151461250124,0.0026508405676080042,0.001988130425706003,0.014971156971415224,0.24525280957500128,0.045573052933450674,0.0011422719088941774,0.0010776167536730066,2e-323,1e-323,5e-324,0.0,0.0,0.2930457511710191,1.5e-323
41,0.019636463265991593,0.0026508405676080042,0.001988130425706003,0.014978082361840228,0.24524344154984346,0.04558145896072605,0.0011390916269498612,0.0010746109984387617,2e-323,1e-323,5e-324,0.0,0.0,0.29303860313595814,1e-323
42,0.019641502144584842,0.0026508405676080042,0.001988130425706003,0.014971130470031102,0.2452532315536014,0.04557271043916137,0.001142227443114075,0.0010775671728933955,2e-323,1e-323,5e-324,0.0,0.0,0.29304573660877026,1e-323
43,0.019636510306111875,0.0026508405676080042,0.001988130425706003,0.01497797631059837,0.24524395197487456,0.045581035528391406,0.0011390862882570628,0.0010745987844420202,2e-323,1e-323,5e-324,0.0,0.0,0.293038672575965,1e-323
44,0.019641490613145303,0.0026508405676080042,0.001988130425706003,0.014971107196960693,0.24525360941119512,0.04557240376976746,0.0011421873691784671,0.0010775225169392588,2e-323,1e-323,5e-324,0.0,0.0,0.2930457230670803,1e-323
45,0.019636552697051876,0.0026508405676080042,0.001988130425706003,0.014977880993418227,0.24524440914831652,0.04558065628180844,0.0011390816595554614,0.0010745879862323012,2e-323,1e-323,5e-324,0.0,0.0,0.2930387350759127,1e-323
46,0.01964148007424223,0.0026508405676080042,0.001988130425706003,0.01497108665875291,0.24525394602088044,0.045572130864661095,0.001142151271939919,0.0010774823538668651,2e-323,1e-323,5e-324,0.0,0.0,0.2930457105113483,1e-323
47,0.019636591057408097,0.0026508405676080042,0.001988130425706003,0.014977794974021906,0.2452448215064506,0.04558031398159517,0.0011390777583030526,0.0010745785201763532,2e-323,5e-324,0.0,0.0,0.0,0.2930387917665252,1e-323
48,0.0196414702579871,0.0026508405676080042,0.001988130425706003,0.014971068441197498,0.24525425147671512,0.04557188301417444,0.0011421184970737814,0.001077445880058381,2e-323,5e-324,0.0,0.0,0.0,0.29304569886802173,1e-323
49,0.01963662614264992,0.0026508405676080042,0.001988130425706003,0.014977716445666206,0.24524519705050807,0.045580002239470785,0.0011390743024251538,0.0010745699924433474,5e-324,5e-324,0.0,0.0,0.0,0.2930388435848474,1e-323
50,0.019641461204189782,0.0026508405676080042,0.001988130425706003,0.0149710521880056,0.2452545269008191,0.04557165969981316,0.0011420886857176594,0.0010774127436207598,5e-324,5e-324,0.0,0.0,0.0,0.29304568802997066,1e-323
51,0.019636657914672465,0.0026508405676080042,0.001988130425706003,0.014977645509294433,0.24524553524063467,0.04557972149992192,0.001139071305685183,0.001074562424669717,5e-324,5e-324,0.0,0.0,0.0,0.2930388904709115,1e-323
52,0.019641452873722917,0.0026508405676080042,0.001988130425706003,0.014971037821517635,0.24525477467550552,0.04557145876108911,0.001142061780115002,0.0010773828481733414,5e-324,5e-324,0.0,0.0,0.0,0.29304567806488296,1e-323
53,0.01963668395595808,0.0026508405676080042,0.001988130425706003,0.014977587425357526,0.24524582055871258,0.04557948300834801,0.0011390695893146571,0.0010745568108293595,5e-324,5e-324,0.0,0.0,0.0,0.2930389299672046,1e-323
54,0.019641446521522762,0.0026508405676080042,0.001988130425706003,0.014971027924442158,0.24525496178354375,0.045571305218561106,0.001142042871678944,0.0010773616282215499,5e-324,5e-324,0.0,0.0,0.0,0.29304567150200533,1e-323
55,0.01963670701738764,0.0026508405676080042,0.001988130425706003,0.014977536171548924,0.24524605456834417,0.0455792904096119,0.0011390669141272528,0.0010745510205645854,5e-324,5e-324,0.0,0.0,0.0,0.2930389629126479,1e-323
56,0.019641439600445124,0.0026508405676080042,0.001988130425706003,0.014971015961740945,0.2452551591697928,0.045571146951317774,0.0011420197901242182,0.001077336220040935,5e-324,5e-324,0.0,0.0,0.0,0.29304566213127575,1e-323
57,0.019636732245583568,0.0026508405676080042,0.001988130425706003,0.014977480111503037,0.24524632154030082,0.045579068536333416,0.001139064848736567,0.0010745453383878443,5e-324,5e-324,0.0,0.0,0.0,0.2930390002637586,1e-323
58,0.01964143270738832,0.0026508405676080042,0.001988130425706003,0.014971004929554511,0.24525535521654082,0.04557098805962289,0.0011419982185790815,0.0010773122859909713,5e-324,5e-324,0.0,0.0,0.0,0.2930456537807338,1e-323
59,0.019636755562097527,0.0026508405676080042,0.001988130425706003,0.01497742842035357,0.24524656477354498,0.04557886679621002,0.0011390628705502377,0.0010745400797008064,5e-324,5e-324,0.0,0.0,0.0,0.29303903452000607,1e-323
60,0.019641426285275394,0.0026508405676080042,0.001988130425706003,0.014970995016436409,0.24525553454721444,0.04557084264990412,0.001141978463698258,0.0010772903686396874,5e-324,5e-324,0.0,0.0,0.0,0.2930456460294565,1e-323
61,0.019636777030211845,0.0026508405676080042,0.001988130425706003,0.014977380884009052,0.24524678908074224,0.04557868056912736,0.001139061166212633,0.0010745353415717819,5e-324,5e-324,0.0,0.0,0.0,0.293039066157654,1e-323
62,0.01964142029833562,0.0026508405676080042,0.001988130425706003,0.014970985975788893,0.2452556996203824,0.04557070882411552,0.001141960205787171,0.0010772701203323094,5e-324,5e-324,0.0,0.0,0.0,0.2930456387706174,1e-323
63,0.01963679673128262,0.0026508405676080042,0.001988130425706003,0.01497733727340293,0.24524699893759777,0.04557850555998186,0.0011390599096567757,0.0010745312035281955,5e-324,5e-324,0.0,0.0,0.0,0.29303909561076463,1e-323
64,0.019641414808155414,0.0026508405676080042,0.001988130425706003,0.01497097785555353,0.2452558484655218,0.04557058832601824,0.001141943561173073,0.0010772516938911418,5e-324,5e-324,0.0,0.0,0.0,0.2930456320466043,1e-323
65,0.01963681463478943,0.0026508405676080042,0.001988130425706003,0.014977297760961433,0.24524718144818927,0.04557835461681985,0.001139058374969289,0.0010745272356550712,5e-324,5e-324,0.0,0.0,0.0,0.2930391216756335,1e-323
66,0.019641409729424034,0.0026508405676080042,0.001988130425706003,0.014970970576559288,0.24525598472314675,0.04557047783855894,0.00114192841813031,0.0010772349070253683,5e-324,5e-324,0.0,0.0,0.0,0.2930456258868614,1e-323
67,0.019636831107939633,0.0026508405676080042,0.001988130425706003,0.014977261441397957,0.24524735195260786,0.04557821303856731,0.0011390571978984669,0.0010745237514074074,5e-324,5e-324,0.0,0.0,0.0,0.293039145940481,1e-323
68,0.01964140495052402,0.0026508405676080042,0.001988130425706003,0.014970963827106453,0.24525611160574062,0.04557037502182729,0.0011419142302321224,0.001077219192619487,5e-324,5e-324,0.0,0.0,0.0,0.2930456200504195,1e-323
69,0.019636846931133822,0.0026508405676080042,0.001988130425706003,0.014977226548731952,0.24524751594224564,0.045578076840098465,0.0011390560758431688,0.0010745204089821524,5e-324,5e-324,0.0,0.0,0.0,0.2930391692671694,1e-323
70,0.019641400299252335,0.0026508405676080042,0.001988130425706003,0.01497095749515207,0.2452562331439081,0.04557027645232322,0.001141900654515033,0.0010772041503637523,5e-324,5e-324,0.0,0.0,0.0,0.2930456144011101,1e-323
71,0.019636861995781386,0.0026508405676080042,0.001988130425706003,0.01497719340122759,0.24524767149553517,0.0455779476088871,0.0011390550774402102,0.0010745173024043402,5e-324,5e-324,0.0,0.0,0.0,0.2930391914842669,1e-323
72,0.019641396023227724,0.0026508405676080042,0.001988130425706003,0.014970951643526813,0.2452563448163779,0.04557018596126058,0.0011418881245367865,0.001077190278801797,5e-324,5e-324,0.0,0.0,0.0,0.2930456091809771,5e-324
73,0.01963687569763692,0.0026508405676080042,0.001988130425706003,0.01497716327404661,0.24524781190431008,0.045577831115222386,0.00113905412733305,0.0010745144584948048,5e-324,5e-324,0.0,0.0,0.0,0.29303921160536034,5e-324
74,0.019641391917606395,0.0026508405676080042,0.001988130425706003,0.014970946162160327,0.24525645097844703,0.04557009987138843,0.0011418762278163394,0.001077177101351028,5e-324,5e-324,0.0,0.0,0.0,0.2930456041790028,5e-324
75,0.019636888789651766,0.0026508405676080042,0.001988130425706003,0.01497713455388557,0.24524794543694137,0.04557772030655389,0.0011390532820962232,0.0010745118108126707,5e-324,5e-324,0.0,0.0,0.0,0.2930392308364041,5e-324
76,0.019641388095455355,0.0026508405676080042,0.001988130425706003,0.014970941076800635,0.24525654825158688,0.04557002127434231,0.001141865078217185,0.001077164796563848,5e-324,5e-324,0.0,0.0,0.0,0.29304559940071023,5e-324
77,0.019636900790711113,0.0026508405676080042,0.001988130425706003,0.014977108169105904,0.24524806960241094,0.045577617059710196,0.0011390525362798942,0.0010745093740144537,5e-324,5e-324,0.0,0.0,0.0,0.2930392485724155,5e-324
78,0.019641384629160433,0.0026508405676080042,0.001988130425706003,0.014970936599932915,0.24525663584809493,0.045569950349190695,0.0011418551284670903,0.001077153794848248,5e-324,5e-324,0.0,0.0,0.0,0.29304559512060097,5e-324
79,0.01963691161570055,0.0026508405676080042,0.001988130425706003,0.014977084441431587,0.24524818112453897,0.04557752426434726,0.0011390519510260841,0.0010745072687559528,5e-324,5e-324,0.0,0.0,0.0,0.2930392646086683,5e-324
80,0.019641381372807954,0.0026508405676080042,0.001988130425706003,0.014970932387579412,0.24525671846772507,0.04556988340010615,0.0011418457954264247,0.0010771434715973966,5e-324,5e-324,0.0,0.0,0.0,0.293045591134855,5e-324
81,0.019636921780549488,0.0026508405676080042,0.001988130425706003,0.01497706213404216,0.24524828653225625,0.04557743649266245,0.0011390513945508409,0.0010745052715924305,5e-324,5e-324,0.0,0.0,0.0,0.29303927969106197,5e-324
82,0.01964137847641992,0.0026508405676080042,0.001988130425706003,0.014970928854185283,0.24525679062794564,0.045569824765475914,0.0011418377295131193,0.0010771345251652195,5e-324,5e-324,0.0,0.0,0.0,0.29304558764809996,5e-324
83,0.01963693039870477,0.0026508405676080042,0.001988130425706003,0.01497704327594747,0.24524837315345538,0.0455773647588665,0.0011390508080727074,0.001074503517598194,5e-324,5e-324,0.0,0.0,0.0,0.2930392922379928,5e-324
84,0.019641375832442756,0.0026508405676080042,0.001988130425706003,0.014970925425866173,0.24525685603319494,0.04556977212704488,0.0011418300208573468,0.001077126051176152,5e-324,5e-324,0.0,0.0,0.0,0.29304558423227334,5e-324
85,0.019636939137673788,0.0026508405676080042,0.001988130425706003,0.014977024154776636,0.24524846170748768,0.04557729127934864,0.001139050288191962,0.001074501808965051,5e-324,5e-324,0.0,0.0,0.0,0.2930393050839933,5e-324
86,0.01964137315263613,0.0026508405676080042,0.001988130425706003,0.014970922135394575,0.24525692264462554,0.04556971807426484,0.0011418225161387474,0.0010771177423088089,5e-324,5e-324,0.0,0.0,0.0,0.29304558097733796,5e-324
87,0.019636947473054375,0.0026508405676080042,0.001988130425706003,0.014977005909680595,0.2452485462891953,0.04557722109220792,0.001139049776501372,0.001074500153111863,5e-324,5e-324,0.0,0.0,0.0,0.29303931731101646,5e-324
88,0.019641370684669198,0.0026508405676080042,0.001988130425706003,0.014970919149426345,0.2452569826418991,0.045569669573392764,0.0011418155808702328,0.0010771100925011864,5e-324,5e-324,0.0,0.0,0.0,0.29304557788866326,5e-324
89,0.01963695495464235,0.0026508405676080042,0.001988130425706003,0.014976989565077526,0.24524862347161885,0.04557715674107997,0.0011390494624574704,0.0010744987824731092,5e-324,5e-324,0.0,0.0,0.0,0.29303932845762937,5e-324
90,0.01964136824727317,0.0026508405676080042,0.001988130425706003,0.014970916337331556,0.24525704328224213,0.045569619979392864,0.0011418090575072688,0.0010771028277780095,5e-324,5e-324,0.0,0.0,0.0,0.29304557514692026,5e-324
91,0.019636962944178108,0.0026508405676080042,0.001988130425706003,0.014976972072826411,0.24524870620502953,0.04557708777760079,0.0011390491015153628,0.001074497297947112,5e-324,5e-324,0.0,0.0,0.0,0.29303934038209284,5e-324
92,0.01964136566874446,0.0026508405676080042,0.001988130425706003,0.014970913241657237,0.24525710576250223,0.04556956946538239,0.0011418018325118305,0.0010770948603508526,5e-324,5e-324,0.0,0.0,0.0,0.29304557192074726,5e-324
93,0.019636970998345465,0.0026508405676080042,0.001988130425706003,0.014976954487878207,0.24524878826160365,0.045577019531180436,0.0011390487079502242,0.0010744957896621,5e-324,5e-324,0.0,0.0,0.0,0.2930393522903964,5e-324
94,0.019641363251997772,0.0026508405676080042,0.001988130425706003,0.01497091042598266,0.24525716425512267,0.04556952201227013,0.0011417951956679134,0.001077087519475439,5e-324,5e-324,0.0,0.0,0.0,0.29304556898253614,5e-324
95,0.019636978356039125,0.0026508405676080042,0.001988130425706003,0.014976938443530968,0.2452488621729584,0.04557695821138436,0.001139048305077649,0.0010744943911621427,5e-324,5e-324,0.0,0.0,0.0,0.29303936308058254,5e-324
96,0.019641360888081175,0.0026508405676080042,0.001988130425706003,0.014970907665292948,0.24525722150749196,0.045569475572400285,0.0011417886905650955,0.0010770803249080924,5e-324,5e-324,0.0,0.0,0.0,0.2930455660953654,5e-324
97,0.019636985706018805,0.0026508405676080042,0.001988130425706003,0.014976922406342809,0.2452489371027357,0.04557689586313896,0.001139047960847301,0.0010744930265274314,5e-324,5e-324,0.0,0.0,0.0,0.2930393739532494,5e-324
98,0.019641358692539693,0.0026508405676080042,0.001988130425706003,0.014970905127315411,0.24525727394644792,0.04556943313406126,0.0011417826440358876,0.0010770736538527042,5e-324,5e-324,0.0,0.0,0.0,0.29304556337839777,5e-324
99,0.019636992253388167,0.0026508405676080042,0.001988130425706003,0.014976908125072824,0.24524900396972021,0.04557684019193715,0.001139047670580556,0.0010744918238644995,5e-324,5e-324,0.0,0.0,0.0,0.2930393836561025,5e-324
100,0.019641356683053668,0.0026508405676080042,0.001988130425706003,0.014970902870316057,0.245257322575087,0.04556939351336794,0.0011417772509351321,0.0010770676644320037,5e-324,5e-324,0.0,0.0,0.0,0.29304556100382206,5e-324
101,0.01963699803531973,0.0026508405676080042,0.001988130425706003,0.01497689553040937,0.24524906271902444,0.045576791299069885,0.0011390474214631112,0.0010744907744393607,5e-324,5e-324,0.0,0.0,0.0,0.2930393922139968,5e-324
102,0.019641354848730527,0.0026508405676080042,0.001988130425706003,0.014970900860286095,0.24525736583026062,0.045569358396544905,0.0011417723272953836,0.001077062218109039,5e-324,5e-324,0.0,0.0,0.0,0.29304555877220995,5e-324
103,0.01963700354522868,0.0026508405676080042,0.001988130425706003,0.014976883527747516,0.24524911639189514,0.04557674706963339,0.0011390469847466144,0.0010744896093724428,5e-324,5e-324,0.0,0.0,0.0,0.2930394000556476,5e-324
104,0.019641353533537548,0.0026508405676080042,0.001988130425706003,0.014970899190501078,0.24525739599358815,0.045569334555919584,0.001141768366928674,0.001077057914148158,5e-324,5e-324,0.0,0.0,0.0,0.2930455568305846,5e-324
105,0.019637007013662295,0.0026508405676080042,0.001988130425706003,0.014976875996036249,0.24524915091902197,0.04557671841551412,0.0011390468318568353,0.001074488994687906,5e-324,5e-324,0.0,0.0,0.0,0.29303940516108085,5e-324
106,0.01964135244959371,0.0026508405676080042,0.001988130425706003,0.014970897938836044,0.24525742181163496,0.04556931367432234,0.0011417653755462771,0.001077054614770172,5e-324,5e-324,0.0,0.0,0.0,0.2930455554762737,5e-324
107,0.019637010315052383,0.0026508405676080042,0.001988130425706003,0.01497686879382503,0.24524918402171642,0.04557669097303172,0.001139046634031981,0.0010744883488839894,5e-324,5e-324,0.0,0.0,0.0,0.2930394099776641,5e-324
108,0.019641351515545566,0.0026508405676080042,0.001988130425706003,0.014970896912540048,0.24525744381413858,0.04556929582003636,0.0011417628672309738,0.0010770518429350183,5e-324,5e-324,0.0,0.0,0.0,0.29304555434434093,5e-324
109,0.019637013144470764,0.0026508405676080042,0.001988130425706003,0.014976862647248783,0.24524921250539514,0.04557666728220668,0.0011390465217368552,0.0010744878504974835,5e-324,5e-324,0.0,0.0,0.0,0.29303941415983614,5e-324
110,0.019641350488584567,0.0026508405676080042,0.001988130425706003,0.014970895765170139,0.24525746802122644,0.0455692762153031,0.0011417600720237094,0.0010770487563340342,5e-324,5e-324,0.0,0.0,0.0,0.29304555306488733,5e-324
111,0.019637016264382388,0.0026508405676080042,0.001988130425706003,0.0149768558626134,0.24524924375138876,0.0455766413372036,0.0011390463749697095,0.0010744872804119945,5e-324,5e-324,0.0,0.0,0.0,0.29303941874397404,5e-324
112,0.019641349544101017,0.0026508405676080042,0.001988130425706003,0.01497089470784161,0.24525749000097652,0.04556925847637916,0.0011417574835993823,0.0010770459082128016,5e-324,5e-324,0.0,0.0,0.0,0.29304555186916786,5e-324
113,0.01963701908526716,0.0026508405676080042,0.001988130425706003,0.014976849722596105,0.24524927237683786,0.04557661751085869,0.001139046258220622,0.0010744867734543376,5e-324,5e-324,0.0,0.0,0.0,0.2930394229193715,5e-324
114,0.019641348657026467,0.0026508405676080042,0.001988130425706003,0.014970893741513955,0.24525751080476377,0.0455692415979862,0.0011417551055097222,0.001077043280170602,5e-324,5e-324,0.0,0.0,0.0,0.29304555078843025,5e-324
115,0.01963702183084814,0.0026508405676080042,0.001988130425706003,0.014976843742519511,0.2452492998643142,0.045576594710240594,0.001139046109823713,0.0010744862539031697,5e-324,5e-324,0.0,0.0,0.0,0.29303942693828167,5e-324
116,0.019641347771113142,0.0026508405676080042,0.001988130425706003,0.014970892800991127,0.24525753127345384,0.045569225005775246,0.001141752747027349,0.0010770406782768785,5e-324,5e-324,0.0,0.0,0.0,0.2930455497045333,5e-324
117,0.019637024668422227,0.0026508405676080042,0.001988130425706003,0.01497683757713887,0.24524932871975125,0.04557657066131703,0.001139046013615781,0.0010744857651853134,5e-324,5e-324,0.0,0.0,0.0,0.2930394311598694,5e-324
118,0.019641346869270326,0.0026508405676080042,0.001988130425706003,0.014970891757766992,0.24525755260114743,0.04556920779201323,0.0011417502416400732,0.0010770379186983182,5e-324,5e-324,0.0,0.0,0.0,0.293045548553499,5e-324
119,0.019637027204950207,0.0026508405676080042,0.001988130425706003,0.014976832072924436,0.24524935341205809,0.045576550268842296,0.0011390458567020175,0.001074485275984266,5e-324,5e-324,0.0,0.0,0.0,0.2930394348135867,5e-324
120,0.01964134613558439,0.0026508405676080042,0.001988130425706003,0.01497089093481115,0.24525756938948454,0.04556919430708873,0.0011417482038475518,0.0010770356827532416,5e-324,5e-324,0.0,0.0,0.0,0.2930455475831741,5e-324
121,0.019637029439460975,0.0026508405676080042,0.001988130425706003,0.014976827209536213,0.24524937636847816,0.045576531108248615,0.0011390457860308814,0.0010744848916168779,5e-324,5e-324,0.0,0.0,0.0,0.2930394381543745,5e-324
122,0.019641345369758867,0.0026508405676080042,0.001988130425706003,0.014970890146389856,0.24525758721965438,0.045569179772788924,0.0011417462149941832,0.0010770334779288552,5e-324,5e-324,0.0,0.0,0.0,0.29304554668536636,5e-324
123,0.01963703177431831,0.0026508405676080042,0.001988130425706003,0.014976822139808195,0.24524939952941113,0.04557651190222045,0.0011390456730078296,0.001074484466494126,5e-324,5e-324,0.0,0.0,0.0,0.29303944157113354,5e-324
124,0.019641344633237225,0.0026508405676080042,0.001988130425706003,0.014970889292560378,0.24525760461429377,0.04556916574193385,0.0011417441687797166,0.001077031227874086,5e-324,0.0,0.0,0.0,0.0,0.2930455457528814,0.0
125,0.01963703387447418,0.0026508405676080042,0.001988130425706003,0.014976817575961308,0.24524942024664118,0.04557649475439934,0.0011390455556599627,0.0010744840729234367,5e-324,0.0,0.0,0.0,0.0,0.29303944462962395,0.0
126,0.019641344020379283,0.0026508405676080042,0.001988130425706003,0.014970888662160654,0.245257618615396,0.04556915438273227,0.0011417425573155286,0.0010770294480677309,5e-324,0.0,0.0,0.0,0.0,0.29304554500351154,0.0
127,0.019637035784480058,0.0026508405676080042,0.001988130425706003,0.014976813424185415,0.24524943972297678,0.04557647851454731,0.0011390454916201291,0.0010744837417278046,5e-324,0.0,0.0,0.0,0.0,0.293039447470872,0.0
128,0.019641343351419947,0.0026508405676080042,0.001988130425706003,0.014970887965455086,0.24525763416451618,0.04556914173107459,0.0011417408013492778,0.0010770275024723532,5e-324,0.0,0.0,0.0,0.0,0.29304554419941237,0.0
129,0.019637037949258,0.0026508405676080042,0.001988130425706003,0.014976808716068329,0.24524946185564986,0.045576460054759,0.0011390454177732775,0.001074483363693676,5e-324,0.0,0.0,0.0,0.0,0.29303945069187576,0.0
130,0.019641342663689575,0.0026508405676080042,0.001988130425706003,0.01497088719627305,0.24525764997123453,0.04556912901467111,0.001141738904784119,0.0010770254224868306,5e-324,0.0,0.0,0.0,0.0,0.2930455433131766,0.0
131,0.019637039936864824,0.0026508405676080042,0.001988130425706003,0.014976804401709006,0.2452494815658674,0.04557644371011402,0.001139045321921467,0.001074483002799468,5e-324,0.0,0.0,0.0,0.0,0.2930394536007023,0.0
132,0.019641342013208805,0.0026508405676080042,0.001988130425706003,0.014970886537265634,0.2452576650869022,0.04556911667857391,0.0011417372246342653,0.0010770235553254738,5e-324,0.0,0.0,0.0,0.0,0.29304554254543586,0.0
133,0.019637042016357728,0.0026508405676080042,0.001988130425706003,0.014976799881884368,0.2452495028283693,0.04557642596983268,0.0011390452554039922,0.0010744826434248564,5e-324,0.0,0.0,0.0,0.0,0.2930394566970308,0.0
134,0.019641341297301197,0.0026508405676080042,0.001988130425706003,0.014970885793583494,0.24525768165217204,0.04556910321145546,0.0011417353429683088,0.0010770214719952452,5e-324,0.0,0.0,0.0,0.0,0.2930455416785911,0.0
135,0.019637044233286494,0.0026508405676080042,0.001988130425706003,0.014976795066085197,0.2452495252637551,0.04557640728794921,0.0011390451728572777,0.0010744822540690094,5e-324,0.0,0.0,0.0,0.0,0.2930394599786306,0.0
136,0.01964134056444351,0.0026508405676080042,0.001988130425706003,0.01497088502252303,0.24525769855165375,0.04556908950448224,0.0011417333981928132,0.0010770193234678246,5e-324,0.0,0.0,0.0,0.0,0.2930455407777966,0.0
137,0.01963704645721785,0.0026508405676080042,0.001988130425706003,0.014976790237110925,0.24524954761948795,0.04557638869606943,0.0011390450828655926,0.0010744818597337449,5e-324,0.0,0.0,0.0,0.0,0.2930394632581567,0.0
138,0.01964133993467042,0.0026508405676080042,0.001988130425706003,0.01497088429195513,0.2452577129140043,0.04556907802764656,0.0011417316143077084,0.0010770173776140938,5e-324,0.0,0.0,0.0,0.0,0.29304553993357263,0.0
139,0.019637048088284766,0.0026508405676080042,0.001988130425706003,0.014976786704933133,0.24524956292298017,0.04557637615303823,0.0011390449574681587,0.0010744815374715325,5e-324,0.0,0.0,0.0,0.0,0.29303946557095806,0.0
