,temp1,temp2,temp3,temp4
0,40.666753506421635,39.42725800955839,31.65199363138359,27.591846188682773
1,44.8195730726207,38.94469524027536,28.58470707936462,24.463970427291606
2,47.82839023859855,39.39530463868009,29.171646628719785,24.345385537029067
3,44.53383726482034,41.793922574376225,29.093981629649722,24.69186947380041
4,44.39944850572203,38.55634134487487,27.829083510892865,24.524033024858284
5,44.94209981083033,38.95480863351836,28.486614259739667,25.419550251196842
6,45.61937116784973,39.47331308016613,28.356957481349042,25.448385387425954
7,46.145970196171206,40.02747560887935,27.962104900354387,25.98354896166029
8,46.01620458591514,40.22443598841507,28.674396602572347,26.475279018619574
9,42.089233401326275,36.197696164762235,28.9497952356325,26.521356461800472
10,44.88631530052125,40.17505769427535,28.77928099726967,27.08516964134733
11,48.14408082982503,36.833008359263985,29.53357399998897,27.45509123513647
12,41.73870308641717,37.58490636539506,30.05247192378564,27.89591291573327
13,47.81163290011845,38.27237922369834,29.717746921421654,28.367083927414367
14,44.05241521262367,39.24321878705522,30.020905742230976,28.754544453755315
15,43.805741187612824,37.42200819866208,29.644242845982856,29.213228092222778
16,44.523985030390406,38.23347774709153,30.33987400503646,29.666619597744425
17,45.25268286514678,37.26122051080326,30.825020157632164,30.120486516497298
18,45.6265279919869,37.97682425974479,31.26348400221092,30.573935765612283
19,42.07211110420239,38.67335823102811,31.2727984002846,31.026164515043188
20,45.61560659390902,39.00649283886142,31.7775645119619,31.47634460084806
21,42.70156400111379,36.84240535267985,32.21254179695307,31.92364531892968
22,46.13677424862433,39.196251691027996,32.62166501092575,32.36725761166812
23,44.34786038520046,37.63698165323069,33.17912877885142,32.806420717634595
24,44.2554221464069,38.04108834378084,33.45841261402858,33.24044938334976
25,44.47741134528718,38.447494741999265,33.93325750219246,33.66875938556131
26,43.70850605626949,38.70627106358151,34.41754225756314,34.09088906510878
27,42.6486489552448,39.31302279098891,34.902290401291,34.50651488928216
28,45.31280176594705,38.51446132416838,35.38130753805291,34.91545969511001
29,44.26311646269654,38.467326432512664,35.85464523801747,35.317693088471806
30,43.9499931955405,38.41979038621514,36.32139841066688,35.713324255604824
31,43.6341458276387,38.883910265172744,36.78069053869242,36.10258800515384
32,45.24012362582998,38.58805124367571,37.23168129648602,36.485825044759686
33,43.82485411247616,38.70193349965332,37.67359037898216,36.86345730556739
34,43.880857783318206,39.694564508773134,38.1057134493154,37.2359586557379
35,44.12860080451052,38.87632437894756,38.52743589311412,37.60382094936122
36,44.397146442221306,39.90760807951382,38.938243481469556,37.967515867061564
37,44.63100507277702,39.752400097899006,39.337729271807724,38.32745647191506
38,44.77400954317407,40.0085912379868,39.72559642692216,38.68397353798224
39,44.626758443049134,40.38381562227426,40.101656987266864,39.03734891980722
40,43.582453063753846,40.629282384680614,40.46582695987039,39.387993822725704
41,43.91378090367264,40.58431753152351,40.81811834638679,39.736857949841685
42,45.34865383787622,40.78934641096294,41.15862889537753,40.08586079152191
43,43.55563039338181,41.45231970540493,41.48753042222665,40.43770336529191
44,45.03074197604741,41.27559944627493,41.80505650456305,40.794655282918974
45,43.72702059038141,41.82328799263032,42.111490255077044,41.15382495948974
46,45.210082667698984,41.955932804665544,42.407152725873054,41.672497645618
47,44.23129518986683,42.292438503343455,42.69239233621545,42.66652609353275
48,44.212055914580695,42.66320525352089,42.96757556083441,43.18439960213628
49,44.8416266984273,43.01544326674141,43.23307898277183,43.61940047593512
50,44.89868695790601,43.36608361421976,43.48928271145406,44.03655061055199
51,44.845458614179655,43.708453001174306,43.736565091893674,44.43643749949757
52,44.89160375300754,44.0422082943545,43.97529858217266,44.811261754358064
53,44.978903600534885,44.36738002135827,44.20584665709152,45.150316231194964
54,45.04269996017757,44.68399113426026,44.428561583052755,45.45033541168316
55,45.06263257501262,44.99208089453629,44.64378291373562,45.73366714378975
56,45.08806611372034,45.29171156024543,44.851836573284196,45.97582035434996
57,45.23188504038352,45.582969039190814,45.05303440141149,46.16277731207008
58,45.60520944343139,45.86596144725606,45.2476740559269,46.303205654861735
59,46.00763603500054,46.140817017529315,45.436039187337556,46.407700729138476
60,45.91212733756021,46.40768183416716,45.61839980879464,46.483962043238776
61,45.55751213966934,46.666717539375036,45.795012804981745,46.53740648643902
62,45.880406445543926,46.91809907192092,45.96612253428935,46.57249814225555
63,46.3456113183352,47.162012473871705,46.131961484826626,46.59357856019149
64,45.89920350762309,47.398652794851316,46.29275095832778,46.604939126671354
65,46.21974152916883,47.628222117353694,46.44870176131341,46.61035892978633
66,46.38205505223642,47.85092772079363,46.60001488552989,46.61263316695815
67,46.223288158683374,48.066980396295854,46.74688216750638,46.613471743818266
68,46.589837149303186,48.27659291901106,46.88948692016646,46.61374420334128
69,46.47748064434875,48.479978680198855,47.02800452952359,46.61382251761972
70,46.77863019258667,48.67735047747616,47.16260301326973,46.61384256120269
71,46.8814893373605,48.86891945853073,47.2934435400018,46.61384714556493
72,47.13083844301314,49.05489421120317,47.4206809083308,46.61384809150228
73,47.340063162973756,49.23547999109021,47.544463985083084,46.613848267043664
74,47.558769099152656,49.41087807664518,47.664936103599075,46.613848296938464
75,47.771123940800166,49.58128524106376,47.782235423341284,46.613848302037795
76,47.979768377072986,49.74689332996437,47.896495252731214,46.61384830266891
77,48.18447382901909,49.90788893391767,48.007844336561675,46.6138483027241
78,48.38534734331975,50.06445314518009,48.11640711025765,46.61384830274518
79,48.58247205564234,50.216761388471035,48.22230392378045,46.61384830274387
80,48.77593281157933,50.36498331625088,48.325651238158336,46.613848302744756
81,48.965814641484194,50.50928275965636,48.42656179809469,46.61384830275582
82,49.15220255333887,50.64981772699407,48.525144784261435,46.61384830274069
83,49.335181316508894,50.78674044245341,48.621505949427615,46.613848302744564
84,49.51483526730473,50.92019741844931,48.71574774285816,46.613848302750284
85,49.69124813885481,51.05032955573212,48.80796942775588,46.613848302752125
86,49.86450291675725,51.177272266087755,48.898267196518425,46.61384830275629
87,50.03468171930085,51.30115561309493,48.986734288574546,46.6138483027308
88,50.2018656996021,51.42210446699773,49.07346111534173,46.613848302742774
89,50.366134966668795,51.54023867029236,49.158535396468665,46.61384830274236
90,50.52756852264364,51.65567321111696,49.242042311004646,46.613848302740415
91,50.68624421392324,51.76851840197011,49.32406466649427,46.61384830275105
92,50.842238694295304,51.878880061675936,49.404683088438496,46.61384830274639
93,50.995627398618346,51.986859698861025,49.48397623179602,46.61384830274434
94,51.146484525868146,52.09255469550808,49.56202101574714,46.61384830273476
95,51.29488303060695,52.19605848942468,49.638892882620944,46.61384830275918
96,51.44089462210287,52.29746075469583,49.71466608190417,46.613848302743015
97,51.584589770461434,52.39684757939103,49.789413980527,46.61384830274793
98,51.7260377192345,52.49430163997451,49.86320940134641,46.613848302741864
99,51.86530650405699,52.589902372019125,49.93612499270756,46.6138483027305
100,52.00246297693411,52.683726136955876,50.008233632568164,46.613848302749396
101,52.13757283586591,52.77584638470651,50.079608870090226,46.61384830274577
102,52.27070065955747,52.86633381214468,50.15032540467646,46.61384830273986
103,52.40190994701963,52.955256517419265,50.22045959744584,46.61384830275307
104,52.53126316192512,53.04268015024816,50.29009000464558,46.61384830273772
105,52.65882178164325,53.12866805836075,50.359297918482916,46.61384830275102
106,52.78464635093914,53.21328143032703,50.42816790004503,46.61384830273379
107,52.90879654038762,53.29657943507001,50.496788291655356,46.61384830274873
108,53.031331209618756,53.37861935841202,50.5652517013969,46.61384830274641
109,53.15230847557507,53.45945673705799,50.633655459007166,46.61384830276114
110,53.27178578601041,53.53914549047525,50.702102048642324,46.613848302750554
111,53.38981999847584,53.61773805118328,50.770699528907514,46.61384830274171
112,53.50646746500386,53.69528549403001,50.839561953533604,46.61384830274413
113,53.62178412259155,53.77183766509876,50.90880980708951,46.61384830273158
114,53.735825589396676,53.84744331095146,50.97857046920387,46.613848302750114
115,53.84864726629849,53.922150208969285,51.048978718312455,46.613848302753695
116,53.96030444316873,53.996005299563535,51.120177282061064,46.61384830273666
117,54.070852408877386,54.06905482094862,51.19231743624684,46.613848302742774
118,54.180346563769675,54.14134444697384,51.26555964735031,46.61384830275711
119,54.28884253312778,54.212919428183746,51.34007424487011,46.613848302756814
120,54.39639628000352,54.28382473584438,51.416042097963825,46.61384830275085
121,54.503064215785336,54.35410520819661,51.49365525522017,46.613848302745744
122,54.60890330695237,54.42380569775963,51.57311748510931,46.61384830274129
123,54.71397117664152,54.49297121817677,51.65464462582604,46.6138483027557
124,54.81832619990973,54.561647088930265,51.738464614357966,46.61384830274973
125,54.92202759186338,54.629879076265645,51.82481701295776,46.61384830274419
126,55.02513548814235,54.697713528861144,51.91395178401442,46.613848302756736
127,55.12771101755037,54.7651975070944,52.006126979645025,46.61384830274616
128,55.22981636690259,54.83237890517488,52.10160491035903,46.61384830274465
129,55.331514838393204,54.89930656587594,52.200646242706384,46.61384830274888
130,55.43287089997313,54.96603038802893,52.30350136207972,46.61384830273871
131,55.5339502293519,55.03260142734469,52.41039825067031,46.61384830273127
132,55.63481975231195,55.09907199144198,52.5215261186501,46.613848302755095
133,55.73554767604522,55.16549573024631,52.63701416047441,46.613848302746455
134,55.836203518197706,55.231927723053936,52.75690518311737,46.61384830274152
135,55.936858132252695,55.29842456353128,52.8811245733574,46.61384830275277
136,56.03758372979709,55.36504444414019,53.009446211532996,46.61384830274767
137,56.1384539001133,55.431847241252605,53.141458475694066,46.61384830272896
138,56.23954362743183,55.49889460222893,53.276535201967874,46.61384830273487
139,56.34092930606835,55.56625003552638,53.413817908622384,46.61384830275217
