,Rs,Rj,Ra,Sj,Sa,Sb,Sga,Sgb,Cj,Ca,Cb,Cga,Cgb,Clupeid adult,Cod adult
0,0.1325213600146756,0.0023481289663145103,0.0021661693036264355,0.02381092279458919,0.10995295075240265,0.05885520013510301,0.002019194886176062,0.008349881471538645,0.005244330475886323,0.0062688833850847725,0.0036672857789109216,0.00017022280806449388,0.0006301025357421835,0.17917722724522037,0.010736494507802372
1,0.13745269286399076,0.0023077162306900795,0.0021576417368966948,0.02317814373436099,0.10457755371285923,0.05790942465467002,0.001994166578520483,0.008458824396958975,0.00546645752791592,0.00671115037394149,0.0038091143435802577,0.00017441688770607707,0.0006353749334157793,0.1729399693430087,0.011330056538643603
2,0.15882666428655953,0.0023240564017729657,0.0021503554642440864,0.020484200997577445,0.08499753692205227,0.05242975033974587,0.0017581028663992645,0.008347899872010926,0.005231009499325403,0.006753287684816679,0.003798972601842817,0.0001639318556894858,0.0005998943116901553,0.14753329000020832,0.011316086454039137
3,0.13639905637598135,0.0023308985818646655,0.0021672226646945476,0.023907730415071875,0.10148122781967811,0.0598261129563059,0.002025304098039841,0.009133369249628442,0.005347270231312046,0.0067268973964145495,0.0035461378868457613,0.0001809945897994701,0.0006259127744873734,0.17246601412365228,0.011079942647547154
4,0.14616658200519306,0.0022938380713462938,0.0021552019030942173,0.022845156072447435,0.09291343152583292,0.05684814617007976,0.0019021605615488668,0.00886520854900581,0.005371337157411949,0.007174997553552647,0.0035512480190687426,0.00017784231963009902,0.0006144687946710107,0.16052894680646737,0.011518556686922499
5,0.1426220493175082,0.0022358048839479904,0.0021548108395324623,0.023333870332687048,0.09282968351991772,0.05957605952967826,0.001985425380693139,0.009590747919504613,0.005914834933341572,0.007792521133064791,0.0036025180813356915,0.00020093993608922712,0.0006540934364806798,0.16398191634979373,0.012250072586970391
6,0.1452722385774526,0.0021932549860168345,0.0021500908497763525,0.023118307050628603,0.08915817799738315,0.05942244665463291,0.0019624974283848516,0.009774185945025275,0.006160426814702839,0.008233072029739797,0.003584238988904982,0.0002100058025327311,0.0006560299223578296,0.16031730802542618,0.012683346743535336
7,0.13504138526557558,0.002198210431471636,0.0021589362150947894,0.02495676797074761,0.09516785560429278,0.06336076110966819,0.0020738186623499083,0.010391602157833224,0.00624726816540288,0.008263182717886446,0.0033982199004623155,0.0002260625516164328,0.0006475892203481884,0.1709940375341441,0.012535054390313383
8,0.14620663291869246,0.0021139085616723495,0.0021484596955689108,0.023164999508775624,0.08495290382458896,0.06085415501604706,0.0019792922734836464,0.010480697787741694,0.006790684330710932,0.008925588881018232,0.0035011968702293988,0.0002392923822185027,0.0006614039473935459,0.15826704890186136,0.013327482080859678
9,0.133760751012546,0.0020635363210709415,0.002155189276664426,0.025003182687674822,0.0901380992421905,0.06778339061170277,0.002163788074706035,0.011752347797311337,0.007534819570961223,0.00943983296454851,0.0035465198084842268,0.0002753404359416598,0.0006989598785794868,0.17183762572591066,0.013960653087553882
10,0.129124961315908,0.0020414869542829937,0.0021581052350123364,0.02560254520020627,0.09319562810121823,0.0694239579076552,0.002261332474892164,0.012102188260155073,0.007784586895110035,0.009609847787280001,0.003445069725935996,0.00028800162206818654,0.0006873758003956286,0.17698310674392065,0.014030294935679812
11,0.13366463873167425,0.002001204036617456,0.002155256111708485,0.025168832879223033,0.087206027163217,0.06939903082760349,0.0021922602987109073,0.012430321489424379,0.008068166142433083,0.009836462784004602,0.003380758046559619,0.0002937191898714685,0.0006718079978196548,0.17122763977895578,0.014182748018255342
12,0.13976939708342667,0.002006260597974948,0.0021569960377885436,0.02453109277544322,0.08154244501985676,0.06754098417082643,0.002125137652090336,0.012576708876760644,0.00788825468881418,0.009555308560130631,0.003127942384755844,0.0002836493055604542,0.0006185389087193694,0.1637852757195342,0.013585439159166296
13,0.12432211485811502,0.0019952812943799677,0.00216529913432094,0.02688982769084168,0.09096707782908656,0.073979900517308,0.0023292340747159243,0.013381586206610651,0.008318087293777806,0.009734300096858458,0.0030508269765460875,0.00030498254441206814,0.0006184954917437104,0.18065779862772113,0.013708605109560325
14,0.13221745755856068,0.0019580412880749465,0.002162138793401185,0.025979619638529232,0.08374833611139987,0.07174511436612876,0.0022129803999503916,0.01342390870015539,0.008515155093991242,0.009771366664771892,0.002941407969583065,0.0003016637819819579,0.0005903912362813098,0.17113033957763443,0.013604829652618224
15,0.13028792507441647,0.0019178571795104452,0.002163029338325551,0.026070399697827436,0.08277977491275976,0.07421770265748774,0.0022891873652793795,0.01421722222264811,0.008987169045401857,0.010039259706268226,0.002903418818296047,0.00031553730676943566,0.0005868482097631647,0.17350388715817497,0.013845064041096875
16,0.12673241539658478,0.0019024723663200681,0.0021650574009192125,0.026827980025182146,0.08368301247797956,0.07620732677792552,0.0023255142048507144,0.01459854082437916,0.00924936379038473,0.010119026576563104,0.0027945788498323996,0.0003218386319413653,0.0005671002594848417,0.17681439428513493,0.013802544317821713
17,0.1244903990693899,0.0018786320619599889,0.0021659127324297057,0.02718334146757432,0.08328202156971252,0.07830981408057622,0.0023650471494872267,0.015180045253922901,0.00958818848140297,0.010298886307346395,0.0027191973516995874,0.00033105094845290936,0.0005538126658876842,0.17913692805369885,0.013902947273386574
18,0.12701713050701674,0.0018611641871650686,0.002165574109543628,0.02693190779458864,0.08036016870654708,0.0779031273228979,0.0023320740790776636,0.01537485123217932,0.009733628785604086,0.010290201265259147,0.0025958580981079614,0.00032974291989416453,0.0005269243523347871,0.17597022134070198,0.013742726635596062
19,0.11944536288404771,0.001846590880685921,0.002167709371008336,0.028048653021749817,0.08387581540902608,0.08191144727627442,0.0024384109974503075,0.016040093396732624,0.01013113695742823,0.010570101776219143,0.002536386822043791,0.0003449989273742757,0.0005188863879393739,0.18426576707948342,0.013970373913576585
20,0.11924557411915437,0.0018496020031401636,0.0021700410352897843,0.02830584336020517,0.08260268089923728,0.08247687308616493,0.002448271632515367,0.016440897621283757,0.010128203084647904,0.010345567916219238,0.0023673380234819556,0.0003377486139738826,0.0004836435929480977,0.18396872323920135,0.013534298146623174
21,0.12044942353856834,0.001832852762106239,0.0021700448630224663,0.02812867691762447,0.0805127437737755,0.08283949163971073,0.0024378687638309323,0.016818790349814382,0.010313432603730719,0.010374861242506849,0.002268613620486128,0.000338800363947654,0.0004628525981764612,0.18260889452713155,0.013445127825117094
22,0.11756491551844434,0.0018222791342698858,0.002171023031607003,0.02862494658661588,0.08125962760729624,0.08463596179840756,0.002474312452460154,0.017227173488476518,0.010545854131202253,0.010470442585488838,0.002180682945114061,0.0003438904874303896,0.00044555239663225763,0.18559707534664047,0.013440568414665545
23,0.11328498443515574,0.0018047701102969784,0.0021715036733976757,0.02922532316377868,0.08263829374712163,0.08738422516623222,0.0025329335112656832,0.017808189427859316,0.010908393059450499,0.010717489046282025,0.002127505589181177,0.00035509163206618794,0.00043601109912390617,0.19036364185247887,0.013636097366653296
24,0.11536165885804898,0.001777649309601558,0.0021697604542002874,0.02887878818505966,0.08011650539979107,0.0874325757146202,0.002494041846126614,0.01809467477703024,0.011205562741075599,0.010910343823262579,0.002074296252018876,0.0003610124856477833,0.00042423104980286524,0.1881377977375681,0.013769883610732102
25,0.11386157921263008,0.0017839522351312544,0.002172266958190711,0.02924350224599867,0.08031971744657881,0.08823282222439656,0.0025202271795168106,0.01841669784510002,0.011190869984083288,0.010697214146337296,0.001934851662457359,0.000354442256503293,0.00039538036517891534,0.18948946469559222,0.01338188843047686
26,0.11191737282838966,0.001763307743690424,0.002171810962502344,0.029481054688092152,0.08036000838803117,0.08997651855719642,0.0025395256165162824,0.018866112576276836,0.01153353000464016,0.01093274197203334,0.0018883237983922622,0.0003638462339724911,0.0003862068839967605,0.1917421651380207,0.013571118888394853
27,0.10941302363625968,0.0017624639808827038,0.0021736043032102343,0.02991467923170577,0.08109874025790166,0.09144205685187073,0.002576630830713138,0.01926341983271974,0.011641333236264428,0.010869856617176673,0.0017869750237048652,0.0003629682094338216,0.00036555708078870203,0.1943808477732053,0.013385356931104063
28,0.10887421548129839,0.0017541128993262987,0.0021740646995311954,0.030019818847906277,0.08067740550726821,0.09213833402929415,0.0025798446669222774,0.019543532291617358,0.011781213116449035,0.010875202036945105,0.0017057214913877715,0.00036338059357080796,0.00034855181148337497,0.194939116495102,0.01329285593338706
29,0.10709554022730551,0.0017480303203995168,0.00217469296253453,0.030285305729319444,0.08118401315475066,0.0933302010603292,0.002600672386520355,0.019812688902502536,0.01192740936951042,0.010913385969341034,0.0016322263382298405,0.0003653735569798711,0.00033340026348064884,0.19692757550410275,0.013244386128031397
30,0.10493436030514752,0.0017473475529373853,0.0021755412715853593,0.030609688349275764,0.08226974062256055,0.09447999556551295,0.002627532726305776,0.019969219323605198,0.012007955806711006,0.010918730693356202,0.0015568552048915905,0.0003661155545554397,0.0003178179516132759,0.19934648823798448,0.013159519404416509
31,0.10285766622764743,0.0017479864824156521,0.0021764068213459818,0.030916948791441707,0.08342858864117658,0.09553247012495125,0.002653144395265966,0.0200763978623192,0.012065366836639385,0.01090867044135214,0.0014831322002345196,0.00036619389789027153,0.0003025364880742095,0.20169060102371303,0.013060533027551141
32,0.10084232362318749,0.0017486459616408536,0.0021772797644783785,0.031212668359328545,0.08457513178411974,0.09655133511349075,0.0026776819357705794,0.020170701557223544,0.012119937362893794,0.01089107138856833,0.0014119055845679262,0.000365955638790029,0.00028776541991328193,0.20397485039060462,0.012956698031839568
33,0.09887203459329914,0.001749434361074763,0.0021781757664617925,0.031500349223377105,0.0857190837645656,0.09754065323217147,0.0027014471865694635,0.02025314544817585,0.012170829687744137,0.010864588621213716,0.001342893479288061,0.000365362163113915,0.0002734514600236657,0.2062143296314824,0.012846295723639361
34,0.09694656023231267,0.0017503649390541735,0.0021790944497516525,0.03178012370481182,0.08686116465695566,0.09849968612152736,0.0027244492910493893,0.020323646336237445,0.012217853017958089,0.010829296637015389,0.0012760830451971233,0.00036441738470382914,0.00025959420173559625,0.20840894640576985,0.012729391268651935
35,0.09506722593007726,0.0017514339822990018,0.002180033498233932,0.03205178007650453,0.08800069763053324,0.09942757122264838,0.002746667697096818,0.020382212692443336,0.012260993842340188,0.010785503932625366,0.0012114915563103338,0.00036313311756555215,0.0002461990217105524,0.21055714924272176,0.012606327628211806
36,0.09323537741709573,0.0017526376456067528,0.002180990580582271,0.03231511075070037,0.08913687308464861,0.10032347585875717,0.0027680826391542437,0.020428913027339925,0.012300244514113441,0.010733540668207898,0.0011491307334239136,0.0003615220924586961,0.0002332698433576054,0.21265734460989996,0.012477463337448112
37,0.0914521989644789,0.0017539719926085713,0.0021819633827915652,0.0325699409003511,0.0902688500151506,0.10118668149302744,0.0027886777246683174,0.02046388345397169,0.012335608930745968,0.010673761894380912,0.0010890069264656802,0.0003595981124197533,0.00022080921588304295,0.21470809268681806,0.012343176149149388
38,0.08971864237019889,0.0017554328522215983,0.0021829496075666463,0.032816138113305846,0.09139579631041413,0.10201662267598009,0.002808440836221164,0.020487328529530516,0.012367106763943437,0.010606549681643998,0.0010311213252231501,0.0003573761256026943,0.0002088183804948461,0.2167081883521459,0.012203865512964688
39,0.08803540077933203,0.0017570157137676977,0.0021839469750696465,0.03305361506852519,0.09251690691363113,0.10281290415510144,0.0028273644132092235,0.020499518693058588,0.012394775571410933,0.010532312577854077,0.0009754699264834138,0.00035487218732303106,0.00019729728014056987,0.21865669417500036,0.01205995197180109
40,0.08640290733363692,0.0017587156854026223,0.0021849532295263614,0.03328232876949255,0.09363141028567609,0.10357530436436829,0.0028454454101405407,0.02050078568964532,0.012418671176125834,0.01045148279590972,0.000922043346319331,0.0003521033338000924,0.00018624453549248178,0.22055294574983025,0.011911874011521625
41,0.08482134338266195,0.0017605275083269463,0.002185966151266483,0.03350227866244057,0.09473857188587043,0.10430377210933842,0.002862685134558308,0.02049151666493172,0.012438866923729738,0.010364511976673716,0.00087082660328774,0.0003490874031618588,0.00017565741550624374,0.22239654579469884,0.011760083398629557
42,0.08329065046616992,0.0017624456055664697,0.0021869835716772077,0.033713504365875,0.09583769769246815,0.10499841956565752,0.002879089030875076,0.020472147295021354,0.012455452292435174,0.010271866227332945,0.0008217989630024797,0.00034584283083202505,0.00016553182184607834,0.2241873535840221,0.011605039843013528
43,0.08181054473947376,0.001764464148076838,0.0021880033888670445,0.033916083090084335,0.09692813802416406,0.1056595127286418,0.00289466642028588,0.020443154234229263,0.012468531135750839,0.010174020883257,0.0007749338891910485,0.00034238843604365675,0.00015586229636202747,0.225925471407321,0.011447205504853732
44,0.080380533657664,0.0017665771276047066,0.0021890235826200555,0.03411012671245874,0.09800929120933745,0.10628745981393202,0.0029094301969008604,0.020405047157596203,0.012478219717295177,0.010071455273630644,0.0007301991162538924,0.00033874320988989975,0.00014664205437204118,0.22761122837776654,0.011287039654146477
45,0.0789999346903018,0.001768778430403567,0.0021900422278186378,0.034295778523617475,0.09908060669674992,0.10688279802029325,0.002923396484318331,0.020358360672059882,0.012484644639219946,0.009964647681289893,0.0006875568417022182,0.000334926112073868,0.00013786304302527126,0.22924516187342137,0.011124993678091251
46,0.07766789559920949,0.0017710619084065848,0.0021910575058756666,0.03447320971661163,0.10014158739338172,0.10744617910769289,0.002936584261764415,0.02030364635133347,0.012487940740608673,0.009854070637454283,0.000646964027933033,0.0003309558817225168,0.00012951602219092936,0.23082799711417246,0.010961506569300762
47,0.07638341566961764,0.0017734214457446648,0.0021920677139342214,0.03464261572045888,0.10119179116146175,0.10797835427099368,0.0029490149714233136,0.02024146511697035,0.012488249029127303,0.0097401866571105,0.0006083727978499461,0.0003268508663182509,0.00012159066431960783,0.23236062552084907,0.010797000985598304
48,0.07514536726310218,0.0017758510191618376,0.0021930712717390657,0.0348042124843539,0.10223083148980998,0.10848015877573584,0.0029607121189437675,0.0201723801473351,0.012485714698868047,0.00962344448995339,0.0005717309061030923,0.00032262887160620566,0.00011407566919482151,0.23384408253182468,0.01063187993685751
49,0.07395251711124166,0.001778344751372507,0.0021940667261954837,0.034958232810590184,0.10325837739779752,0.10895249677685977,0.002971700878192686,0.02009695045176605,0.012480485276864142,0.009504275932517074,0.0005369822665076455,0.00031830703418653456,0.00010695888928783345,0.2352795255046161,0.010466524122499087
50,0.07280354685529186,0.0017808969568261195,0.002195052753719811,0.03510492281972423,0.10427415265305148,0.10939632667719495,0.0029820077097649244,0.02001572520261238,0.012472708929970265,0.009383093220053384,0.000504067516201042,0.00031390171743697555,0.00010022746148280508,0.23666821224262377,0.010301289915174207
51,0.07169707243865964,0.0017835021796936538,0.0021960281605542652,0.035244538614635904,0.10527793439606214,0.10981264731025803,0.002991660000912771,0.019929238875855092,0.0124625329532609,0.009260286993014274,0.00047292459808575166,0.0003094284304814924,9.386794120094498e-05,0.23801148058308802,0.010136507962782464
52,0.07063166206173746,0.0017861552241954558,0.0021969918812671857,0.0353773431929286,0.1062695512699539,0.11020248515843759,0.0030006857326465245,0.01983800721377015,0.012450102451380195,0.00913622481351988,0.00044348934484204775,0.000304901769159819,8.786643536904882e-05,0.23931072937480818,0.009972482362890795
53,0.06960585250585136,0.001788851177632551,0.0021979429756894047,0.03550360364079982,0.10724888115361539,0.11056688274795878,0.0030091131779196004,0.01974252399191897,0.01243555921580893,0.009011250192315818,0.00041569605004221274,0.0003003353773742946,8.220873119631024e-05,0.24056740107141278,0.009809490350928636
54,0.0686181637198831,0.001791585426664563,0.0021988806245504216,0.035623588626880455,0.10821584859234971,0.11090688829946291,0.0030169706331428753,0.019643258548270866,0.012419040794034813,0.008885682076383234,0.00038947801442449617,0.0002957419267914576,7.68804182936086e-05,0.2417829660732263,0.009647782435892796
55,0.06766711163688326,0.0017943536674993768,0.0021998041240769645,0.03573756620204799,0.10917042201329431,0.11122354665960348,0.0030242861838324156,0.019540654014458123,0.012400679741196052,0.008759814741189071,0.00036476805799214376,0.00029113311264112923,7.18670022487932e-05,0.24295890887118834,0.009487582914071138
56,0.06675121924761394,0.0017971519107292404,0.0022007128798046003,0.035845801901057024,0.11011261080406479,0.11151789149561524,0.003031087504010671,0.019435126177553236,0.012380603040860529,0.008633918028972875,0.00034149899112950575,0.00028651966326190726,6.715400832591949e-05,0.24409671598124388,0.009329090691690207
57,0.0658690260036194,0.0017999764815734335,0.002201606399833311,0.035948557133987466,0.11104246232324971,0.11179093870131372,0.003037401688057649,0.019327062894549798,0.012358931679061746,0.008508237874784011,0.0003196040402561925,0.00028191136106214956,6.272707446168215e-05,0.24519786560717088,0.009172480350564036
58,0.06501909565515346,0.0018028240162779323,0.002202484287733237,0.036046087849825416,0.11196005890124659,0.11204368093876446,0.0030432551130315532,0.019216823979976105,0.012335780354342228,0.00838299706451268,0.00029901722559520907,0.000277317072672042,5.857203317319355e-05,0.2462638189330187,0.009017903395953125
59,0.06420002265066924,0.0018056914553868427,0.0022033462352794553,0.0361386434507153,0.1128655148800138,0.11227708322383079,0.0030486733290221446,0.019104741488789115,0.012311257306136636,0.00825839617324726,0.0002796736903717162,0.00027274478622943497,5.467498236032399e-05,0.24729601292165587,0.008865489632208736
60,0.06341043723634812,0.001808576034548184,0.0022041920151666876,0.03622646593324989,0.1137589737309968,0.11249207945469139,0.003053680974832362,0.018991120320951536,0.012285464244144095,0.008134614637362795,0.00026150998217436467,0.0002682016539470762,5.1022345281807886e-05,0.24829585448147212,0.008715348618766043
61,0.06264900939900088,0.0018114752734429006,0.0022050214738275745,0.036309789232300715,0.11464060528203888,0.11268956977887096,0.003058301716169331,0.018876239080058647,0.012258496362193878,0.008011811919331587,0.00024446428831200465,0.00026369403833320133,4.760092021061674e-05,0.24926471585713783,0.008567571166187409
62,0.061914451792606136,0.0018143869633787991,0.0022058345244528508,0.036388838743012825,0.11551060307657592,0.11287041869507024,0.00306255820353367,0.01876035112533028,0.012230442421313659,0.007890128729952752,0.00022847662780951233,0.00025922756066578474,4.439792043687804e-05,0.2502039311005101,0.008422230838864926
63,0.06120552178484025,0.001817309153990948,0.0022066311402886064,0.03646383099747501,0.1163691818819918,0.11303545378998463,0.0030664720470901853,0.01864368576370448,0.012201384888144375,0.007769688278281053,0.0002134890032435301,0.0002548071505435125,4.140100539432049e-05,0.2511147934827711,0.008279385437462415
64,0.06052102274998854,0.0018202401394418078,0.002207411348265689,0.03653497347394995,0.11721657535853187,0.11318546501635401,0.0030700638059625793,0.018526449536179553,0.012171400116366334,0.007650597524763802,0.000199445515958439,0.0002504370955447992,3.8598303747247276e-05,0.251998553717028,0.008139078440014286
65,0.059859804724560726,0.001823178444444151,0.002208175222998896,0.03660246451825853,0.11805303389568668,0.11332120442590018,0.0030733529895933054,0.01840882755968228,0.012140558560339873,0.007532948417875223,0.0001862924483651679,0.0002461210902162595,3.597842929843558e-05,0.25285641887086246,0.008001340385755085
66,0.05922076453061869,0.0018261228103714782,0.0022089228811790038,0.03666649335879236,0.11887882261930383,0.11344338627893301,0.003076358069030511,0.018290984892376648,0.012108925011652687,0.007416819098795193,0.00017397831704676287,0.00024186228378111685,3.353049057221485e-05,0.253689551859644,0.007866190190195287
67,0.05860284546023874,0.0018290721816692284,0.0022096544763687367,0.03672724019857006,0.11969421956981591,0.11355268746075345,0.003079096496233477,0.018173067896342425,0.012076558850660241,0.007302275062392378,0.00016245390030846448,0.00023766332610532557,3.124409489866081e-05,0.25449907142314526,0.007733636383704829
68,0.05800503660320798,0.001832025692735016,0.0022103701942041607,0.036784876369671614,0.12049951404977342,0.11364974814319609,0.0030815847297153876,0.018055205576890387,0.012043514306381594,0.007189370265950841,0.00015167224364550196,0.00023352641158515985,2.910934778070532e-05,0.25528605249957526,0.007603678268962209
69,0.05742637188931731,0.001834982655397446,0.002211070247995494,0.03683956453722141,0.12129500513721551,0.11373517263749085,0.003083838265060427,0.017937510882432707,0.01200984071925905,0.007078148179752493,0.00014158864638339586,0.0002294533207258651,2.7116848271297435e-05,0.2560515269221995,0.007476306995133051
70,0.05686592890662042,0.0018379425470907611,0.0022117548747156482,0.03689145894181087,0.12208100036028086,0.11380953039191499,0.0030858716690566035,0.017820081952802425,0.011975582802297125,0.006968642775837949,0.0001321606324934166,0.00022544545926839557,2.525768102686648e-05,0.2567964843740549,0.0073515065486266275
71,0.05632282754796215,0.0018409049997954695,0.002212424331360637,0.03694070567082775,0.12285781452769362,0.11387335709436959,0.003087698616372823,0.017703003307269025,0.011940780896972631,0.006860879453063838,0.0001233479083159254,0.00022150389479222394,2.3523405639610993e-05,0.25752187354570505,0.007229254661811598
72,0.05579622852977933,0.001843869789795391,0.002213078891663126,0.03698744295059009,0.12362576870936404,0.11392715584602676,0.0030893319278792533,0.01758634696628905,0.011905471221058506,0.006754875898009119,0.0001151123096490838,0.0002176293907788499,2.1906043787170314e-05,0.2582286034495591,0.007109523642224222
73,0.05528533182017785,0.0018468368282800731,0.002213718843138544,0.03703180145244521,0.12438518936118392,0.11397139837743875,0.003090783609857261,0.017470173503257615,0.01186968610612809,0.006650642882393821,0.0001074177403887022,0.00021382243816447967,2.0398064675850403e-05,0.2589175448517375,0.0069922811256228545
74,0.05478937500665704,0.0018498061528135462,0.0022143444844421913,0.03707390460713335,0.12513640758822167,0.11400652628323912,0.003092064893481841,0.01735453302439952,0.011833454223042394,0.006548184998536555,0.00010023010464430352,0.00021008328444433531,1.8992369194280274e-05,0.2595895317893422,0.006877490756819473
75,0.05430763162842496,0.0018527779196775651,0.0022149561230154187,0.03711386892268693,0.12587975854079167,0.11403295225552573,0.003093186274071574,0.017239466076323217,0.011796800794143532,0.006447501334997233,9.351723401014264e-05,0.0002064119604154936,1.7682273138816172e-05,0.26024536314671215,0.006765112802561685
76,0.05383940949342065,0.0018557523970917835,0.002215554072999151,0.03715180430199298,0.12661558093832767,0.11405106129948836,0.0030941575497014234,0.017125004481872538,0.0117597477912261,0.006348586094999268,8.724881144175773e-05,0.00020280830466275974,1.646148982090553e-05,0.26088580426938995,0.00665510470092469
77,0.053384048996021706,0.0018587299593091889,0.00221613865339355,0.037187814356878714,0.1273442167165851,0.11406121191775505,0.0030949878588580285,0.017011172105719848,0.011722314118627453,0.006251429160518145,8.139629297964557e-05,0.00019927198590358796,1.5324112320115632e-05,0.261511588598918,0.006547421551721494
78,0.052940921447926205,0.0018617110815829152,0.0022167101864434893,0.03722199671620502,0.1280660107944162,0.11406373725235963,0.0030956857168882076,0.016897985551716694,0.011684515780982238,0.006156016605094581,7.593282837251906e-05,0.00019580252331479104,1.4264595604692081e-05,0.26212341931538075,0.006442016552386584
79,0.052509427431457326,0.0018646963360027136,0.002217268996230535,0.037254443325983586,0.12878131095720027,0.11405894617525891,0.0030962590510525767,0.01678545479440883,0.011646366035335197,0.006062331158506496,7.083318148316218e-05,0.00019239930496677113,1.3277738704238206e-05,0.2627219709779206,0.006338841383660666
80,0.05208899518220478,0.0018676863881989972,0.0022178154074533113,0.03728524073997668,0.12949046785497204,0.11404712431990917,0.0030967152340438,0.01667358374732053,0.011607875527400306,0.005970352626430338,6.607365120932917e-05,0.0001890616044908902,1.235866708616697e-05,0.2633078911562456,0.006237846549216724
81,0.05167907900594176,0.00187068199491475,0.0022183497443794015,0.0373144703996081,0.1301938351143621,0.11402853504765215,0.003097061115867707,0.01656237077068517,0.011569052411806268,0.00588005826816198,6.163199351952858e-05,0.00018578859610327489,1.1502815358722426e-05,0.26388180204856715,0.006138981673143507
82,0.05127915773205277,0.0018736840024575635,0.0022188723299532455,0.03734220890232449,0.13089176956469484,0.11400342034368713,0.003097303054023596,0.01645180912130445,0.011529902456181719,0.00579142313536421,5.748734508762503e-05,0.00018257936810438146,1.0705910398282984e-05,0.26444430208371,0.006042195758954499
83,0.050888733204927525,0.0018766933460439008,0.002219383485045832,0.03736852825778966,0.13158463157994504,0.1139720016379659,0.0030974469419395114,0.01634188734704677,0.011490429128902198,0.005704420374664558,5.3620148909423466e-05,0.0001794329349681522,9.963954976974212e-06,0.2649959675068972,0.005947437413519108
84,0.05050732881297066,0.0018797110500597698,0.002219883527833313,0.03739349613149645,0.13227278553980448,0.11393448054677256,0.003097498235640379,0.016232589628307172,0.011450633670259907,0.005619021496763974,5.001208219762594e-05,0.00017634824812836505,9.273211948051961e-06,0.2655373539505246,0.005854655039038017
85,0.05013448805317155,0.001882738229274585,0.002220372773292988,0.037417176075539293,0.13295660041488247,0.11389103953092096,0.0030974619786448055,0.016123896068493147,0.011410515146718682,0.005535196614534566,4.664598677721676e-05,0.00017332420556286744,8.630189030709694e-06,0.26606899799294137,0.005763796995905359
86,0.04976977312975928,0.0018857760910478648,0.002220851532806423,0.03743962774640133,0.13363645048306688,0.11384184246618231,0.003097342825081688,0.016015782935163016,0.011370070487774364,0.005452914652382034,4.3505802140017316e-05,0.00017035966026876916,8.031624222590731e-06,0.2665914187094939,0.005674811739013411
87,0.049412763581929975,0.0018888259385979713,0.0022213201138607257,0.03746090710970699,0.13431271618644333,0.11378703512144384,0.0030971450610426266,0.015908222853161492,0.011329294504773737,0.005372143528949052,4.057650126391e-05,0.00016745342771424775,7.4744718571191005e-06,0.2671051192220913,0.005587647929784328
88,0.04906305493583996,0.0018918891754107696,0.0022217788198403195,0.03748106663193931,0.13498578514086906,0.11372674553932824,0.0030968726241785744,0.015801184950562812,0.01128817989082218,0.0052928503150157305,3.784402925743317e-05,0.00016460429234452196,6.955889313444985e-06,0.26761058825493866,0.005502254525931131
89,0.048720257376147345,0.0018949673108835088,0.002222227949902759,0.03750015545913703,0.13565605331333097,0.11366108431295731,0.0030965291215354,0.01569463495764145,0.011246717200649934,0.005215001368226933,3.5295244853257854e-05,0.00016181101321132804,6.473224379135888e-06,0.2681083017054651,0.005418580850670654
90,0.048383994429200904,0.0018980619673284777,0.002222667798933373,0.037518219582566625,0.13632392638505392,0.11359014475184265,0.0030961178456391414,0.015588535258773377,0.011204894809073352,0.005138562446060075,3.291786474357554e-05,0.0001590723287874275,6.024003259527313e-06,0.2685987242413091,0.005336576642850605
91,0.04805390165262126,0.0019011748884608624,0.0022230986575744968,0.037535301991215964,0.13698982131934884,0.11351400292880057,0.0030956417888039476,0.015482844896845836,0.011162698846573019,0.005063498798226094,3.070041072533718e-05,0.00015638696101955672,5.605919222593283e-06,0.2690823109337992,0.005256192089193581
92,0.04772962532558738,0.0019043079494840858,0.002223520812325574,0.037551442810689756,0.13765416815008355,0.11343271760041455,0.0030951036556481743,0.015377519530510099,0.011120113110782806,0.004989775239547054,2.8632159603397145e-05,0.0001537536186672391,5.216821864246122e-06,0.26955950893665637,0.005177377839681937
93,0.04741082114348474,0.0019074631688232836,0.00222393454571027,0.03756667942760101,0.1383174119970296,0.11334632999463606,0.0030945058737199232,0.015272511345796057,0.011077118953458233,0.004917356204265805,2.6703095783694593e-05,0.00015117099997033343,4.85470697586754e-06,0.2700307592111817,0.005100085006995702
94,0.047097152923615236,0.0019106427214666977,0.00222434013650564,0.0375810465980409,0.13898001529845308,0.11325486346361119,0.003093850602164018,0.015167768926486972,0.011033695143860432,0.004846205782818699,2.4903866477062662e-05,0.00014863779468865765,4.517706993674931e-06,0.27049649829071526,0.005024265150978094
95,0.0467882913351115,0.0019138489537589526,0.0022247378600267396,0.03759457653825917,0.13964246023208318,0.11315832300522609,0.003093139738370083,0.015063237090788266,0.010989817711153538,0.004776287742292114,2.32257394260326e-05,0.00014615268556102216,4.204082008023967e-06,0.27095716006646764,0.004949870249287193
96,0.04648391267757641,0.0019170843993824922,0.002225127988458274,0.03760729899547295,0.14030525127783083,0.11305669466145787,0.0030923749224838343,0.014958856704138795,0.010945459769942802,0.004707565532032634,2.1660563061473812e-05,0.00014371434923708806,3.91221130981331e-06,0.2714131775659113,0.0048768526556410095
97,0.04618369773369539,0.0019203517961808537,0.0022255107912234388,0.03761924129686684,0.1409689178641165,0.11294994480677174,0.003091557539752496,0.014854564479997683,0.010900591334126708,0.004640002276143084,2.020072899265623e-05,0.0001413214567425724,3.640585450700289e-06,0.2718649846906384,0.004805165047329013
98,0.04588733071878161,0.0019236541034762704,0.002225886535379621,0.03763042837529006,0.14163401703700992,0.11283801934209284,0.0030906887207066062,0.014750292780493503,0.010855179124486797,0.004573560754750145,1.883913673220829e-05,0.0001389726735426052,3.3877987936300512e-06,0.2723130178803029,0.004734760363818589
99,0.04559449834726598,0.0019269945195696597,0.0022262554860311644,0.03764088277083454,0.14230113609873993,0.11272084280946594,0.003089769339234754,0.01464596942749124,0.010809186374898489,0.004508203375954268,1.7569160556279427e-05,0.00013666665926880128,3.1525425301774015e-06,0.2727577176749319,0.0046655917383095265
100,0.045304889027297165,0.001930376499207716,0.002226617906750966,0.03765062460817655,0.1429708951762888,0.1125983174400353,0.0030888000086441002,0.014541517532066527,0.010762572640816861,0.004443892140213966,1.6384618399373383e-05,0.00013440206717094062,2.9335981412707466e-06,0.2731995301570347,0.004597612423925551
101,0.04501819218712808,0.0019338037709204132,0.0022269740600049785,0.037659671550201446,0.14364394970050698,0.11247032214317004,0.003087781075832854,0.01443685534719992,0.010715293612057718,0.004380588598627026,1.5279742683121633e-05,0.00013217754334560362,2.7298312780649355e-06,0.2736389082667098,0.0045307757159338165
102,0.0447340977279728,0.001937280354266908,0.002227324207576395,0.03766803872885074,0.1443209927968486,0.11233671143884183,0.0030867126137079878,0.014331896145164048,0.010667300930095698,0.004318253806167451,1.4249152978511806e-05,0.00012999172578192928,2.5401860400098015e-06,0.2740763129945624,0.004465034870967902
103,0.04445229559236261,0.0019408105771536145,0.0022276686109890414,0.037675738654315366,0.14500275760852924,0.11219731432895798,0.003085594411951436,0.014226548117956263,0.010618542008376218,0.004256848270482463,1.3287830402041775e-05,0.00012784324325082485,2.363679627571125e-06,0.2745122144673949,0.0044003430237629015
104,0.044172475430732674,0.001944399093504178,0.002228007531932099,0.03768278110362999,0.1456900195901391,0.11205193309721928,0.003084425966229366,0.014120714296729422,0.010568959852641209,0.004196331896394293,1.2391093648007145e-05,0.0001257307140498777,2.199397347612363e-06,0.27494709295031716,0.004336653101439791
105,0.043894326346873645,0.0019480509016516568,0.0022283412326904173,0.03768917298943482,0.1463835988229766,0.11190034202127519,0.003083206465880568,0.014014292484311632,0.010518492877067723,0.004136663925820042,1.1554576561574898e-05,0.00012365274460287464,2.0464879501231903e-06,0.27538143979444396,0.0042739177349346135
106,0.043617536703158,0.0019517713638910795,0.0022286699765864007,0.03769491820921876,0.14708436241294898,0.11174228597576161,0.0030819347800515556,0.013907175193726707,0.010467074711132304,0.004077802872447825,1.077420716044613e-05,0.00012160792790120218,1.9041592757840614e-06,0.27581575836248884,0.004212089166785257
107,0.0433417939627221,0.0019555662276935608,0.002228994028440743,0.03770001747477334,0.14779322703843825,0.11157747890086861,0.0030806094422459016,0.013799249585373275,0.010414633991507539,0.004019706450195738,1.0046188016620705e-05,0.00011959484176476009,1.7716741947569695e-06,0.27625056496692607,0.004151119154171876
108,0.04306678455099849,0.001959441649121175,0.002229313655060112,0.03770446812094213,0.14851116171927461,0.1114056021066818,0.0030792286331367564,0.01369039739523032,0.010361094132905202,0.003962331494234464,9.366977913877424e-06,0.00011761204689241302,1.648346818058594e-06,0.27668638985432353,0.004090958865858813
109,0.04279219372160513,0.0019634042190059767,0.002229629125760376,0.037708263892058426,0.14923919088003534,0.11122630238017234,0.0030777901614550667,0.01358049484690416,0.010306373071561969,0.0039056338731656213,8.733274700935192e-06,0.00011565808466634622,1.5335389638769366e-06,0.27712377826856693,0.004031558771496779
110,0.042517705412141234,0.001967460992495409,0.002229940712934224,0.037711394703753655,0.14997839778158123,0.11103918985873744,0.003076291442720751,0.01346941254101259,0.01025038297493922,0.003849568390813377,8.141999264713161e-06,0.00011373147467067474,1.4266568622077086e-06,0.277563291624052,0.003972868521610972
111,0.04224300207970703,0.0019716195225908165,0.002230248692672091,0.0377138463770992,0.15072992839499363,0.11084383563090176,0.0030747294755235303,0.013357015316174926,0.010193029911151685,0.003794088675988677,7.590280552548014e-06,0.00011183071188196554,1.3271480821905696e-06,0.27800550881759384,0.003914836816505381
112,0.041967764508902924,0.0019758878983389735,0.002230553345445184,0.037715600341316116,0.15149499579195322,0.11063976902161865,0.003073100815012268,0.013243162076846778,0.010134213471614478,0.0037391470585190763,7.075441576560946e-06,0.00010995426348769177,1.2344986675002292e-06,0.27845102770543095,0.003857411262250829
113,0.04169167158821996,0.0019802747883715228,0.002230854956859222,0.03771663330054787,0.15227488512515866,0.11042647451645524,0.0030714015432041306,0.013127705584354136,0.010073826340396516,0.003684694429796576,6.594986337534616e-06,0.00010810056528786133,1.1482304660818317e-06,0.2789004667691722,0.0038005382118880544
114,0.04141440005431288,0.0019847894905313654,0.00223115381848723,0.037716916859427796,0.15307095927225925,0.1102033882753406,0.0030696272356784504,0.013010492208674614,0.010011753803767237,0.0036306800860695706,6.146587609624307e-06,0.00010626801763480926,1.0678986414073638e-06,0.27935446699195293,0.0037441625899554114
115,0.04113562420722082,0.0019894419883736162,0.002231450228789411,0.03771641710138504,0.1538846652163609,0.1099698941829702,0.0030677729241731034,0.012891361639870662,0.009947873193433904,0.003577051552694793,5.7280755309650986e-06,0.00010445498086641419,9.930893532657315e-07,0.27981369396337485,0.0036882276984454374
116,0.040855015602993615,0.0019942430153936414,0.0022317444941277868,0.03771509411279952,0.15471754123633982,0.10972531937879568,0.00306583305455974,0.012770146559526047,0.009882053256958059,0.003523754387558375,5.337426948740939e-06,0.00010265977018843399,9.234175968829433e-07,0.28027884022922134,0.003632675002292433
117,0.04057224273519527,0.001999204127902258,0.0022320369298829555,0.03771290144523771,0.15557122498077874,0.10946892920484741,0.003063801439628989,0.012646672274070663,0.00981415344880542,0.003470731961871539,4.972755470553223e-06,0.00010088064996221205,8.585251899009034e-07,0.2807506278993258,0.003577443892494205
118,0.04028697071590277,0.0020043377875785407,0.002232327861680054,0.037709785507060285,0.15644746250049552,0.10919992150498273,0.0030616712061205405,0.012520756313735839,0.009744023135399266,0.0034179252165423054,4.6323021769777555e-06,9.911582735457324e-05,7.980788974264053e-07,0.28122981152533466,0.003522471424971283
119,0.039998860975856754,0.002009657454830572,0.0022326176267306857,0.03770568487469649,0.1573481183170146,0.10891742020248514,0.0030594347353366685,0.01239220800234508,0.009671500707383485,0.0033652723923138193,4.3144269530410154e-06,9.736344530715776e-05,7.417686859983015e-07,0.2817171812571815,0.003467692033260017
120,0.03970757100495999,0.0020151776942437735,0.002232906575297349,0.037700529512794886,0.15827518660797407,0.10862046807612866,0.0030570835966801874,0.012260828005111931,0.009596412592055069,0.003312708731850116,4.017600399000318e-06,9.562157478290646e-05,6.893060979149295e-07,0.28221356628589483,0.0034130372131299376
121,0.03941275415705691,0.002020914293576186,0.0022331950722865807,0.03769423989131579,0.1592308035947146,0.10830801864709054,0.0030546084734285727,0.012126407863626976,0.009518572158606617,0.003260166151955183,3.7403962833045113e-06,9.388820624833984e-05,6.404227379206088e-07,0.2827198385788607,0.0033584351772247482
122,0.03911405954784656,0.0020268843979657255,0.0022334834989765347,0.03768672598639114,0.1602172612225701,0.10797892707988874,0.0030519990800322006,0.011988729529417418,0.009437778508473986,0.0032075728841465152,3.481484502961705e-06,9.216124035211354e-05,5.94868864773296e-07,0.2832369169119085,0.003303810477866363
123,0.03881113207853543,0.002033106661256438,0.002233772254883759,0.037677886150504915,0.1612370222283124,0.1076319399913731,0.0030492440702223162,0.011847564910242605,0.00935381514283918,0.003154853081926286,3.239624518790469e-06,9.043847776462829e-05,5.524120807128134e-07,0.2837657712001504,0.003249083596290418
124,0.03850361262412402,0.0020396014166190017,0.0022340617597721873,0.03766760583627313,0.1622927366903107,0.1072656840525849,0.003046330935213074,0.011702675446750441,0.009266448499380369,0.0031019263933617165,3.0136592352099973e-06,8.871760815190882e-05,5.128361123257832e-07,0.2843074271248591,0.003194170496861161
125,0.038191138431931705,0.0020463908689202725,0.0022343524558042843,0.03765575615692616,0.16338726015165686,0.10687865326114059,0.0030432458913383816,0.011553811741896552,0.009175426350983583,0.0030487074981015976,2.8025092963735433e-06,8.699619827229884e-05,4.759396767666924e-07,0.28486297104603236,0.003138982145347037
126,0.03787334378800816,0.0020534993115687516,0.002234644809829157,0.03764219226570215,0.16452367339019908,0.10646919475796804,0.0030399737565279493,0.01140071327186235,0.009080476060755701,0.002995105608857216,2.6051677726088943e-06,8.527167921055038e-05,4.4153542775145566e-07,0.2854335551765574,0.0030834239912681262
127,0.037549861020054885,0.002060953370803742,0.0022349393157943378,0.0376267515360036,0.16570530387566018,0.10603549306607032,0.003036497815254535,0.011243108216284896,0.008981302690887639,0.00294102393885209,2.4206952133460535e-06,8.354133280575033e-05,4.0944897619850704e-07,0.2860204029732699,0.0030273954158473847
128,0.037220321923240235,0.002068782280552799,0.002235236497255509,0.03760925152482666,0.16693574889297957,0.10557555264451979,0.0030327996718618844,0.011080713457746314,0.008877586968518833,0.002886359139062701,2.248215045041243e-06,8.180227739444903e-05,3.795179808621383e-07,0.28662481466710754,0.0029707891494830533
129,0.03688435972493786,0.0020770181909574997,0.0022355369099399166,0.037589487704233905,0.168218900212213,0.1050871786835918,0.0030288590926312487,0.010913234816710467,0.008768983120805585,0.002831000712565452,2.0869092950965717e-06,8.005145308728087e-05,3.515913047917087e-07,0.2872481728051466,0.002913490666252621
130,0.036541611731040154,0.0020856965134193983,0.0022358411442925013,0.03756723095053388,0.16955897003013096,0.1045679561291744,0.0030246538377251622,0.01074036761024047,0.008655116605389547,0.0027748304184632036,1.936014625510358e-06,7.828560693947981e-05,3.255282339725024e-07,0.287891947607271,0.002855377568262166
131,0.03619172283755734,0.0020948563043340905,0.0022361498278956346,0.03754222478970276,0.17096051767582063,0.10401522702736819,0.0030201594852556236,0.010561797651685696,0.008535581783353022,0.002717721685299045,1.794818663046363e-06,7.650127857926002e-05,3.011977550710655e-07,0.28855770184013013,0.0027963189802964225
132,0.035834350140193996,0.0021045406883719716,0.0022364636276000363,0.03751418241245787,0.17242847623132612,0.1034260664434018,0.0030153492513538397,0.010377202845999738,0.00840993961216682,0.002659539064402655,1.6626566161795027e-06,7.469478714505438e-05,2.7847788983583195e-07,0.2892470947720815,0.002736174986053725
133,0.035469168934718895,0.002114797319905028,0.002236783251130924,0.03748278349606484,0.1739681777287168,0.10279725745828867,0.003010193812441042,0.010186255583123563,0.008277715479543035,0.0026001377683115235,1.5389081730625302e-06,7.28622207809918e-05,2.572550844090561e-07,0.2899618845825701,0.0026747961523499873
134,0.035095880472838736,0.00212567887752085,0.0022371094478336726,0.03744767090627766,0.17558537489480888,0.10212526611736415,0.0030046611391340715,0.009988626191560407,0.008138397359932237,0.002539363359582707,1.422994679357239e-06,7.09994304843418e-05,2.37423652603484e-07,0.2907039283428675,0.0026120232083990096
135,0.03471422191413652,0.002137243580910222,0.002237443008090181,0.03740844740694843,0.1772862564591266,0.10140621774422395,0.0029987163557459386,0.009783987787412234,0.007991434559150993,0.002477051682532556,1.3143766000500473e-06,6.91020308298805e-05,2.1888527309689022e-07,0.2914751783465087,0.002547686975235584
136,0.03432397899815768,0.0021495557109205985,0.0022377847607631604,0.03736467258347265,0.17907745174171316,0.1006358767999159,0.002992321645328509,0.009572022940109313,0.007836237425736137,0.0024130291664365127,1.2125512753023215e-06,6.716541105845867e-05,2.0154854149507162e-07,0.2922776731270669,0.0024816086773117685
137,0.033925002045061145,0.0021626861011399393,0.0022381355678039666,0.03731586029758704,0.18096601851020716,0.09980963353227752,0.0029854362280125803,0.009352432672335593,0.007672178556990741,0.0023471136751341617,1.1170509867844403e-06,6.518476125144391e-05,1.8532857927808794e-07,0.2931135209428329,0.002413600815951668
138,0.033517225943982064,0.002176712551744407,0.0022384963148873466,0.03726147714441453,0.18295940586003123,0.09892250210533603,0.002978016450449182,0.009124948411747179,0.007498596219497489,0.0022791161358847777,1.0274413573253425e-06,6.315511984311864e-05,1.701467026962651e-07,0.29398487282756364,0.0023434688437879176
139,0.03310069479427264,0.0021917200919247975,0.0022388678966180483,0.037200942587133315,0.1850653810799836,0.0979691367969012,0.0029700160363613907,0.008889347600830218,0.007314800941124872,0.002208843249254302,9.433201120889198e-07,6.107145053059319e-05,1.559301555609824e-07,0.2948938815140764,0.002271013950052545
