,Rs,Rj,Ra,Sj,Sa,Sb,Sga,Sgb,Cj,Ca,Cb,Cga,Cgb,Clupeid adult,Cod adult
0,0.13530921939249457,0.0025059199989425694,0.002175473942073396,0.025180139661723562,0.11689717028384528,0.05374438062944653,0.0018655109906153342,0.006691563829256328,0.003992385755579209,0.0052393375913423875,0.0029131124568879813,0.00012040092845515111,0.00041244131659703374,0.17919862573316347,0.008685292293282553
1,0.14025320193295762,0.002383287995115079,0.0021662899154691775,0.024183123955061073,0.10657920174495394,0.056352098496859744,0.0019288595831873682,0.0076737651805066495,0.005143947537281919,0.006533965215215972,0.0034492045472279756,0.00015715587936575176,0.0005145896248617628,0.1725339250055077,0.010654915266671462
2,0.13679315674868858,0.002473083209265437,0.002175673420810257,0.0249871001914096,0.11223333166840938,0.05499255274185812,0.001948740746367821,0.007327112389681046,0.004242132531757224,0.0056555945151208565,0.0029411756955566096,0.00013064756981002193,0.00042590466997066934,0.17650173754631635,0.009153322450458157
3,0.1573528012643249,0.002449277010440666,0.0021629778350786342,0.021902964735854426,0.09200579983833941,0.050830048733472535,0.0017891413925862215,0.007345699076810077,0.004286787766327781,0.006075482604442289,0.0030691997572080466,0.00012805272262311006,0.00041381534488018257,0.15197068904120825,0.00968655042915363
4,0.1550481048273269,0.002403177379631978,0.002159841657053808,0.02267654793018415,0.09194463642864621,0.052292183550013104,0.0017633935073844485,0.007490152859437777,0.004579499728514328,0.006563169986169251,0.0030641910477956407,0.00013657889095343266,0.0004338270464743461,0.15349036634548152,0.01019776697139267
5,0.13560719466865234,0.002385119512388133,0.0021721121366651782,0.025518425164822965,0.10719304999780524,0.05850415231691064,0.002044805896198252,0.008155906117812283,0.00492286655061907,0.006840840429489037,0.002931211475879226,0.00016134823795530427,0.00046640772172845793,0.17589791432872642,0.010399807865052025
6,0.13850148952698285,0.0022295840012389267,0.0021568626699655044,0.02487278547837242,0.10134327725760231,0.059800910353727955,0.0020634832885190564,0.008770119330171968,0.006229127706978574,0.008361260971155825,0.0033370086821986476,0.00019717120482914307,0.0005422007491377529,0.1719777902300213,0.012437641607321368
7,0.1370991062750333,0.002299490125040127,0.0021653516346930653,0.025558713201848396,0.10202411107969099,0.060036445247471676,0.00205736623753382,0.008697776900958219,0.005530232270361157,0.007775956143302174,0.0029008437340101645,0.00018320805554274008,0.00047642492410557025,0.17281569946565473,0.01133643285696065
8,0.14063590008957383,0.002217089543794214,0.0021608348746270226,0.025261716476222034,0.09495736218411541,0.061285433459650075,0.0020116046736914153,0.009406696382671149,0.006292235577814604,0.00851883375082952,0.0030097555405754323,0.00020768048172837541,0.000505203872953799,0.16766109670012805,0.012241473646087126
9,0.13668985478185322,0.0021821572319831234,0.0021627790246270336,0.025799815627011346,0.09593845857643002,0.06401618648359045,0.002116676536718675,0.009936995207968476,0.006637577853244329,0.008812771245378137,0.0029452451386437293,0.00022298405078638263,0.0005044489099232806,0.1720083168047076,0.012485449344731529
10,0.1325029178081687,0.00216062533379522,0.0021652101133045553,0.0265384835370302,0.09864985742347059,0.06545108407741605,0.0021617369454343684,0.01015666464747166,0.006868991815545641,0.008977097067374257,0.0028381327910914386,0.00023364803057134744,0.0004928856580646824,0.17641934309379265,0.012541763547101728
11,0.1292096031085329,0.0021306032061290687,0.002167007120342633,0.027113775457553838,0.09926528850295954,0.06766863672966993,0.0022244817638902314,0.010606986976759736,0.007204483163545197,0.009205208492314768,0.002763620929670435,0.00024585671776851034,0.00048577335330898856,0.17976539397327942,0.0127004594930627
12,0.13287650182467395,0.002083501500041245,0.0021647376855187684,0.026670405631295354,0.09463269943961186,0.06744434282168711,0.002171117681661282,0.010854535754592675,0.007571332545474032,0.009433175407910844,0.002699506332812045,0.0002521338331504745,0.0004737034741335195,0.17510269569755293,0.012858519048006884
13,0.1257719129952741,0.0021015134837304482,0.0021721006161837006,0.028049550380220212,0.0981876298233452,0.07065692862108645,0.0022756813572033883,0.011384310183128816,0.007530594697233504,0.009187172603628186,0.0024817766509215348,0.0002530416950371464,0.0004412843324942962,0.18250454998476387,0.012363275282081164
14,0.12935145412349178,0.0020166356317381138,0.002167324616497071,0.027375719396275755,0.09282686794850056,0.07136638403370098,0.0022289971348458133,0.01186266175205457,0.008368633230891343,0.009832786879141308,0.0025548896262913828,0.00027278908532649354,0.0004550952384790787,0.17828491086910192,0.013115560829238261
15,0.11782875264223444,0.0020427362531100757,0.0021750264134472496,0.029311155953039833,0.1017686731743853,0.07492264936716242,0.002383695634048896,0.012018349389351576,0.008281513272924966,0.009593576978756704,0.0023439830338992137,0.00027369384157931815,0.00042249173450963073,0.1910933675649482,0.012633745588744865
16,0.12320886685336914,0.0020322048978876,0.002176761982114618,0.02872587644745244,0.09547595127519452,0.07412264020255044,0.0023227180907240794,0.01235951942186391,0.008309520591592819,0.009306822166466076,0.002152560253078096,0.00026454679545479947,0.0003864749147584451,0.18428082899033293,0.012110404129757418
17,0.1265238241908052,0.0019982775908445167,0.0021762282738086833,0.02824746887226487,0.09096597516330508,0.07424945676701493,0.0022987642270785517,0.012730361489145747,0.008601580075564346,0.00934405941038432,0.00205541833677414,0.0002650982082986072,0.00036796015545156104,0.18024455764654432,0.01203253611090863
18,0.12309809373502596,0.001980329988865826,0.0021780995941151574,0.028872657819279317,0.09220518298910786,0.07616208899408064,0.0023398145148352503,0.013062923892054686,0.008891578851512141,0.009413070277092121,0.001959986529988772,0.0002703325164922645,0.0003523010943367638,0.18377001039007843,0.011995690417909922
19,0.11568528298539286,0.0019577195446709274,0.002179832778348815,0.029981677427216583,0.09542992667675672,0.08038353982643594,0.0024549213310106717,0.013782341476080326,0.009364107401230112,0.009738399932059097,0.0019245710704211237,0.00028571436913680425,0.0003491194107515594,0.19205072931028364,0.012297804782368584
20,0.1200253085475467,0.0018973176338476314,0.002175534640875782,0.029218623915069214,0.09031670797121628,0.08029693388798627,0.002386439509117502,0.014106305357232243,0.009984993303365578,0.010197305187175345,0.001927252239753538,0.0002980965949794194,0.00034842305230725287,0.1871063867255523,0.012771077074215556
21,0.12144125777841581,0.0019101887286075993,0.0021792078988953772,0.029279294010567107,0.08834559707326001,0.07991585800599316,0.00237157980852705,0.014259085156169872,0.009806305276426203,0.009672618938815804,0.0017160759520796892,0.000281605496961903,0.0003090226704205814,0.1848921200439501,0.011979323058277976
22,0.11784142996158053,0.0018753458312995666,0.0021778807199869027,0.02973774671139435,0.08911151226196143,0.08269332422414283,0.002419220569807958,0.014784397436257864,0.010358074689853055,0.010161339470713784,0.001714702447795522,0.00029904301802292807,0.00031004957259709887,0.18900845449217005,0.012485134509129333
23,0.11496234757118172,0.0018829043980116576,0.0021812884862129267,0.030294087512048092,0.08987334969659239,0.08441158946330093,0.002471976489559147,0.015218201023361555,0.01037836557642078,0.009930151022529261,0.0015758343621684683,0.0002939721089886519,0.0002853555111006462,0.19197511667281403,0.012085313004787029
24,0.11652575505022529,0.0018659437172005326,0.002181291895932123,0.030107414170552457,0.0877193795532429,0.08444236905366602,0.0024462588015545335,0.015428779678252298,0.01055858619533479,0.00987860281058312,0.001482266198662325,0.00029153555767846655,0.00026757406032795,0.19003678708671576,0.011919978627251861
25,0.11566265159702838,0.0018506394925267972,0.002181725835339244,0.03026982447915481,0.08691821998819813,0.08568482755193002,0.002456427000442232,0.015825713221647792,0.010808332906399444,0.009926243465083844,0.0014099266506830052,0.00029363978739871334,0.000254488027835124,0.1908851877622182,0.011884297931000687
26,0.11404936312128143,0.001839667427396432,0.0021825163221253544,0.030531387634354156,0.08693965606549506,0.08704719152649924,0.0024787384860231287,0.01617111904626236,0.011019126218279088,0.009947850522795093,0.0013342311141071967,0.0002951106604917662,0.00024082396955658246,0.1926367051242798,0.01181801626695064
27,0.11269828387361806,0.0018285997086978766,0.002183263378422205,0.030754255135343498,0.08678693015308661,0.08830186461077506,0.0024961398112073505,0.01651167323561776,0.011227089206040635,0.009954851137538535,0.0012608435315088612,0.00029594344060472296,0.00022750196485794914,0.19409660781068677,0.011739140074510069
28,0.11228253064798016,0.001817294127960626,0.00218391663722328,0.030842506669709596,0.08608646712511993,0.08910685249327853,0.002498598327102635,0.016800411062686326,0.011409496265409031,0.009914504622641854,0.001185564388053281,0.0002947966019130077,0.00021363843950144106,0.19449232900818741,0.011608504052109584
29,0.11124334176176456,0.0018122124733188018,0.00218531472871763,0.03104027114194606,0.08592297044891677,0.09004518373524402,0.002512925695912167,0.01709227668811593,0.011532327648898754,0.009800984194879011,0.0011039467551231324,0.0002917176091063663,0.00019874683359993953,0.19557335656818886,0.01139539539270845
30,0.10842081158730883,0.0018038976656995708,0.002186070986040258,0.031500530062312,0.08693721951414739,0.09177544661241051,0.002547526985413229,0.01741429822208135,0.011753302482945564,0.0098506041802923,0.001045992151120996,0.00029407222897780973,0.00018831337473027864,0.1986744913340525,0.011378981935121385
31,0.1098026270697735,0.001791375322323417,0.0021865306521133268,0.03128501373239623,0.08515479805760043,0.09181279747517689,0.002524214274510909,0.01764298763349971,0.0118959167600253,0.009743338768532886,0.000977605766996092,0.00029019597948006393,0.0001755700564201673,0.19713479744078796,0.011186710571429209
32,0.10654171278008609,0.001789610697029015,0.0021878741986197277,0.03183244826516252,0.08660713579428517,0.09357610738716432,0.0025678856008381373,0.017951552336545495,0.012045386997257625,0.009715996894906327,0.0009173817198624241,0.0002902315162697033,0.0001647435363997329,0.2007026811188331,0.011088353667438188
33,0.10713480099957096,0.0017810762719305338,0.0021884970261481147,0.03173530227935191,0.08559590325869093,0.09378850633572942,0.002555761186875004,0.018132366375482326,0.012156251936027698,0.009614372955194333,0.0008573206520275694,0.00028674418555177535,0.0001536362948897633,0.20007253715677767,0.010912074087663442
34,0.10495940187981108,0.0017781295687667139,0.0021892412623113126,0.032072458731676134,0.08661585570891986,0.09502741360551581,0.0025825995017663564,0.01831887606825813,0.01227704737313703,0.009611127075122433,0.0008097156079371772,0.0002870289439539835,0.00014500410851522055,0.20254474488446014,0.010852875735528813
35,0.10345671116900461,0.0017787022328118011,0.0021901546771439955,0.03231448987521242,0.08743894685162983,0.09580989690280707,0.002600875476990785,0.01841140781792512,0.012321444211677798,0.009541197234096294,0.0007595584161841073,0.00028494858968025535,0.00013584652823535974,0.20426112704935281,0.010721550768196015
36,0.1019127466548573,0.0017787350152290325,0.002190924550430643,0.03255037100098019,0.08833490244635542,0.09661372151688342,0.00261921885108551,0.01848841525692972,0.012372641217878212,0.009492515847003022,0.0007147978987981061,0.00028352218503211504,0.00012768634493325623,0.20605625807125405,0.0106185222757665
37,0.10033216533129787,0.001779230525159218,0.00219172994065287,0.032793062358983625,0.08928165195896788,0.09741395436389706,0.0026381614667903997,0.018557508062386013,0.01241821009581098,0.009437282414962668,0.0006720232516121637,0.00028188178343046004,0.00011989644336267759,0.20789127585204137,0.010511083893367969
38,0.0987980003180064,0.0017798077518738997,0.002192539484370979,0.03302780734515031,0.09021513360569128,0.09818607249838211,0.0026564266663206115,0.018619299677559268,0.012460749073293042,0.009377009162494364,0.0006313575005509434,0.0002800559407175215,0.0001124953969348706,0.20967693244795324,0.010400918000697701
39,0.09730271407578502,0.001780467971404132,0.0021933514853258694,0.03325575389415746,0.09114011834208184,0.09893328656918299,0.0026741198448621693,0.018674085641865512,0.012500482144755663,0.009312393587516305,0.0005927642927274021,0.00027806990946872937,0.00010547708118974927,0.21142161039799254,0.010288704870902185
40,0.09584691729273027,0.00178120728527824,0.002194164501184374,0.03347682327263155,0.09205587988055394,0.09965536250337727,0.002691233990500802,0.01872201079345,0.012537440457403909,0.009243735771963711,0.0005561748543221969,0.0002759343662664288,9.88289161385804e-05,0.213124487167882,0.010174673908690916
41,0.09443084361311746,0.0017820221087386898,0.002194977185877574,0.0336909984823064,0.09296189090530757,0.10035224985011079,0.002707767597580595,0.018763247757028815,0.012571665784680722,0.009171342651845348,0.0005215200743653056,0.000273660304907635,9.253819625534044e-05,0.21478515611002777,0.01005906122737363
42,0.09305443440256476,0.0017829092666727306,0.0021957883052685953,0.03389831265995159,0.09385777699403391,0.1010240374321613,0.002723723487034279,0.018797990678637026,0.012603206243741649,0.009095519918549065,0.0004887301687426771,0.0002712587403452338,8.659203322829891e-05,0.2164035285918665,0.009942100860865275
43,0.0917174212786955,0.0017838656894810091,0.002196596707576225,0.034098833595612166,0.09474326478129368,0.10167092481819917,0.002739107514853137,0.018826451379322137,0.012632117480084207,0.00901657185717289,0.0004577350902009544,0.0002687406697341624,8.097743769366863e-05,0.2179797484936681,0.009824025054801675
44,0.09041937821711986,0.0017848883262166879,0.00219740131558896,0.03429265463594854,0.09561815278991995,0.10229320057720663,0.0027539277933847973,0.01884885574723397,0.012658461899754024,0.008934799175391459,0.0004284647332232234,0.000266116980307059,7.568136511496178e-05,0.21951413690774535,0.009705062254036702
45,0.08915975486606852,0.0017859741302111557,0.002198201125298182,0.03447988906084668,0.09648229516093138,0.10289122656626415,0.002768194201486588,0.018865440546996595,0.012682307541838387,0.008850496743679867,0.00040084912016332525,0.0002633983610826793,7.069075874710731e-05,0.2210071564756787,0.00958543498367298
46,0.08793789941681233,0.0017871200686765457,0.0021989952060796655,0.03466066626837596,0.09733559222918442,0.10346542603071202,0.0027819180480531014,0.0188764505627493,0.012703726975166179,0.008763951648696562,0.00037481860183875495,0.0002605952286723473,6.599259503434626e-05,0.22245938687069883,0.009465358074242012
47,0.08675307570948894,0.0017883231396242007,0.0021997827008850925,0.034835128917966696,0.09817798470655874,0.10401627396196178,0.0027951118179337263,0.01888213599833498,0.012722796291263435,0.008675441596707616,0.00035030407025912774,0.0002577176670036172,6.157393063779446e-05,0.2238715064847892,0.009345037264608157
48,0.08560447703233302,0.0017895803902097222,0.0022005628259824197,0.0350034306094051,0.09900944979402705,0.10454428882245523,0.002807788964448765,0.018882750093864562,0.012739594193448394,0.00858523363140067,0.0003272371750515826,0.0002547753791010454,5.742194936707691e-05,0.2252442776747956,0.009224668134920375
49,0.0844912379184692,0.0017908889343101202,0.0022013348701386166,0.03516573388321895,0.09982999831941149,0.10505002515134507,0.0028199637301338735,0.01887854694339884,0.012754201170548046,0.008493583124630642,0.0003055505357353006,0.00025177764918668906,5.3524007505185354e-05,0.22657853414428925,0.009104435317057817
50,0.08341244463270334,0.0017922459684756348,0.002202098193258043,0.035322208433261906,0.10063967240195736,0.10553406679694645,0.0028316509862677604,0.018869779512128954,0.012766698746050515,0.008400733005666197,0.0002851779437794485,0.00024873331373977576,4.986767640150645e-05,0.22787516969730046,0.008984511939586928
51,0.08236714470516912,0.0017936487859190856,0.0022028522245296305,0.03547302947773449,0.10143854336989555,0.10599702065425157,0.0028428660864932374,0.018856697856645815,0.012777168797449012,0.008306913201750069,0.00026605455007414595,0.0002456507404638679,4.6440781553052794e-05,0.22913512796728616,0.008865059273841135
52,0.08135435568387953,0.0017950947884289219,0.0022035964601480966,0.03561837626417107,0.10222670978732809,0.10643951085842697,0.002853624732386096,0.018839547551973073,0.012785692943279418,0.008212340267777157,0.00024811703482094345,0.00024253781430908013,4.32314376668928e-05,0.23035939293011418,0.008746226554574073
53,0.0803730731801544,0.0017965814962026423,0.002204330460676702,0.03575843069871768,0.10300429552247449,0.10686217342181316,0.002863942850130363,0.01881856832643081,0.012792351996640092,0.008117217185734136,0.00023130375792831565,0.00023940192980822085,4.022807940703423e-05,0.23154898012084885,0.008628150952877705
54,0.07942227823326388,0.001798106555662576,0.002205053848118024,0.03589337609669344,0.1037714478324763,0.10726565131711827,0.002873836478056614,0.018793992901702413,0.012797225484177721,0.008021733315915358,0.00021555488884498038,0.0002362499890406768,3.741948769170071e-05,0.23270492852935362,0.008510957681492716
55,0.07850094400173474,0.0017996677453607272,0.002205766302756833,0.03602339605365336,0.10452833546347864,0.1076505900124977,0.0028833216650045834,0.018766046031663854,0.012800391229070698,0.007926064482501828,0.00020081251543754727,0.00023308840456314324,3.4794811534358044e-05,0.23382829317264478,0.008394760214036876
56,0.07760804178530493,0.0018012629801124962,0.002206467559835971,0.03614867343612738,0.10527514677658986,0.10801763346089546,0.002892414379469761,0.01873494373013039,0.01280192499579366,0.007830373176370156,0.00018702073206005088,0.00022992310666091986,3.2343585522462775e-05,0.2349201383470855,0.00827966060061359
57,0.07674254638565539,0.001802890313522749,0.0022071574061222,0.03626938949013416,0.10601208791537545,0.10836742053994085,0.0029011304293951124,0.018700892674931593,0.012801900193645702,0.0077348088582991316,0.00017412570739700086,0.00022675955428878505,3.0055743107027836e-05,0.23598153155964302,0.008165749863091945
58,0.07590344082117989,0.0018045479390833106,0.002207835676414364,0.03638572306415824,0.1067393810317639,0.10870058193193925,0.0029094853923366587,0.018664089773719136,0.01280038763530957,0.007639508346230002,0.00016207573300495995,0.00022360274909229388,2.7921625937137905e-05,0.23701353812975895,0.008053108454264393
59,0.07508972041873252,0.0018062341900287938,0.002208502250041016,0.03649784994188805,0.10745726258632375,0.10901773742718535,0.002917494555598938,0.018624721875628903,0.012797455346152713,0.007544596270964575,0.0001508212537408745,0.00022045725193047978,2.5931989518771e-05,0.23801721644473692,0.0079418067661547
60,0.07430039631214592,0.001807947538139146,0.0022091570473890382,0.036605942278828414,0.10816598173692628,0.109319493628542,0.002925172865821431,0.018582965612284445,0.012793168419602072,0.007450185585648478,0.00014031488145710126,0.00021732720135910722,2.4078005508568643e-05,0.23899361384357415,0.007831905673973256
61,0.07353449838285306,0.0018096865916730298,0.0022098000264990083,0.036710168135982366,0.10886579882736112,0.10960644203115291,0.0029325348874063737,0.018538987351552537,0.012787588913722956,0.007356378115536051,0.0001305113934708044,0.000214216333578029,2.2351260972173417e-05,0.23994376309747298,0.0077234571035570574
62,0.0727910776818748,0.0018114500926081035,0.0022104311797572604,0.03681069110317134,0.10955698398498329,0.10987915744833561,0.002939594769115072,0.01849294324783164,0.012780775784082406,0.007263265135816257,0.00012136771738719996,0.00021112800339496778,2.0743754945118577e-05,0.2408686794502656,0.007616504611543545
63,0.07206920837490156,0.0018132369133529041,0.002211050530709025,0.036907670004200706,0.11023981583405695,0.11013819675300861,0.0029463662181215575,0.018444979373373475,0.01277278484805685,0.007170927966631359,0.00011284290387972033,0.00020806520580887502,1.9247892633613988e-05,0.24176935817856057,0.0075110839689535676
64,0.07136798925325921,0.0018150460530821152,0.0022116581310117605,0.037001258675956106,0.11091458032931278,0.11038409790331817,0.0029528624807972064,0.01839523191610581,0.012763668775921702,0.007079438575793102,0.00010489808901376835,0.00020503059786721267,1.7856477584589893e-05,0.24264677262953396,0.007407223740258673
65,0.07068654485346834,0.0018168766338329792,0.002212254057542973,0.03709160581359166,0.11158156971237522,0.11061737922125754,0.002959096329503823,0.0183438274305586,0.012753477104310606,0.0069888601810476035,9.749644765196361e-05,0.00020202652050139107,1.6562702140560786e-05,0.2435018726936952,0.007304945851341519
66,0.07002402622707683,0.0018187278964864845,0.002212838409672503,0.037178854874205566,0.11224108159217364,0.1108385388938541,0.0029650800546919013,0.018290883129723677,0.012742256267931016,0.00689924784502684,9.060313940504405e-05,0.0001990550200920443,1.5360136476710913e-05,0.24433558367044333,0.00720426614100064
67,0.06937961140067767,0.0018205991967432372,0.0022134113067054585,0.03726314403175385,0.11289341814924057,0.1110480546677731,0.0029708254616320085,0.018236507206940172,0.01273004964574896,0.00681064905722686,8.418524850052012e-05,0.00019611786955997342,1.424271649636942e-05,0.24514880548558585,0.007105194891783723
68,0.06875250556372091,0.001822490001190999,0.002213972885498704,0.03734460617639643,0.11353888546289868,0.11124638370980902,0.002976343871146947,0.01818079917814728,0.012716897618193453,0.006723104298453269,7.82117188366729e-05,0.00019321658881887586,1.3204730837864938e-05,0.24594241222200194,0.007007737336946683
69,0.06814194101904915,0.0018243998835491423,0.002214523298251068,0.037423368951968974,0.11417779295973185,0.1114339626075825,0.0029816461237578197,0.018123850236047866,0.012702837632265502,0.006636647584164921,7.265328537760093e-05,0.0001903524644621276,1.2240807221582193e-05,0.24671725192712005,0.006911894141226231
70,0.06754717692817722,0.0018263285211648902,0.0022150627104651796,0.03749955482580724,0.11481045298139649,0.11161120748672823,0.00298674258670593,0.018065743608853803,0.012687904271758706,0.006551306984022559,6.748240292996222e-05,0.00018752656858778767,1.134589834167015e-05,0.24747414666368445,0.00681766185388198
71,0.06696749888029367,0.0018282756918274147,0.002215591299077018,0.03757328118569838,0.11543718046976513,0.11177851422286654,0.0029916431633628068,0.018006554917317553,0.012672129330097752,0.006467105115712851,6.267317322725788e-05,0.00018473977669375102,1.0515267482899742e-05,0.24821389277331202,0.00672503333311676
72,0.06640221831091148,0.0018302412709585716,0.0022161092507478643,0.037644660459276245,0.1160582927675322,0.11193625872862466,0.0029963573045906147,0.017946352524687178,0.012655541883575486,0.006384059611771983,5.8201271135579694e-05,0.0001819927845987052,9.74447402010808e-06,0.24893726132543464,0.006633998141526375
73,0.06585067179304979,0.0018322252292336005,0.0022166167603122886,0.03771380025170982,0.11667410953280455,0.11208479729786754,0.003000894021664243,0.01788519787504127,0.012638168363009992,0.006302183558685637,5.404387068775806e-05,0.00017928612436458297,9.029358935854129e-06,0.2496449987273776,0.006544542912673833
74,0.06531222022079776,0.0018342276306828613,0.002217114029375103,0.037780803498041,0.11728495276677714,0.11222446699106907,0.0030052619004130683,0.01782314581616895,0.01262003262205135,0.0062214859079992675,5.017957155217012e-05,0.00017662017921277396,8.366030471576223e-06,0.25033782747442823,0.006456651689235788
75,0.06478624790278739,0.00183624863131428,0.0022176012650496953,0.037845768627012076,0.11789114695439873,0.11235558604737156,0.003009469116284054,0.017760244903756793,0.012601156000540143,0.00614197185954642,4.6588326449099586e-05,0.00017399519743990075,7.750850008840509e-06,0.2510164470218111,0.0063703062334442605
76,0.06427216157909628,0.001838288478319247,0.00221807867883004,0.037908789733665814,0.11849301931892042,0.11247845431033053,0.0030135234500699125,0.017696537684125862,0.012581557381450167,0.006063643217194199,4.3251369941917143e-05,0.00017141130534958343,7.180418260254245e-06,0.2516815347634467,0.006285486310745954
77,0.06376938937418974,0.001840347509895913,0.00221854648558855,0.037969956758429006,0.11909090019246477,0.11259335365559754,0.0030174323040824944,0.017632060953143423,0.01256125324004679,0.005986498717737249,4.015114895287768e-05,0.00016886851922505723,6.651561834332793e-06,0.2523337471052882,0.0062021699477495165
78,0.06327737969482251,0.001842426155749761,0.0022190049026921416,0.038029355670768816,0.11968512350619494,0.11270054840984917,0.0030212027185870104,0.017566845989201878,0.012540257683943654,0.005910534333734886,3.72712552837426e-05,0.00016636675637355796,6.161320224979864e-06,0.252973720623833,0.006120333665617167
79,0.06279560007997545,0.0018445249383283052,0.002219454149229158,0.03808706865585985,0.12027602740529852,0.11280028575112105,0.0030248413883428617,0.01750091875833913,0.012518582482760558,0.005835743551200174,3.459636035967281e-05,0.0001639058452776799,5.70693326422813e-06,0.2536020733031015,0.006039952690101756
80,0.06232353600786579,0.0018466444748535772,0.002219894445340211,0.03814317430298317,0.12086395499557896,0.11289279608134564,0.00302835467912174,0.017434300089698065,0.012496237086085486,0.005762117623109175,3.2112152360390235e-05,0.0001614855348913084,5.285829066374628e-06,0.25421940584574443,0.005961001139427249
81,0.06186068966389806,0.0018487854802179242,0.0022203260116465304,0.03819774779453497,0.12144925522924822,0.11297829336236777,0.0030317486440875805,0.017367005819693773,0.012473228628480404,0.005689645799700472,2.9805275854933822e-05,0.00015910550311813148,4.895612482512087e-06,0.2548263030553974,0.005883452191156049
82,0.061406578673734044,0.0018509487708003047,0.002220749068769998,0.038250861094465065,0.12203228393644508,0.11305697540712133,0.0030350290399195914,0.017299046903631893,0.012449561920427248,0.00561831553647587,2.7663274014878776e-05,0.00015676536450900009,4.534054076580231e-06,0.25542333528711786,0.00580727822907633
83,0.06096073480804701,0.0018531352692351991,0.0022211638369396126,0.03830258313462868,0.12261340500492697,0.11312902411816791,0.0030382013425343394,0.017230429494272195,0.012425239424480402,0.005548112680704897,2.567453344523029e-05,0.00015446467721086303,4.199079627345152e-06,0.2560110599599014,0.005732450970988336
84,0.06052270266992871,0.001855346010122653,0.002221570535679517,0.038352979996948616,0.12319299170302707,0.11319460566662998,0.00304127076221912,0.017161154988020833,0.012400261216506909,0.005479021637114577,2.382823164214567e-05,0.00015220294919579755,3.888760155102977e-06,0.256590023119897,0.005658941578107622
85,0.06009203838144585,0.0018575821466111702,0.002221969383573805,0.038402115088593126,0.12377142813126164,0.113253870605831,0.0030442422579387168,0.01709122004096253,0.012374624932699198,0.00541102551336377,2.211428706199954e-05,0.00014997964379546543,3.601302467344214e-06,0.2571607610359939,0.00558672074668858
86,0.05966830829102425,0.001859844957726385,0.0022223605981030498,0.03845004930678764,0.12434911077793236,0.11330695391568156,0.003047120550538163,0.01702061655854898,0.012348325703895113,0.0053441062459030795,2.05233117667444e-05,0.0001477941845656825,3.335040214028778e-06,0.25772380180270105,0.005515758782449535
87,0.059251087726682146,0.0018621358562708888,0.0022227443955469503,0.03849684118959207,0.12492645014598994,0.1133539749758626,0.0030499101345499743,0.016949331664125385,0.012321356079464382,0.005278244706924417,1.904656659537806e-05,0.00014564595950835566,3.0884254403780303e-06,0.2582796669205279,0.005446025658468529
88,0.058839959820677176,0.0018644563970944673,0.0022231209909468067,0.03854254704909686,0.1255038724141219,0.11339503746788432,0.003052615288333106,0.016877347652333504,0.01229370594347483,0.005213420793291048,1.7675918799737935e-05,0.00014353432468336078,2.860020623023731e-06,0.2588288728226728,0.00537749105739717
89,0.05843451442868185,0.001866808285534095,0.0022234905981209736,0.03858722108401352,0.1260818210952814,0.11343022920784676,0.003055240082320492,0.016804641933640462,0.012265362425962233,0.005149613498565963,1.6403802073889367e-05,0.00014145860724969862,2.648491173795112e-06,0.25937193231908906,0.005310124399063346
90,0.05803434716166901,0.0018691933858478353,0.002223853429726093,0.03863091546945966,0.12666075866043872,0.11345962191296362,0.003057788385223473,0.01673118697581429,0.012236309811898504,0.005086800969471549,1.5223178899302863e-05,0.00013941810798182835,2.4525983942341444e-06,0.2599093559344401,0.0052438948547469146
91,0.0576390585421984,0.0018716137295107693,0.002224209697356977,0.038673680422715066,0.12724116810318747,0.11348327090549686,0.0030602638681221464,0.016656950247222448,0.012206529449948433,0.005024960548270676,1.4127505122306572e-05,0.00013741210331197763,2.271192863008618e-06,0.26044165312402895,0.005178771349567969
92,0.05724825328981844,0.0018740715232961702,0.0022245596116784263,0.03871556424469803,0.12782355443055118,0.1135012147576679,0.003062670006448221,0.016581894165559986,0.012175999662426064,0.004964068802630462,1.3110696675688713e-05,0.00013543984695152928,2.103208237690592e-06,0.26096933336022726,0.005114722554495371
93,0.056861539733758765,0.0018765691571233842,0.002224903382583057,0.03875661333775569,0.12840844607551893,0.11351347488044122,0.0030650100799316958,0.016505976054218087,0.012144695657112039,0.004904101544506136,1.2167098352731958e-05,0.00013350057114396407,1.9476554518649387e-06,0.26149290709010997,0.005051716869454697
94,0.05647852934564649,0.0018791092117089309,0.002225241219370211,0.03879687220099779,0.1289963962363443,0.11352005505794066,0.003067287170629047,0.016429148107155855,0.012112589440863209,0.004845033839471534,1.1291454539399857e-05,0.00013159348759851348,1.8036172882259386e-06,0.26201288657206984,0.004989722398897674
95,0.05609883638099925,0.0018816944661045397,0.0022255733309421845,0.03883638340479613,0.129587984155686,0.11352094092782357,0.003069504159176507,0.01635135736196583,0.012079649734301295,0.004786840007744714,1.0478881808902975e-05,0.00012971778814823074,1.6702433082107792e-06,0.2625297866046519,0.004928706921010059
96,0.05572207761574747,0.001884327905243739,0.0022258999260151807,0.03887518754623342,0.13018381635897555,0.11351609940633124,0.0030716637194192057,0.016272545679885248,0.012045841886337318,0.004729493617934524,9.724843282456927e-06,0.0001278726451693438,1.5467451188041292e-06,0.26304412516461123,0.00486863785150513
97,0.055347872162925756,0.00188701272764653,0.002226221213343523,0.03891332318724315,0.13078452787586195,0.11350547805507999,0.003073768311558208,0.016192649730831395,0.012011127786888108,0.004672967474291914,9.025124660658197e-06,0.00012605721179127303,1.432391957415304e-06,0.2635564239733315,0.0048094822027012615
98,0.05497584135463103,0.0018897523534514614,0.0022265374019566626,0.038950826776989224,0.13139078347152844,0.11348900438501677,0.0030758201739372755,0.01611160098109961,0.011975465775851825,0.004617233598006297,8.375811831449825e-06,0.00012427062191917754,1.326506576158664e-06,0.2640672090115821,0.004751206538333083
99,0.05460560867505318,0.0018925504329581908,0.002226848701409426,0.03898773255973945,0.132003278916464,0.11346658509136945,0.003077821313563733,0.016029325681114894,0.011938810546208278,0.0045622632028574995,7.773269962989909e-06,0.00012251199008380835,1.2284614074323077e-06,0.2645770110025121,0.00469377692431173
100,0.054236799731531386,0.0018954108558739606,0.0022271553220466647,0.03902407246913747,0.13262274232434357,0.11343810521186151,0.0030797734954265215,0.01594574485051638,0.011901113038964472,0.004508026665325395,7.214123992712027e-06,0.0001207804111270626,1.137674993359996e-06,0.265086365882148,0.0046371588754385296
101,0.05386904225187153,0.0018983377614671803,0.002227457475284115,0.0390598760094089,0.1332499355884747,0.11340342719890065,0.0030816782306422926,0.015860774257818747,0.01186232032754321,0.004454493489075172,6.69524042731277e-06,0.00011907495972605167,1.0536086624066415e-06,0.26559581527583637,0.004581317297890943
102,0.05350196609747253,0.0019013355498416898,0.0022277553739077907,0.03909517012367356,0.13388565594813684,0.11336238989483358,0.003083536763428451,0.015774324391890346,0.011822375489086172,0.004401632263575738,6.213710372167147e-06,0.00011739468975372342,9.757634372714839e-07,0.26610590699828923,0.004526216427138901
103,0.05313520328299311,0.0019044088945586195,0.0022280492323946844,0.03912997904918753,0.13453073771731783,0.11331480739763235,0.003085350056870975,0.015686300422481925,0.011781217459992303,0.004349410616468403,5.766833712619828e-06,0.000115738633470002,9.036771589809396e-07,0.2666171955943031,0.004471819760810005
104,0.05276838799381804,0.0019075627568545656,0.0022283392672579733,0.03916432415900044,0.13518605420993865,0.11326046780249291,0.003087118777425579,0.015596602147016607,0.01173878087282487,0.00429779515917668,5.352104373616648e-06,0.00011410580053385823,8.369218129253889e-07,0.26713024293687376,0.004418089985897079
105,0.052401156594223355,0.0019108024017181326,0.0022286256974202476,0.03919822378918655,0.13585251989762534,0.1131991318027366,0.003088843278057898,0.015505123920827193,0.011694995871507439,0.004246751425136648,4.967196588152112e-06,0.00011249517682369986,7.751010433977944e-07,0.267645618899247,0.004364988899591899
106,0.052033147619355756,0.001914133416118129,0.0022289087446186445,0.039231693050455645,0.1365310928382469,0.11313053113113311,0.003090523579896878,0.015411754568019262,0.01164978790148842,0.004196243799919922,4.609952108933983e-06,0.00011090572305065114,7.178478439834028e-07,0.2681639021172961,0.00431247732292349
107,0.051664001745519814,0.0019175617296994954,0.002229188633846028,0.03926474362256637,0.13722277741554442,0.11305436682030406,0.003092159352238075,0.01531637727020081,0.011603077471320262,0.004146235442423239,4.278368301480369e-06,0.00010933637314679612,6.64822411914557e-07,0.26868568085828737,0.004260515006283431
108,0.05129336173463206,0.0019210936382898596,0.0022294655938325837,0.03929738352952373,0.13792862743194031,0.11297030725827717,0.0030937498906921613,0.015218869430495023,0.011554779881889755,0.004096688196206792,3.970587060535713e-06,0.00010778603240818253,6.15710155237542e-07,0.2692115540114047,0.004209060525830748
109,0.05092087235061895,0.0019247358305843705,0.0022297398575723527,0.0393296168930279,0.13864974959770518,0.11287798601260844,0.0030952940932268596,0.015119102510600132,0.011504804919382718,0.004047562489980464,3.6848844952069567e-06,0.00010625357537037229,5.702198423375188e-07,0.2697421322141407,0.004158071169688381
110,0.05054618024797661,0.0019284954183993726,0.002230011662899279,0.039361443661050856,0.13938730745994513,0.11277699939382799,0.0030967904337984393,0.015016941839208873,0.011453056507983237,0.003998817226165592,3.4196613315784486e-06,0.00010473784339264101,5.280818840329437e-07,0.27027803912678044,0.004107502812773844
111,0.05016893383567376,0.0019323799709062815,0.0022302812531173194,0.0393928593077511,0.1401425258142817,0.11266690372634226,0.0030982369332128714,0.01491224639087022,0.01139943231830558,0.00395040965640179,3.1734339847610862e-06,0.00010323764192561541,4.890467390822901e-07,0.270819912864707,0.004057309779051249
112,0.04978878312291847,0.001936397553277335,0.0022305488776890397,0.03942385450021211,0.14091669564083123,0.11254721229234323,0.003099631126798688,0.014804868535351165,0.011343823327623757,0.003902295242825213,2.944826255372744e-06,0.00010175173743624279,4.5288343454456334e-07,0.2713684075953243,0.004007444689951374
113,0.04940537955678026,0.0019405567701978972,0.0022308147929869498,0.03945441472673005,0.1417111796045883,0.11241739191166707,0.003100970028416154,0.014694653758684345,0.011286113328066972,0.0038544275039141965,2.7325616083326798e-06,0.00010027885396345718,4.1937819300127536e-07,0.2719241953033558,0.003957858297678988
114,0.04901837586500509,0.0019448668147295737,0.0022310792631116375,0.03948451988060572,0.14252741815911235,0.11227685911780148,0.0031022500902725806,0.014581440358304538,0.011226178379046572,0.0038067578436775757,2.535455994585216e-06,9.881766927768216e-05,3.8833315918208043e-07,0.2724879677254909,0.003908499302109025
115,0.048627425920262694,0.0019493375230501412,0.0022313425607805885,0.039514143792639386,0.14336693629224262,0.11212497588716597,0.003103467157963488,0.014465059115891249,0.01116388620021024,0.0037592353629432303,2.3524111789457278e-06,9.73668106172266e-05,3.595652190392384e-07,0.27306043845326333,0.0038593141499584415
116,0.04823218464432132,0.001953979435655136,0.002231604968291523,0.03954325370479786,0.14423135095403908,0.11196104487516595,0.0031046164201141107,0.014345332952671111,0.011099095501126918,0.0037118066514825678,2.1824085396854383e-06,9.592484997450845e-05,3.329049047879127e-07,0.27364234520199027,0.0038102468149015497
117,0.04783230797209478,0.0019588038656880623,0.0022318667785640634,0.0395718096768235,0.1451223792107118,0.11178430410816327,0.0031056923519559645,0.014222076572964893,0.011031655243653972,0.0036644155596768572,2.024503307742427e-06,9.449029890480287e-05,3.0819537987066203e-07,0.27423445224379595,0.0037612385572692733
118,0.04742745289637419,0.0019638229751701188,0.002232128296263719,0.039599763916849585,0.1460418471740493,0.11159392107514787,0.00310668865213263,0.014095096102640984,0.01096140383249602,0.0036170029483846584,1.8778192155607828e-06,9.306160282958563e-05,2.8529149821507836e-07,0.2748375530039708,0.0037122276619280196
119,0.04701727761441478,0.0019690498600357527,0.002232389839012319,0.03962706002637983,0.1469916997635744,0.11138898615662905,0.00310759817199209,0.013964188730027612,0.01088816822887597,0.003569506415622933,1.7415435275396345e-06,9.16371348060056e-05,2.640589325371427e-07,0.2754524728222232,0.0036631491528890153
120,0.046601441797914346,0.001974498645036677,0.0022326517386892057,0.03965363214919284,0.14797401136736524,0.11116850532098917,0.003108412836578193,0.01382914235777479,0.010811762981542355,0.0035218599986267048,1.6149224259099443e-06,9.021518873345417e-05,2.4437336679841965e-07,0.27608007188270733,0.0036139344831528676
121,0.046179607008889595,0.001980184589757279,0.0022329143428274365,0.039679404012845025,0.14899099747609817,0.11093139201062673,0.00310912355648508,0.013689735275424162,0.010731989168652822,0.003473993849838683,1.4972567275785325e-06,8.879397196852482e-05,2.2611974825762968e-07,0.2767212483186341,0.003564511198283044
122,0.04575143728609285,0.001986124207180026,0.0022331780161087733,0.039704287850421426,0.15004502737149591,0.11067645813210654,0.003109720129682503,0.01354573586428368,0.010648633243551359,0.0034258338854357773,1.3878979090944313e-06,8.737159732168994e-05,2.0919159486808565e-07,0.27737694149756864,0.0035148025722614292
123,0.04531659993067209,0.001992335396442981,0.002233443141960088,0.03972818318903079,0.15113863795289645,0.11040240405696378,0.003110191132359714,0.013396902348922655,0.010561465777285258,0.0033773014051783766,1.286244418421687e-06,8.594607441410164e-05,1.934903540652805e-07,0.2780481354911426,0.003464727214364965
124,0.04487476652561934,0.0019988375916368136,0.002233710124251551,0.039750975490304964,0.15227454878130162,0.1101078075339825,0.003110523797784662,0.013242982613612776,0.010470240091143824,0.0033283126827484987,1.1917382536635227e-06,8.45153003829603e-05,1.7892480926672373e-07,0.27873586272668155,0.0034141986461943895
125,0.0444256142342545,0.0020056519286669413,0.002233979389093197,0.03977253462692318,0.15345567840569918,0.10979111141088792,0.0031107038821232263,0.013083714107601245,0.010374690773827617,0.0032787785264146822,1.1038617902862792e-06,8.307704994105054e-05,1.654105306708522e-07,0.2794412078063116,0.003363124848676689
126,0.04396882743446799,0.0020128014323687973,0.002234251386720516,0.0397927131781527,0.15468516200749127,0.10945061006616258,0.0031107155161708973,0.012918823870920035,0.010274532080491358,0.0032286038109691287,1.022134839763786e-06,8.162896482389195e-05,1.528693671977595e-07,0.2801653114607448,0.0033114077799999814
127,0.04350409976356291,0.0020203112261491197,0.002234526593450871,0.039811344526801955,0.15596637034969507,0.10908443446248317,0.003110541041996176,0.012748028722770482,0.010169456215332422,0.0031776869835851377,9.461119239047806e-07,8.016854270024471e-05,1.4122897666181886e-07,0.28090937457694487,0.0032589428671859493
128,0.04303113666878158,0.002028208766426609,0.0022348055136797084,0.03982824074027859,0.15730292994118947,0.10869053575679792,0.003110160833667019,0.0125710356682303,0.010059131506293579,0.0031259195487780647,8.753797504623431e-07,7.869312568423848e-05,1.3042239150898336e-07,0.28167466219988463,0.0032056184766042746
129,0.04254965858810632,0.0020365241039749732,0.002235088681867418,0.03984319022017854,0.15869874421227728,0.1082666674433985,0.0031095531015176503,0.01238754259655098,0.009943200490714421,0.0030731855413153983,8.095548769596207e-07,7.719988867713401e-05,1.20387617690294e-07,0.28246250735374445,0.0031513153724871817
130,0.04205940491406344,0.002045290173895416,0.002235376664442587,0.039855955108926124,0.16015801533347823,0.1078103660748677,0.003108693680000742,0.012197239367022087,0.009821277945597432,0.0030193610011204383,7.482815510288035e-07,7.568582789354489e-05,1.1106726448237099e-07,0.28327431445536877,0.003095906177829494
131,0.041560138935311186,0.002054543115190156,0.002235670061512957,0.03986626844954587,0.161685266076386,0.10731893071083563,0.00310755580000665,0.011999809406533746,0.009692948917123963,0.0029643134714453924,6.91229716949116e-07,7.414775010246353e-05,1.0240820330502941e-07,0.28411156199376203,0.00303925485946811
132,0.04105165399202233,0.002064322619667952,0.002235969508228982,0.039873831107446016,0.1632853607914535,0.10678940140286547,0.0031061098479088483,0.011794931978280741,0.009557766833207984,0.002907901551523313,6.380931795187862e-07,7.258226335362288e-05,9.436125383095839e-08,0.2849758040205086,0.0029812162693102855
133,0.040533781132556276,0.002074672307920998,0.002236275675582944,0.03987830848334683,0.164963524132391,0.10621853725423328,0.003104323115559563,0.011582285323895165,0.009415251822838198,0.0028499745483465504,5.885879179079294e-07,7.098577028331329e-05,8.688089593280082e-08,0.285868669826079,0.0029216357874437045
134,0.040006398613275616,0.002085640127077477,0.0022365892703452477,0.03987932707734134,0.16672535555485246,0.10560279492286893,0.0031021595483230508,0.011361550932609609,0.009264889419915691,0.0027903722901338537,5.424505437309385e-07,6.935446552348906e-05,7.992500627157543e-08,0.28679186095865405,0.002860349131207345
135,0.03946944363089174,0.0020972787605498355,0.002236911033734398,0.03987647100950949,0.16857683681375585,0.10493830889854737,0.0030995795023264286,0.011132419250882429,0.009106129901057842,0.00272892518752896,4.994368992377698e-07,6.768433929892234e-05,7.345461859562957e-08,0.2877471444655121,0.0027971824183457158
136,0.038922926727205744,0.002109646033529577,0.002237241738284224,0.03986927866772291,0.17052432863199568,0.10422087551909115,0.0030965395275601845,0.01089459721189933,0.008938388600568751,0.0026654546587387873,4.593207932268578e-07,6.597119001465758e-05,6.743370708737113e-08,0.2887363408905464,0.002731952603253759
137,0.0383669493371698,0.002122805288787724,0.0022375821822079194,0.0398572397443381,0.17257455136350464,0.10344594354539716,0.0030929922009237105,0.010647818033739768,0.008761047665582312,0.002599774072600268,4.2189287394665077e-07,6.421064953013325e-05,6.18289923541642e-08,0.2897613051435653,0.002664468443996702
138,0.03780172494473586,0.002136825694727979,0.002237933180363925,0.039839793047249175,0.17473454278872702,0.1026086152367478,0.0030888860429522107,0.010391853799059322,0.008573459863276232,0.002531690409312616,3.8695963972717115e-07,6.239822589243034e-05,5.660976988837269e-08,0.29082389786748636,0.0025945322046146617
139,0.037227604247038394,0.002151782430638231,0.002238295550709366,0.039816325633783095,0.17701158415201446,0.10170366329735052,0.003084165564145878,0.01012653137480344,0.008374955230305736,0.0024610068914180903,3.5434258910500197e-07,6.0529369534109715e-05,5.174776098200255e-08,0.29192594438831426,0.002521942351302287
