,Rs,Rj,Ra,Sj,Sa,Sb,Sga,Sgb,Cj,Ca,Cb,Cga,Cgb,Clupeid adult,Cod adult
0,0.11983523222357159,0.002367038547071201,0.002174000460551158,0.021005271664635186,0.11206696950575393,0.05897092837984966,0.001918025937581246,0.009752212247203466,0.004454278582865224,0.004714285327781602,0.0033914730089430775,0.0001929982446291853,0.0009255436196983205,0.18270813607038833,0.009224300201052183
1,0.12977711188882152,0.002324149816058576,0.0021585051410133015,0.020956197175806185,0.10141692150435024,0.056661945088536225,0.0018083241765243904,0.009972345594457595,0.004682745649572911,0.0052731687589836,0.0037486956067066856,0.0002030724479605324,0.0009758269011617017,0.16985953636386844,0.01020076371481252
2,0.13393137460840793,0.0022940918713821768,0.002150930304957431,0.01989407614227447,0.09704261912997728,0.05699072173780829,0.0018672408275788842,0.010184668210398326,0.0048305289783028265,0.005535193619456229,0.003907441251931807,0.00020655690209810996,0.000976457779384877,0.16608524990576276,0.010625649552871024
3,0.12970837303067215,0.0023025550798673115,0.002157034735923088,0.0214055335595903,0.09717295547680925,0.05895559691594091,0.001885243496361846,0.010892566468896206,0.004830173437953278,0.00559751695068051,0.0038625051737471083,0.0002149514454626787,0.0010095642571677148,0.1689063623580082,0.010684537827058012
4,0.13951433774433675,0.0021781551820112175,0.0021392819965139007,0.01925921197071059,0.08725377498017785,0.05838289453651951,0.0018562417134314572,0.01127613949417158,0.005645882177468758,0.006603587136838136,0.004438982289114117,0.00024567962869705227,0.001147391414201303,0.1587690507243004,0.012435640468850607
5,0.13842283389905516,0.002133014579949009,0.002136016807591549,0.019987978439302778,0.083972611776268,0.060528022773233825,0.0019616158245132818,0.012306139522138226,0.006017621635370893,0.00720490350450898,0.00466238259774659,0.0002733368126074954,0.0012432924763278075,0.1587683898961533,0.013383915391190873
6,0.146841752451053,0.0021536782735699297,0.0021338086895372125,0.019379449002886306,0.07609024855881005,0.05861779278658907,0.001901891325824016,0.012650382070364051,0.005793030896508267,0.0072693753939016776,0.004541882671571392,0.0002680957432874653,0.0012139978044641104,0.14926031474158719,0.013293351613224647
7,0.13093811452498103,0.002105283141754109,0.002143390078522123,0.021629927364426555,0.08512604786830172,0.06426873022120178,0.002076758938327783,0.013568100882538,0.006268616426875997,0.007704656032923564,0.004538001565887281,0.0003064908368209371,0.0013124116530834299,0.16503963791036927,0.013861560088715214
8,0.1348175165624569,0.0020666945374798944,0.002136629152103464,0.020822317888812406,0.0815498821473525,0.06369819125900224,0.002084120029482073,0.013747049991088672,0.006422371059058553,0.008128547291160127,0.0045805237047675165,0.00031720308356134096,0.0013253355774442389,0.16107924342692548,0.014351609656933226
9,0.1378365915300261,0.0020385622564737266,0.0021349292684397273,0.020724632357320107,0.07678237037249903,0.06384573338694094,0.0021085138330624695,0.01454236576550681,0.006560498184766408,0.008534656276001883,0.004592039149778569,0.0003414415955405247,0.0013507769074061152,0.15727898335800927,0.014818913928727091
10,0.13761076449057305,0.0019602305866373974,0.002128401955616746,0.020943005750524483,0.07441699282478595,0.06505838712598427,0.002120943899013098,0.015202373268750805,0.00718428530189796,0.009266404787630373,0.0048670245328773995,0.00037949150363737966,0.0014465916903527523,0.15679869711853414,0.0159595125144979
11,0.13373963762569915,0.0019462800801327538,0.0021288571748325474,0.02185941304513579,0.0748151457944611,0.06729790711319797,0.0021712176211042926,0.015809091749262323,0.007365781498232069,0.009632977558095761,0.004900614985323493,0.0004040372916515316,0.0014719048600290484,0.16009336227802567,0.016409534695099832
12,0.13052226846762047,0.0019042149255161683,0.0021316087831429876,0.021876570866637118,0.07531960336109761,0.06968377042214846,0.002239895782679485,0.016554557580030726,0.007773577401837797,0.009797481011372922,0.004877235696206494,0.00042121316796743156,0.0014806514454580183,0.16379782714595625,0.016576581321004865
13,0.13579999028257048,0.0018809855799794182,0.0021295572544286533,0.021369921004022234,0.0703301178473651,0.0684549687634868,0.0022062457739828617,0.016965468796018828,0.00785119685250627,0.009958740714726494,0.004827368233109965,0.00042882364454761547,0.0014629463180581045,0.15795680118085365,0.01667787891044218
14,0.12558496903092609,0.0018899863242455006,0.0021372996949053378,0.022848196599660447,0.07596983169088059,0.07235552684012027,0.0023175843860078487,0.01749524445156187,0.007917871451914306,0.009962794436681174,0.004698181877493804,0.00044213452504685805,0.0014428756470716852,0.1681381873685706,0.01654598648629352
15,0.13054099633389973,0.0018316112023254105,0.0021322928553257183,0.022346981523024865,0.06923570754501007,0.07241198279270389,0.002310001618374402,0.018675563216139716,0.00838256397981071,0.01041721222599951,0.004854660019731284,0.0004649710410123499,0.001490914175621298,0.16263325517222804,0.01722775746236444
16,0.12592610316151515,0.0018051958562053682,0.0021332554065703864,0.02286690046284712,0.07158994220224937,0.07445873495925982,0.002357943412622783,0.018878378517373264,0.008715112634581525,0.010688533454832418,0.004850889744284185,0.00048420118636015476,0.0014986857072440266,0.16728499909150527,0.017522310092720785
17,0.12745209206369484,0.001728114981704345,0.002131144350377289,0.02286010467822672,0.06473354817788207,0.07700207753815916,0.00242601010966045,0.021283196585567942,0.009493807509221243,0.011292653706780915,0.005090491889648575,0.0005229908323511981,0.0015854866764724617,0.16544483241126962,0.01849162310525315
18,0.12297517626487788,0.0017307142655198767,0.002134116957604464,0.02352237203857192,0.06640366129647375,0.07910989541926763,0.0025035797681102604,0.021862853561602932,0.009580726350417932,0.01134112078476683,0.00496864571396072,0.0005300488024327362,0.0015522640293688607,0.16987999004545457,0.018392079330529144
19,0.12160592705107172,0.0017197246334228387,0.002133364409820319,0.023732229233562004,0.06631267532069236,0.08009408858732425,0.0025301226661741316,0.02229795624103375,0.009736676724679622,0.011568586935882693,0.004933800077186353,0.0005429930738155811,0.001542399802285819,0.1712348428152245,0.018587779889170448
20,0.11936690053974201,0.0017082361555018951,0.0021330683481199804,0.024059161428524614,0.06648750410487159,0.08154337284930645,0.002566893289865426,0.02290823669305997,0.009921747946441939,0.011825751531805534,0.004914940121454775,0.0005586148231188587,0.0015392583653798346,0.17350600693710344,0.018838564841759
21,0.11717300635090792,0.0017024524041391006,0.002133498916580494,0.024367833563804644,0.06689976129772195,0.08284130094591831,0.002604687006699126,0.02342340906506524,0.01004198432051059,0.011994609522635235,0.004855763472270589,0.0005695565092819009,0.0015224841203193304,0.17576915831540466,0.018942413624507055
22,0.11435261212150022,0.0016886632254301923,0.0021330053097393174,0.024747958716740813,0.06739799141601861,0.08458683687226126,0.002644772253960919,0.02405310742683346,0.010268792739248224,0.012302339914832329,0.0048529155996149724,0.0005880231197434162,0.0015246443617852768,0.17868270796907423,0.019267922995975992
23,0.11083422305073058,0.0016841795081722068,0.0021340240334424654,0.025249545808840878,0.06853538631021176,0.08636226128512788,0.002700978270934709,0.024622600653453758,0.01041112680852132,0.01248012424842576,0.0047970080020614675,0.0006002538682895936,0.001509675661196115,0.1822212265197281,0.019387061779972934
24,0.10881348472301107,0.0016776155367910642,0.00213399830634345,0.02553083349659452,0.0689177610559055,0.08756173795215501,0.0027318904625424274,0.02510223206275879,0.010537771598084188,0.012680302831866172,0.00475049457983453,0.0006123824059547866,0.001495991644403069,0.18431362153336173,0.01953917146205856
25,0.10650377435947121,0.0016761081196709816,0.00213431204138105,0.025831349865165526,0.06992047885667153,0.08870896182657902,0.002762281362246428,0.02529655939059904,0.010612391965929604,0.012817453461319914,0.004666986236427262,0.0006206965968008855,0.001469633622176684,0.186688281436096,0.019574769916724747
26,0.10382584134158003,0.0016767672673482258,0.002135034400847248,0.02617619342875225,0.07126221195554377,0.08995270581138641,0.00279724093186026,0.025419428763336263,0.010670732700473752,0.012918842993985562,0.004568448108040118,0.0006272620156167466,0.0014384941371006377,0.1894315874621267,0.019553047254743064
27,0.10113552600403802,0.0016776616856393036,0.002135849482884529,0.026520857821720985,0.07265047080241671,0.09119041411986267,0.0028316672862956855,0.02551526806192102,0.010726203516897468,0.013007311118047248,0.004467303895159903,0.0006331390053779464,0.001406453139462535,0.19218782027049608,0.01951420715804763
28,0.09846853100467395,0.0016788699807054174,0.002136755002229864,0.026860890619339644,0.07407078540304118,0.09240334022585703,0.002865060236985343,0.025581129642567542,0.010776905873517586,0.013080653207386397,0.004363158262661435,0.0006381874559143887,0.001373360825321203,0.1949203155084511,0.019455359751283423
29,0.09582935480602527,0.0016804072706653552,0.0021377530312688517,0.027195528920645872,0.07552416868274595,0.0935879768866516,0.002897276563899981,0.025615124076736284,0.01082246217648773,0.01313796144590721,0.004255999720157422,0.0006423557964432235,0.0013392228039719241,0.19762454621003384,0.01937553976647978
30,0.09322406123940483,0.0016822842722983289,0.0021388439421328458,0.02752377862424933,0.07701056725446015,0.09474023113608945,0.0029281459666549805,0.025615560820744027,0.010862505342252367,0.013178451402990987,0.004145886070265093,0.0006455981850804739,0.0013040661214153357,0.20029450517794858,0.01927400177975189
31,0.09065875470376814,0.0016845094860098936,0.002140027249750784,0.02784462280705589,0.07852961577729498,0.09585605468842932,0.0029574970146677786,0.025581069736562607,0.010896694938925321,0.013201465665086152,0.00403293758175716,0.0006478758736916479,0.0012679382482672873,0.2029242372169547,0.01915021736880225
32,0.08813925410397509,0.001687088688770463,0.0021413015883718412,0.02815706419709756,0.08008072174046398,0.09693162632363775,0.002985163594309391,0.025510672217302466,0.010924733144513199,0.013206505481330455,0.003917340546209938,0.0006491591122930113,0.0012309083145136109,0.2055081838757136,0.019003913454347016
33,0.0856709364120944,0.0016900246380278183,0.002142664665053551,0.02846014740961412,0.08166307141746576,0.0979634565778631,0.003010989320662428,0.025403835379435493,0.010946373932350536,0.013193254430643755,0.0037993472001046666,0.0006494285061087107,0.0011930669825537192,0.20804135269542678,0.01883509711941085
34,0.08325860045436786,0.001693316967072063,0.0021441132617208577,0.028752979883782323,0.08327564461591148,0.09894847685442335,0.003034831733123719,0.02526050689591069,0.010961429427309852,0.013161593688578553,0.0036792719375944474,0.0006486759033845834,0.0011545250822177534,0.21051946009936925,0.018644066611775336
35,0.08090635835115259,0.0016969622470314502,0.0021456432848678967,0.029034750228811124,0.08491723868441815,0.099884108591166,0.0030565659383271844,0.025081126682189474,0.01096977341756192,0.013111607934288448,0.003557484042819915,0.0006469047569540613,0.0011154110942737843,0.21293903989610083,0.01843140782833621
36,0.07861756379068559,0.0017009542112557646,0.002147249858804686,0.029304742638141656,0.08658649894398411,0.10076830710499461,0.0030760873961655348,0.02486661418421168,0.010971341770570544,0.013043581437611296,0.003434397427080434,0.0006441299295353657,0.0010758676504009934,0.21529750762935593,0.018197976444628092
37,0.0763947814755263,0.0017052841196454097,0.0021489274535613583,0.029562346589920976,0.08828195205081876,0.10159957804047291,0.0030933136498808946,0.02461833286976513,0.010966129871576965,0.012957984997951299,0.003310458208258648,0.0006403769769371333,0.0010360473339844744,0.2175931766109377,0.017944867517131556
38,0.07423979716575776,0.001709941224505211,0.002150670034889512,0.02980706163624942,0.09000203835011142,0.10237696778445483,0.0031081849270762157,0.024338036074671172,0.010954187549570081,0.01285545541979067,0.0031861311930152757,0.0006356810010857153,0.0009961081384413353,0.21982522713631358,0.017673375752332996
39,0.07215366344090125,0.0017149132900361442,0.0021524712223069177,0.03003849764390282,0.0917451394299944,0.10310003219444969,0.0031206636662798296,0.02402780009150257,0.010935612204743598,0.012736769887778158,0.003061886369608906,0.0006300852041336119,0.0009562089533046315,0.22199363538222647,0.017384950414825306
40,0.07013677300790484,0.0017201871173148238,0.002154324441943928,0.030256371282542608,0.09350959775690047,0.10376879000882984,0.003130733129694566,0.023689951059726624,0.01091054096467498,0.01260281785073424,0.002938186397651994,0.0006236392901638024,0.00091650540568021,0.2240990719551515,0.01708114894423025
41,0.06818894983771509,0.0017257490319250003,0.002156223063505146,0.030460499803213983,0.09529372626569999,0.10438366812739559,0.0031383953302793087,0.023326991849889882,0.0108791426735125,0.012454572858068794,0.0028154758369021444,0.0006163978529662148,0.000877146301655076,0.22614278157326476,0.01676359284959223
42,0.0663095489645462,0.0017315853016515279,0.0021581605142149242,0.030650793205967246,0.09709580683228566,0.1049454456031598,0.0031436685214648783,0.022941533969985505,0.010841610389465451,0.012293066324346222,0.0026941725565566817,0.0006084188630073727,0.0008382708109955084,0.22812645492689587,0.016433928554905785
43,0.0644975564392587,0.0017376824648682638,0.002160130366344998,0.030827245806721217,0.09891407752663697,0.10545520210445376,0.0031465844860644803,0.022536237978855057,0.010798154879622724,0.012119364580524886,0.0025746614735009986,0.0005997623325034884,0.0008000064403797965,0.2300521020960103,0.01609379482690917
44,0.06275168359553061,0.0017440275605922569,0.0021621263980634645,0.030989927997952697,0.10074670918185832,0.10591427504190236,0.0031471858169968827,0.022113764285302744,0.01074899940524081,0.011934549944147771,0.002457290528453318,0.0005904892023598808,0.0007624677606497625,0.23192193432606034,0.015744797435610733
45,0.06107045153614506,0.001750608261515072,0.0021641426297377875,0.031138978805785998,0.10259177227770526,0.10632422796367488,0.0031455233336006917,0.021676734832125427,0.01069437590853774,0.011739706002278914,0.0023423686435656353,0.0005806604642021399,0.0007257557988465643,0.23373825840710624,0.015388490908893254
46,0.05945226359148431,0.0017574129170732113,0.002166173339263103,0.03127459962940547,0.10444719557146334,0.1066868313378524,0.0031416537267178425,0.021227705049359304,0.010634522586133533,0.011535906907018756,0.002230165315989274,0.0005703365081515559,0.000689957976788517,0.2355033856853929,0.015026366707948104
47,0.05789546551888755,0.0017644305152726503,0.002168213060614868,0.03139704923572675,0.10631071785852204,0.10700405568135835,0.0031356374891526,0.020769144889543453,0.010569682741948637,0.011324210214807076,0.002120911473428192,0.0005595766715415086,0.0006551484692281813,0.23721955591857644,0.01465984682900496
48,0.056398393495465896,0.001771650578311477,0.002170256570289062,0.03150664010637979,0.10817983511266853,0.10727807578109529,0.003127537171011538,0.020303427253698977,0.010500104726189211,0.011105652638996134,0.0020148012291240367,0.0005484389544279968,0.0006213888592359357,0.2388888753184743,0.014290281681784105
49,0.054959410379560106,0.0017790630058069196,0.002172298866332278,0.031603736014929495,0.11005174683056501,0.1075112833720971,0.003117415999417262,0.019832821714568717,0.010426042742506745,0.010881247997072546,0.001911994209976866,0.0005369798629480817,0.0005887289815807173,0.24051326791664812,0.013918951051578213
50,0.053576931438146555,0.0017866578784651737,0.002174335145021573,0.0316887502547723,0.11192330720579442,0.1077063040462969,0.0031053369506751694,0.019359491538167843,0.010347758235046595,0.010651986508774011,0.0018126181688872813,0.0005252543355384412,0.0005572078585478645,0.24209443974093434,0.013547066871747598
51,0.05224943916372209,0.0017944252502523695,0.0021763607817195745,0.031762144040011056,0.11379099215573592,0.10786601082048447,0.0030913624411666144,0.0188854913989229,0.01026552139878678,0.010418834409519512,0.0017167716172845928,0.00051331569786879,0.0005268546423436757,0.24363385681630986,0.013175776367016572
52,0.05097548555544715,0.0018023549670021612,0.0021783713246224957,0.0318244240593798,0.11565090216286208,0.10799352124556652,0.0030755549324668965,0.018412762246048126,0.01017961216222504,0.010182732517160373,0.0016245262221906195,0.0005012155772161765,0.0004976894832353281,0.24513274058694362,0.0128061637998025
53,0.049753679592035915,0.0018104365675320263,0.0021803625140286525,0.03187613701895419,0.11749883348865106,0.10809215667895532,0.0030579789764366796,0.017943119071364682,0.010090319603779058,0.009944591787088316,0.0015359286905819213,0.0004890036787522071,0.0004697242383717574,0.2465920882154077,0.012439248394794204
54,0.048582654494024845,0.001818659371517651,0.002182330345627406,0.03191785837557139,0.11933046983195326,0.10816532969657569,0.003038705475317307,0.017478225574091396,0.009997938120317585,0.009705283066190501,0.0014510018211669922,0.0004767272869669836,0.00044296292523114407,0.24801273057793763,0.012075975099555622
55,0.0474610078187861,0.0018270129025339202,0.0021842712008534274,0.031950171298712984,0.12114176559132236,0.10821631253786898,0.003017819070938587,0.01701954847033939,0.009902758034263848,0.009465617545058553,0.0013697443977332981,0.00046443032237095187,0.0004174018236367213,0.24939544567046934,0.011717194088799525
56,0.046387211585286775,0.0018354878047945348,0.002186182062103939,0.0319736315134252,0.12292958479528464,0.10824784152420197,0.002995429164985372,0.01656828714697845,0.009805048269975714,0.009226315000700208,0.0012921297795470174,0.0004521518142179123,0.0003930291852402141,0.2507411426314504,0.011363625779705353
57,0.045359504430532514,0.0018440772969993684,0.0021880607941189636,0.031988718499552836,0.12469256531416095,0.10826156867559017,0.0029716829477823264,0.01612528737602099,0.009705031045876925,0.008987961990139792,0.0012181037552312327,0.0004399238966070807,0.00036982471923316965,0.25205110431355443,0.011015814361211277
58,0.044375816837284525,0.0018527787444004994,0.002189906373571688,0.03199578796403348,0.12643189699254195,0.10825754718596738,0.002946773647919749,0.01569098053319469,0.009602856406172382,0.008750976267977694,0.0011475838690168825,0.0004277701180084754,0.00034775950521555,0.25332719835962375,0.010674089760218601
59,0.04343382806534039,0.0018615941205495654,0.0021917188125270292,0.03199506336905718,0.1281512822916936,0.10823420997666619,0.002920931026049998,0.015265431598029818,0.009498597292377536,0.00851561371453372,0.0010804643198730412,0.0004157058172100055,0.00032679753593983194,0.25457185489243966,0.010338581387556599
60,0.042531209873898114,0.0018705280941881115,0.002193498594582249,0.03198670109526408,0.1298554864025142,0.10818923700283134,0.002894387156448494,0.014848546272862233,0.009392284662571537,0.008282045218015597,0.0010166284985482165,0.00040374188059828347,0.00030689948855856434,0.2557876568346563,0.010009315085720661
61,0.04166587962579567,0.0018795850842883964,0.0021952460198211123,0.03197088136684248,0.13154851685944044,0.10812069177877293,0.0028673417744782296,0.014440293157956767,0.009283957547697761,0.008050449552542483,0.0009559614423021208,0.0003918892597526028,0.0002880264516971801,0.2569768435706483,0.009686326706294388
62,0.0408360214229156,0.0018887684267578691,0.0021969610885239654,0.03194782911847548,0.13323327025662193,0.10802726574706382,0.002839959544226615,0.014040735695079595,0.009173675723227498,0.007821032139248183,0.0008983521703937625,0.00038015989917093143,0.0002701406680210849,0.25814123124299193,0.009369684876833963
63,0.04004444416400669,0.0018980092383142904,0.0021986318406705223,0.03191974769660255,0.13490614648389002,0.1078999320250256,0.00281373952665639,0.013657774026380241,0.009062637601484586,0.007595802538138599,0.0008438928496065165,0.0003686536037119937,0.0002532650681148425,0.2592775920619522,0.009061614059571954
64,0.03929439025359532,0.0019072169246837107,0.002200244564007911,0.031889323075254175,0.136561452894765,0.10772947120776312,0.002790390827458775,0.013300187308750547,0.00895233002905302,0.007377042120318757,0.00079268043148621,0.0003574826233604367,0.00023742363289742265,0.26038150223873746,0.008764628808062825
65,0.038579176576593016,0.0019164619685302178,0.0022018122985937674,0.03185483193818701,0.1382063064096628,0.10752516669920725,0.0027685371491508247,0.012959101509031559,0.008841695658696004,0.007162948674543346,0.000744357162558479,0.00034655944012503264,0.0002225047016887745,0.26145911176705244,0.008476369978915632
66,0.0378957573833539,0.0019257659585939224,0.0022033391950240172,0.031815925960676096,0.13984352828015514,0.1072900280392832,0.0027477930746982273,0.012631630295766404,0.008730467348092638,0.006953049758718734,0.0006987319035119813,0.00033586157692382134,0.00020844676740013548,0.262512979689903,0.008196090006554671
67,0.0372419139068792,0.0019351414168580425,0.0022048276427300835,0.031772511216749,0.14147499221458087,0.10702583752045226,0.002727960770817129,0.012316097873965813,0.008618526115340568,0.006747126520896725,0.0006556505652532465,0.0003253788725715009,0.00019519964215511897,0.2635448883798161,0.007923355600876593
68,0.03661582764580631,0.0019445974091484497,0.0022062793282167374,0.03172457961184629,0.14310213064092472,0.10673389407577041,0.0027089150144483792,0.012011334467158276,0.008505808594210969,0.006545055117253333,0.000614976418485295,0.00031510572167948905,0.0001827185509835977,0.2645562741983018,0.007657855808401716
69,0.03601590986843332,0.0019541415185468547,0.0022076955516605076,0.031672185420376496,0.1447261137860593,0.10641522562594527,0.002690566009351486,0.011716437166325797,0.00839227962597084,0.006346761011332259,0.0005765840039835605,0.0003050388164915967,0.00017096229485729804,0.26554834258768184,0.007399346126664715
70,0.035440519168420816,0.0019637828738782257,0.002209077368542844,0.03161559148234265,0.14634797613293016,0.10607063409561711,0.002672822239856942,0.011430539220997895,0.008277918023813167,0.006152203845065576,0.0005403562160331537,0.00029517623078393663,0.0001598923281269616,0.2665219716894021,0.0071476286200096275
71,0.034888398287798286,0.001973527229621762,0.002210425680122501,0.031554890443801095,0.14796852564516896,0.1057008924581724,0.0026556288301550802,0.011153040785417578,0.008162717824473621,0.005961352091784008,0.0005061826836943598,0.0002855165780869973,0.00014947237117072411,0.267478087718914,0.006902523724736089
72,0.03435984934710092,0.0019833658517866086,0.0022117414908977336,0.031488957067155765,0.1495883275719626,0.10530701782541527,0.0026391009432672023,0.010884334074622422,0.008046664850756538,0.005774114971886589,0.0004739571935085077,0.00027605680819119534,0.0001396678917025373,0.2684187804152675,0.00666379686528883
73,0.033698511938993266,0.0019989052821951046,0.002213255425164612,0.0314615254800474,0.15186480384870232,0.10452161104363242,0.002615810737724689,0.010533653655411814,0.007870248282753156,0.005559641263915684,0.00044146092763220257,0.00026527875150305285,0.00012983798179674763,0.26953587928547124,0.006396218924847688
74,0.030305213592232406,0.0021423926244125476,0.0022211631252973046,0.030938283253133306,0.17023881360309165,0.09578475229850535,0.00259673606715464,0.00871474340270585,0.006286313085200189,0.0044188719208655,0.00034505881951253805,0.00021066320797773688,0.00010168367098353097,0.2773350453714575,0.005076277619339305
75,0.029462483992751785,0.002166385536478517,0.0022227444313054397,0.031049065202110194,0.17302540784448114,0.09462315588882732,0.0025365756339640324,0.008214572493651224,0.006069837416238684,0.004191009591611448,0.00031589711639629596,0.00019920191368189358,9.28691237627157e-05,0.2783997118609237,0.004798977745452353
76,0.029271996013589142,0.00218006543583968,0.002224041497923493,0.030662128021048028,0.17520598874207366,0.09380143541273622,0.0025706781174994224,0.008133497772998096,0.005903470526769046,0.003992471520194831,0.0002913566342308491,0.00018962178362695112,8.552016784256155e-05,0.27971160004530743,0.004558970105895193
77,0.028598093595841177,0.0021995475681349844,0.002225280477476797,0.030783368368779537,0.1773767430972538,0.09287499648935472,0.002510885720292832,0.007716783690869226,0.005736393749816133,0.0038129550989802583,0.00026850634341193274,0.00018053462582209474,7.861698040482106e-05,0.2804794089977706,0.004340613048619107
78,0.028466962484503314,0.002211926584627953,0.002226425700936031,0.03039772076375288,0.17935595951423408,0.092109223212044,0.002546806207822143,0.007660871466992562,0.005587995672224888,0.003636153632303004,0.00024784084335271057,0.00017203230705134162,7.244922324995827e-05,0.28167286040109274,0.004128476005957014
79,0.02787168958557723,0.0022299530753276107,0.0022275230444050525,0.030509475759585476,0.18131698669916302,0.09125462844873361,0.002486692547221518,0.007280187114010007,0.005437598975971121,0.003475995178858143,0.0002285449401613784,0.00016392989221874197,6.663807392413867e-05,0.28233849480912815,0.003935108085162403
80,0.027782478257865638,0.0022414225518872745,0.002228542830828283,0.030130279699576663,0.18314300891910945,0.09052574758525679,0.002523498670984857,0.007241224654949799,0.005302719887122984,0.0033175233183827327,0.00021108139533738927,0.00015633535133795616,6.144490453027932e-05,0.28343347983030087,0.0037463849695883577
81,0.027252631010664982,0.002258263881916197,0.0022295202952897393,0.03023288035292843,0.18493509756909116,0.08972756744625161,0.0024635543732421973,0.006891751596827605,0.005165507569360892,0.00317396487965471,0.00019475134904681563,0.00014908155045436497,5.654379186476405e-05,0.2840179709854126,0.0035743415710206548
82,0.027194227618141005,0.002269044586069815,0.0022304323361308563,0.029863895503437897,0.18663513839004006,0.08902614751116074,0.002500600697155817,0.006864802814408691,0.0050415564862846965,0.003031508847460498,0.00017997028208108947,0.00014227811617347432,5.216499885874028e-05,0.2850266894127653,0.003405922244573802
83,0.02672024712908172,0.002284865529584681,0.002231305637591555,0.029957974872416766,0.18828420669434434,0.08827538135384648,0.0024412493655368178,0.006543212056861909,0.004915351979679996,0.002902552876778322,0.00016613664537805143,0.00013577269701822378,4.802813516912791e-05,0.2855440494705896,0.003252490354343725
84,0.026684939432590257,0.002295089373015417,0.0022321232095140276,0.02960192633271531,0.18987500054356754,0.08759691721574846,0.002478056889390253,0.006525027809085196,0.0048006783942974906,0.0027743351719567797,0.00015361616818019,0.00012967014587581457,4.4333468255282534e-05,0.28647500245779145,0.003101954954268066
85,0.026259416444833223,0.0023099979819940124,0.0022329047668908785,0.029688173108311292,0.19139895964526124,0.08688804092275919,0.002419660265171296,0.006228762497912461,0.004684010977708631,0.0026583826252588837,0.00014189121858236434,0.00012383180622594985,4.084032654447977e-05,0.28693542333110417,0.0029649459766116775
86,0.026241527179429743,0.0023197469021967675,0.0022336386380011476,0.02934698371944248,0.19289162348231195,0.086230681197743,0.0024558529710073116,0.0062170419554894805,0.004577480174176949,0.0025429216630488047,0.00013127999168229427,0.00011835475855165984,3.772144098689497e-05,0.28779519960655175,0.0028302778542696537
87,0.025858484494409063,0.002333818384599186,0.0022343388412860298,0.029426014349871608,0.19430374215000534,0.08556015300721138,0.0023987188906914826,0.005943995154547872,0.004469287227223387,0.0024386099159071544,0.00012133818145025731,0.00011311360556525839,3.4770919504530284e-05,0.2882066092024561,0.0027078326224272004
88,0.025853667854836004,0.0023431440576449844,0.0022349981596746964,0.029100983079373494,0.19570616280881487,0.08492353164547572,0.0024339848176330413,0.005937005472044019,0.0043700715203303575,0.0023346136911917563,0.00011234039153312695,0.00010819637289499321,3.213681129113153e-05,0.2890006847439677,0.002587287266911008
89,0.025508181283820684,0.0023564332141755356,0.0022356259898572515,0.029173281245478827,0.19701681583582745,0.08428899097151611,0.002378375372232084,0.005685366810283196,0.004269543521950485,0.00224074164944801,0.00010390651918368861,0.00010349048913235268,2.964362275918878e-05,0.28936954898985884,0.0024777822805232405
90,0.02551301980487916,0.0023653678326725123,0.0022362187277038714,0.02886523058872818,0.19833489882051883,0.08367358182339021,0.0024124409739234745,0.005681735956180343,0.004177012245866574,0.002147058551702565,9.627210889474552e-05,9.907466138704197e-05,2.7417599865889304e-05,0.2901026575740129,0.0023698229218502417
91,0.02520101779103049,0.0023779133536199165,0.002236782013808635,0.028931129556282114,0.1995523173697784,0.08307351670153404,0.002358582297648439,0.00544993462637916,0.00408352831806181,0.0020625609313936915,8.911351364601056e-05,9.484894457855654e-05,2.530982623730811e-05,0.29043435099534004,0.002271833215855567
92,0.02521279913571173,0.002386472306859242,0.002237315108057795,0.028640550974225777,0.20079032994066467,0.08248046244865091,0.002391192845803849,0.005448545895957802,0.003997216026489143,0.0019781708621477425,8.263156696367184e-05,9.088287206320424e-05,2.3427407669486674e-05,0.29111053113107727,0.0021751127088441053
93,0.02493094467773176,0.0023982972108853593,0.002237820644310174,0.028700235271635288,0.2019208642983213,0.08191413152338992,0.0023392839611818496,0.0052352297461650075,0.00391032053619125,0.0019021101325760353,7.65520111767749e-05,8.70886640027464e-05,2.1644555045359143e-05,0.2914095095290581,0.0020873953628009157
94,0.02494751299850799,0.002406478215719685,0.002238300049162789,0.028427422870539516,0.20308138951199345,0.08134531033273186,0.0023701836841805777,0.005235154233627083,0.0038299265468366055,0.0018261253651498976,7.104526451387071e-05,8.352738524722877e-05,2.005171576184276e-05,0.292032037762533,0.0020007497306728395
95,0.024693175481203866,0.002417582885184214,0.0022387535273664543,0.028480956592746923,0.20412904171457205,0.08081308825513915,0.0023204071034696643,0.0050392218674977065,0.00374936889477789,0.0017577095632183492,6.588045470123866e-05,8.012325827632931e-05,1.8543254310854627e-05,0.2923017589406786,0.0019222565305067718
96,0.02471287454373216,0.00242535551768328,0.0022391840634917214,0.028226166741588666,0.205212050307779,0.08027173060900701,0.002349315307503111,0.00503970510424297,0.00367483282358938,0.0016894043867129234,6.120138609898834e-05,7.692972615745433e-05,1.7195139149456257e-05,0.2928728013285321,0.0018447306381188223
97,0.024484190544118996,0.002435700867793846,0.0022395898457719552,0.02827353319711799,0.20617714428537487,0.07977601918211748,0.002301847668826846,0.004860383046580709,0.0036006810919719857,0.0016280276811960846,5.681554350532385e-05,7.388326105435203e-05,1.59193572277183e-05,0.2931153941828999,0.0017746458429834789
98,0.024505888437870074,0.0024429828350185996,0.002239974832370655,0.028037205036262027,0.20717785336930178,0.07926813455423391,0.002328417557450999,0.004860866830683768,0.003532355814704158,0.0015669000140559484,5.2843658328042446e-05,7.103096765448893e-05,1.4779348825848554e-05,0.29363527231167047,0.0017055539888643282
99,0.02430202532170324,0.0024524484949009543,0.0022403353041044235,0.028078386686094064,0.20805356430817545,0.07881567530380333,0.0022834396859789676,0.0046979001535249676,0.0034652930057179577,0.0015122465114445905,4.9128100545407925e-05,6.832333901505311e-05,1.3702783718715815e-05,0.29385057945148274,0.001643400734723767
100,0.024325406982238795,0.0024590329223528012,0.0022406753389828792,0.02786158086387966,0.20895602627097865,0.07835427854004767,0.002307165341241331,0.0046981782626046645,0.0034044832347975853,0.001458210082690805,4.577089827327684e-05,6.580471976028346e-05,1.2742599595750601e-05,0.29431564841487234,0.0015825283003201157
101,0.024147600805600692,0.0024672746559840303,0.002240988501867995,0.027896834564691865,0.20971632856954495,0.07796404618708055,0.0022648651611537575,0.004552474744960516,0.0033468440469641013,0.001410627267411391,4.264978003105253e-05,6.344733300052495e-05,1.1841449591035637e-05,0.2944977146627397,0.0015285658300340042
102,0.02417463124642918,0.002472543564531244,0.0022412764699701196,0.02770266812172715,0.21046816436888174,0.07758573363308381,0.0022847600336255713,0.004553418258775804,0.003297943821737374,0.0013647863830050697,3.985821506699461e-05,6.13079695387138e-05,1.104520098015427e-05,0.2948920762943669,0.0014769977685909323
103,0.02403188918117507,0.002478221023746236,0.0022415226508279377,0.027733991100714235,0.21100200010876635,0.0773321647260087,0.002245164851906554,0.0044302751290243286,0.003259401145270832,0.0013273297024370876,3.733584143030735e-05,5.943379983232816e-05,1.0318094671476362e-05,0.29500960481570593,0.0014344174383711995
104,0.02407351490715816,0.0024802268100817377,0.0022417203662854187,0.02757979068910598,0.21142057964947222,0.07714617511410007,0.0022615224949903336,0.004443130969386858,0.003236975969948223,0.0012956579387958743,3.519161292481958e-05,5.793594219246065e-05,9.706071497019686e-06,0.2952714082279495,0.0013984915654101744
105,0.0239490371234245,0.002485870934929056,0.002241946923198955,0.027603892371023238,0.21194597313988886,0.07688016254747843,0.0022292021564317374,0.0043386089878245165,0.003198223801609658,0.001261116591453488,3.2998676282245616e-05,5.6217428433911335e-05,9.07711684816226e-06,0.2953939468316235,0.0013594098130178072
106,0.023962835447480933,0.00249039446281843,0.0022421768696266075,0.027458728810441903,0.21256152205051132,0.07656129281941343,0.0022425538315678168,0.004333294106450656,0.0031582337416670397,0.0012246339070317086,3.093896012885262e-05,5.450835034822284e-05,8.493459847955838e-06,0.29569866280794327,0.00131857467735674
107,0.023852520552300638,0.0024962819768725975,0.002242397640373957,0.02746637871416255,0.21311843709482753,0.07626958281943713,0.002215124272689961,0.0042396190467513944,0.0031170612139276733,0.0011908141426155519,2.898609409210245e-05,5.284577619737103e-05,7.936715250052822e-06,0.295842763233706,0.001280582728155078
108,0.023852088610301192,0.0025013424064210263,0.002242619214162672,0.027340711021466953,0.21374813724540154,0.0759324404865272,0.002224508437924047,0.004224992825650451,0.0030746606123334954,0.0011557967397187474,2.7157162440880186e-05,5.1205952479043765e-05,7.42066691638513e-06,0.2961300789955032,0.0012415805215550562
109,0.023756718921845728,0.0025076483612933753,0.0022428365107638,0.027329873434391593,0.21434982936024313,0.07560595787568727,0.002202575255943664,0.00414269910140687,0.00302977415519167,0.0011223408357990885,2.5413582571188178e-05,4.9583836045311014e-05,6.926777687209495e-06,0.29630106159328096,0.001204265032102797
110,0.023735282155473266,0.002514025597937983,0.002243062995337954,0.02722259627532938,0.2150561235151985,0.07521195293383097,0.002206974971173341,0.004113472025827879,0.00297942132696631,0.0010867345051509267,2.37472573832386e-05,4.792098081626975e-05,6.458987053265714e-06,0.2965885234460307,0.001164861730403701
111,0.023646441306853384,0.0025225758682733642,0.0022433071782481232,0.02718197404544098,0.21585822288762374,0.0747519450468884,0.0021913405831337114,0.004035920753976701,0.002917499053061534,0.0010489203366659202,2.209740193928417e-05,4.613240558478437e-05,5.995928711897818e-06,0.29683742927162254,0.0011231460729018868
112,0.023582379800161757,0.0025337079511426135,0.002243592915805189,0.02707995068858714,0.21692315154439404,0.07412215613549729,0.002189534117460746,0.003975260974009903,0.0028347615963302546,0.0010042845204129352,2.041492649385133e-05,4.407572593946749e-05,5.527680609584187e-06,0.297210102771362,0.0010743028534558382
113,0.023474316423772616,0.002549122144820662,0.002243934131741124,0.026987652161553823,0.2183032910435261,0.07328842834561608,0.002179291734284116,0.003881185505081375,0.0027236958399692217,0.0009512006403923671,1.8652364280991413e-05,4.16442735014608e-05,5.039431618497438e-06,0.29765219662850767,0.0010165367097933167
114,0.023359137762413915,0.0025681249837196125,0.0022443218018928053,0.02686524416104508,0.21997770326486074,0.0722641215404827,0.002171765722951421,0.0037792069880859614,0.0025881872010406143,0.0008907590764960244,1.685437644885777e-05,3.890713313904705e-05,4.544200562412652e-06,0.29819279751638084,0.0009510647866463419
115,0.02323325897536665,0.002589501550658012,0.002244730026902406,0.026735623614349283,0.22181594324941037,0.07113001704746857,0.0021625170315374962,0.003667386083049121,0.002438583481085718,0.0008270840227140306,1.5099869075392876e-05,3.603937972052278e-05,4.062737828782183e-06,0.2987758634114655,0.0008822860093387284
116,0.023106524074882045,0.002612302905220242,0.002245141625588533,0.026600051926542332,0.22373490313103264,0.06993705552877315,0.002153135101777659,0.003553613537472425,0.0022819182012703007,0.0007628213213070259,1.3437458090666718e-05,3.3159381686767925e-05,3.6080397697406386e-06,0.29937870729905586,0.0008130262008542011
117,0.02298102827387787,0.002636123248031375,0.002245549033429059,0.02646212940227288,0.2256945019659377,0.06870997642033574,0.0021435491974813314,0.003439919679212238,0.002121392921364355,0.0006991575888869593,1.188312024092097e-05,3.0318634573274404e-05,3.1841785271874853e-06,0.299987947262967,0.0007445435222283422
118,0.02285815807960789,0.0026607474991159658,0.002245948669697688,0.026323276852410964,0.22767356507068087,0.06746211558691301,0.0021338721404785856,0.0033276203915410924,0.0019587046778031395,0.0006366544402172307,1.044020905272302e-05,2.754137469762765e-05,2.791849874170047e-06,0.30059717318961354,0.0006774278738417513
119,0.02273876650996155,0.0026860075105924392,0.0022463381933066954,0.02618462771562521,0.22965604024934483,0.06620387641105809,0.0021241667397085785,0.0032175924774382986,0.0017951340060689677,0.0005756816492302383,9.108040144400306e-06,2.4843250247183055e-05,2.430670384818095e-06,0.30120167587754976,0.0006120636100066399
120,0.022623571519798675,0.0027117256401520064,0.0022467155722332853,0.02604725653625913,0.23162645128651937,0.06494552910028185,0.0021144963943040026,0.0031106097211828737,0.0016319266092993847,0.0005165616298167931,7.884736962383725e-06,2.2237700362202946e-05,2.099945484160405e-06,0.30179708650228815,0.0005487840126255402
121,0.02251324889882501,0.0027376946090723366,0.0022470787918050694,0.025912282087446406,0.23356846945447673,0.06369810155065321,0.002104929961487491,0.0030074217140009527,0.0014704146258129646,0.000459614960135879,6.768077237709898e-06,1.973793839589082e-05,1.7988966690862236e-06,0.3023789226806184,0.000487919872438566
122,0.022408447910086747,0.0027636723130079035,0.002247425796969616,0.02578087968223377,0.2354647617819531,0.06247345892430971,0.0020955444797135367,0.002908765326651109,0.0013120351447961922,0.0004051693526452528,5.755664988417365e-06,1.7357337688843996e-05,1.5267076409293359e-06,0.30294253051262743,0.0004298090629634435
123,0.022309778325513743,0.0027893845539915035,0.0022477545287610343,0.025654253639281324,0.237297379405821,0.061284036927808545,0.0020864230763765557,0.0028153455961368924,0.0011583017527901438,0.0003535538340673722,4.84486900342525e-06,1.5109178379920854e-05,1.2825081009006797e-06,0.30348318500614296,0.000374790389551619
124,0.022217788087435512,0.002814532917081795,0.0022480629987434208,0.025533592828906458,0.23904842524573178,0.06014237700947142,0.002077652741158057,0.002727809098503969,0.0010107524306517605,0.0003050869213808035,4.0326973793411055e-06,1.3006142616483246e-05,1.0653407703830614e-06,0.30399626409486524,0.00032319110214701086
125,0.02213293984443001,0.002838806445599886,0.00224834937917071,0.025420019132955624,0.24070082502107124,0.05906058604317101,0.0020693200692092637,0.002646715190526074,0.0008708852050030903,0.00026006227076547886,3.315669777875817e-06,1.1059710666029751e-05,8.741281006717447e-07,0.3044774463239776,0.00027531177931005614
126,0.022055590286101805,0.002861895883763331,0.0022486120947081477,0.025314537170074904,0.24223912971952027,0.058049758505107546,0.0020615085288715066,0.0025725132364011016,0.0007400900185913267,0.0002187340384584054,2.689719887663026e-06,9.279555481629992e-06,7.07647289585692e-07,0.3049229099899004,0.0002314109611172841
127,0.02198597435318688,0.0028835096016332122,0.0022488499123411005,0.025217986194808015,0.24365024818095526,0.057119449777307665,0.002054293245751645,0.0025055224448175687,0.0006195812110570341,0.00018130249107901525,2.1501310706766754e-06,7.67295813860691e-06,5.645143224479611e-07,0.30532951364883215,0.00019169009461074678
128,0.02192419335322769,0.0029033900904204793,0.0022490620243281498,0.02513099879965783,0.24492410013524996,0.0562771994170296,0.0020477364755897803,0.0024459179888049964,0.0005103348306264378,0.0001479007048660518,1.6915107270557276e-06,6.244279166242692e-06,4.431784414860404e-07,0.30569495401667435,0.00015627967320083625
129,0.021870206392210857,0.0029213298975680458,0.0022492481210152774,0.025053967958773113,0.24605415460261099,0.055528133020908886,0.0020418841953187545,0.002393723103935291,0.0004130338065768287,0.00011858287363327066,1.3078026042914777e-06,4.994506036352086e-06,3.4192674464663987e-07,0.30601789492277387,0.00012522710901856083
130,0.021823826143972155,0.002937185556762718,0.0022494084468282815,0.024987023194906716,0.24703781528255342,0.05487467572580078,0.0020367627414259047,0.0023488055007764444,0.0003280250039654251,9.331529523047574e-05,9.923411802650174e-07,3.920919843135843e-06,2.588998820546187e-07,0.30629805925055653,9.848745613593121e-05
131,0.021784719345781613,0.002950887914488583,0.0022495438304801947,0.024930018884095004,0.24787660971298384,0.05431640732267611,0.0020323758987364545,0.0023108787288645878,0.00025529280266237055,7.197146673401003e-05,7.379534580617644e-07,3.0169383439301033e-06,1.921200880809266e-07,0.306536271663261,7.591847862408282e-05
132,0.02175241377530774,0.0029624471212340996,0.002249655678104009,0.024882538772154652,0.248576146124226,0.05385007910956655,0.0020287043190126515,0.002279511286320042,0.00019445492120542975,5.4333081494859075e-05,5.371140421039663e-07,2.2722068765076484e-06,1.3953288130406858e-07,0.3067344408391252,5.728193529477476e-05
133,0.021726313979313284,0.00297195089245248,0.0022497459202296304,0.02484391925057875,0.2491457869460655,0.05346982810455647,0.0020257072005947273,0.0022541447499217276,0.00014478536798214685,4.009836544019173e-05,3.8215230412533886e-07,1.6729926199217664e-06,9.906188316324639e-08,0.30689546700113846,4.225257224740208e-05
134,0.02170572749895511,0.0029795555484867097,0.002249816910266125,0.024813290936663655,0.2495980094071907,0.053167614626988734,0.002023323814789746,0.0022341190376901033,0.00010526612577061969,2.88981203289078e-05,2.654987127087336e-07,1.202892448265126e-06,6.867316145182595e-08,0.30702306688665926,3.0435184651333482e-05
135,0.021689898813578655,0.002985470521627562,0.002249871280833135,0.02478964029740613,0.2499475315120278,0.052933810016322386,0.0020214808979789603,0.002218710221651494,7.466469939576232e-05,2.031846673989646e-05,1.7994660192428966e-07,8.43807705747181e-07,4.64427691733745e-08,0.30712153264798064,2.1388663816741307e-05
136,0.021678051186281765,0.0029899384241772312,0.002249911775348437,0.024771878905311025,0.25021023070374243,0.05275794327091551,0.0020200956916937084,0.0022071683538204745,5.162871725134579e-05,1.3927522135843123e-05,1.1889538353662637e-07,5.770675102291366e-07,3.061861194894386e-08,0.3071954380201721,1.4654103641557827e-05
137,0.02166942747769449,0.0029932136835939256,0.002249941078271144,0.0247589184058521,0.2504020690968707,0.05262942743959121,0.0020190851150254543,0.0021987618538087867,3.478483219543601e-05,9.302306528461163e-06,7.654210572743382e-08,3.84545541533385e-07,1.9668176193579898e-08,0.3072493435052961,9.783062351915561e-06
138,0.02166332807579029,0.002995542939554582,0.002249961668311114,0.0247497344212887,0.25053810094771156,0.05253824473894373,0.0020183694946247733,0.0021928123285924967,2.2828086390937676e-05,6.052020104425951e-06,4.799661133258559e-08,2.4961191825277363e-07,1.2305958189654958e-08,0.30728752750987254,6.361934592200965e-06
139,0.02165913804965362,0.0029971497815012753,0.002249975712946331,0.024743416681395403,0.25063173715847215,0.05247544874773996,0.0020178777023946107,0.002188722689199681,1.4590390961881944e-05,3.834787304318149e-06,2.9311312460060136e-08,1.5780358271957997e-07,7.498598030677776e-09,0.3073137862978064,4.0294007975284666e-06
