,Rs,Rj,Ra,Sj,Sa,Sb,Sga,Sgb,Cj,Ca,Cb,Cga,Cgb,Clupeid adult,Cod adult
0,0.0925418741715653,0.0023273258386533953,0.002188022036595084,0.022169461283150633,0.15230397229857498,0.07368519454328755,0.0015980806226104716,0.00831576654489763,0.0051865627280559,0.004896240486821183,0.0033518891675534367,0.00018496728545793,0.0008237951451723107,0.23590301400937064,0.00925689208500486
1,0.09784632397527411,0.0023538894142769136,0.002177978245143468,0.020248149443154895,0.1526976367339654,0.07083715164311928,0.0015311617492867904,0.007032625435924766,0.004690614840145026,0.004530448331546099,0.003072636328520734,0.00015184903687954284,0.0006764677290613575,0.23209857556229624,0.008431401426007734
2,0.10609547278306915,0.0022394826960204527,0.0021630662757381293,0.021654797510183267,0.1342221026770031,0.07220351537319447,0.0015497958075322172,0.008901021445402758,0.0058022143659581145,0.00609638515893217,0.0039850333815912315,0.00021367170079713248,0.0009181040482126386,0.21687643530313255,0.011213194289533171
3,0.11231351112229397,0.0022619569641612177,0.002165665706667276,0.020924087841102428,0.12696566864404962,0.07166335817352297,0.0015539577260032865,0.009092122515094048,0.005637325404807809,0.005988121857782796,0.003838415332223981,0.00020871955045114469,0.0008751459442890848,0.20927510705866992,0.010910402684747007
4,0.10053170096952664,0.0021625772622691337,0.0021625507333821407,0.02210473152828598,0.13005962038265145,0.0807148277938217,0.0017434143646692397,0.00989835306526654,0.0064909293590087345,0.006761931919176188,0.004195560167748515,0.00024291574925760617,0.0009788276487059696,0.22241621560640892,0.01217923548488828
5,0.11130201858845608,0.002224037214059289,0.002161483822631457,0.021121082874544332,0.12346534880787714,0.07427346041296443,0.0016658809140704337,0.00984933119567737,0.005945283824860067,0.006579561209691176,0.004069052943403904,0.00022846223518853555,0.0009189943782987375,0.20925402133058932,0.011796070766582355
6,0.11999513529636403,0.002185066044718488,0.00214531860738722,0.021945928898478094,0.11077753061859497,0.07234082937056861,0.0017119034946998354,0.010543639499605855,0.006195649615226686,0.007545318016624813,0.004528795191250953,0.00025114375262578386,0.0009975375560991471,0.19537390298346927,0.013322794516600699
7,0.12500886675137224,0.0019965657189090352,0.0021283256535697026,0.021252681622696508,0.0951293182313452,0.07776906240882199,0.00182039488070436,0.012706169447508563,0.007824799085718075,0.009740230736622599,0.005487498136531043,0.0003348607705846214,0.0012892305655608784,0.1874249449683801,0.01685182020929914
8,0.12084761925766985,0.0019922305084982737,0.002129610757664787,0.02379996545169882,0.09316205967878079,0.07929793156447072,0.0018654605714482056,0.013835865235646573,0.007886708634625244,0.010409345619790202,0.005484568005876732,0.0003649351288488472,0.0013427135730261564,0.18816131705034628,0.017601562327541936
9,0.12755381337054958,0.0018703887419061046,0.002116654520884738,0.02260688256278525,0.08268332094629505,0.0800887842343415,0.0019050269075935164,0.015259738079124644,0.008910564258127132,0.011860996510946447,0.005960622821437496,0.0004240745528237663,0.0014819731409902183,0.17993687016735474,0.019727667026197927
10,0.12450612464921951,0.0018073390181927353,0.002117181463151946,0.022780663785339925,0.08152297571115902,0.08324460078106426,0.0020055962625645588,0.0163398767275533,0.00948965436866117,0.012542644082200743,0.006096930051815502,0.00046487181696233416,0.0015443408591982529,0.18311304948234114,0.020648786810176834
11,0.12691212689673298,0.00181924361115204,0.0021184730147841267,0.02341945728028568,0.07875067465079011,0.08113641512880498,0.0020026247231753887,0.01640286357523602,0.009264316660752909,0.01264256793540707,0.005873519491716291,0.00047233065754939,0.0014887877925201804,0.17829257807800647,0.02047720587719293
12,0.12285611368209111,0.0017376653544837826,0.0021195572932398753,0.02390526785796355,0.07568321155277205,0.08612551439814069,0.002106475060942186,0.018234392041881993,0.010186259112767725,0.013478516856662619,0.00617501610334144,0.0005237069014955323,0.0015916481553851405,0.18214959305373693,0.02176888801688473
13,0.12207380684033972,0.001685737493935573,0.0021180702813056664,0.024093764785273655,0.07211230300015394,0.0885594089861665,0.0021516829515791486,0.01959951186984444,0.010843256955467347,0.014065266903354029,0.006274731877418341,0.0005549471622408471,0.0016261434950888257,0.18242290680774403,0.022521089438102045
14,0.11580076320837318,0.0016851295496610947,0.002122002817566016,0.025120335316660466,0.07492919841472097,0.09159200434242562,0.002221315757634703,0.020174675561724666,0.010992170441038984,0.014250527923604822,0.006149527988107343,0.0005706695743923733,0.0016033622233704305,0.18891719407650598,0.022574087709474965
15,0.11896114170981872,0.0016554960491742083,0.002119602217276578,0.024935233560746176,0.06976302899914272,0.09138433629569322,0.002241713993152889,0.021222072948283,0.011348298007165847,0.014578011299727276,0.006113612159541395,0.0005849403177056495,0.0015918050690821243,0.18461115223627184,0.022868368846056444
16,0.11686976308618484,0.00159477254141325,0.0021164690605078524,0.025334597312310244,0.0657194623173722,0.09500296721694738,0.0023214907603857408,0.02363785774290628,0.012233825357638575,0.015567851828840958,0.00636965582818343,0.0006359312669410714,0.0016705026945696819,0.1866817780376116,0.024243941618535145
17,0.11322843592289046,0.0015844466982313573,0.0021172547795211888,0.025929772077892325,0.06616927170333502,0.09732103270182187,0.002380842722940796,0.02458283447039766,0.012504031508722799,0.01592728492118736,0.006318248105716656,0.000656219929541585,0.0016618983271809073,0.19045398159849536,0.024563651283626507
18,0.11233492339574398,0.0015739804680023253,0.002116272891129534,0.026090332367563304,0.06549033874780584,0.09824371273803487,0.0024004418308406386,0.02529285663991107,0.012678765470217143,0.016277247144898047,0.006270542309302937,0.0006734097725816354,0.0016503963263444035,0.1914273499565924,0.02487159555312702
19,0.10836781145470553,0.0015648604881144995,0.002116574329717012,0.02664483265995039,0.06657051502186843,0.10072756790374353,0.00245109831247867,0.026013935224515963,0.012930252046551157,0.016671807805386633,0.006223368032203045,0.0006946691230783706,0.0016417997208855715,0.1957631164626066,0.025231644681553617
20,0.10449303975380896,0.0015637257821510331,0.0021175147816096355,0.027144160894156947,0.06828855840644149,0.10299771449530075,0.0024937318008966297,0.02629687413196294,0.013063820154074014,0.01690237494014271,0.00609534121567133,0.0007075144545984513,0.0016096132160912026,0.2000768788346018,0.025314843826503692
21,0.10095192244432906,0.0015641128246881633,0.0021185458916147576,0.027594539619926018,0.06997669086207763,0.1050519345298749,0.002530711995726378,0.026473446550460276,0.013164573627979745,0.01708176307687967,0.005950821698372742,0.0007176610817067528,0.0015722610188656442,0.20403278393813915,0.025322506875824807
22,0.09743346347131437,0.0015649933137845122,0.002119749470555002,0.0280371173932653,0.07172120506950241,0.10708754149287518,0.0025659279591258815,0.026599729490756698,0.013256421303736292,0.017230226822643267,0.005798938878326685,0.000726372959414356,0.001532732014298685,0.20797440401226017,0.025288270674682995
23,0.09394282378816818,0.0015663817800309488,0.002121133965539231,0.028470306601202422,0.07352728189968946,0.10910087038434689,0.0025990604229025375,0.0266704622719687,0.01333867513717363,0.0173450030960841,0.00563947179865091,0.000733517856194704,0.001490985694971494,0.2118976749789076,0.025208978445901208
24,0.09049310091132212,0.0015683104001564128,0.002122705209238677,0.028891563477210502,0.07539674756222267,0.1110827960401695,0.0026297073560501067,0.026680276563314266,0.013410165408796854,0.017423045844860947,0.005472240744616165,0.0007389451999471096,0.001446985274322101,0.21578952752175654,0.02508121706374632
25,0.08709776383886189,0.0015708059635437118,0.002124466405645684,0.029298205302624513,0.07733088438664029,0.11302384883469219,0.0026574566903050096,0.0266245127277524,0.013469776357349413,0.017461684465983777,0.005297295992051327,0.0007425220061984341,0.0014007574495101677,0.21963670263938992,0.024902259913743705
26,0.0837695336540491,0.001573888958451829,0.002126418016688449,0.02968756326677795,0.07933072150235934,0.11491483711505705,0.002681909356236321,0.026499547148366092,0.01351650209796446,0.01745877632074272,0.005114942970842499,0.0007441408199212546,0.0013523997767082904,0.22342701512201882,0.024670259888214766
27,0.08051972242992507,0.001577572758289104,0.0021285575285937297,0.030057077789972495,0.08139712824774152,0.11674724597989573,0.0027026966965696055,0.026303046958221037,0.013549486486173089,0.017412836673010905,0.004925752080330606,0.0007437262215220482,0.0013020832415027365,0.22715011788242792,0.024384398216366298
28,0.07735769107512587,0.0015818635913589147,0.0021308794855566192,0.03040438162641862,0.08353094410223787,0.11851356752856235,0.002719495369728155,0.026034121422339445,0.013568047720856092,0.0173231139401837,0.004730543787958685,0.0007412387186956824,0.0012500478979778854,0.23079812842286782,0.024044944344815952
29,0.0742904894743069,0.0015867614028757205,0.0021333758160992145,0.030727361222883224,0.08573314103646482,0.1202075214834723,0.00273203746439455,0.02569334280778738,0.013571683450339841,0.017189596319379455,0.004530349090445236,0.0007366753319307582,0.0011965916376617761,0.2343660427921191,0.023653212379417223
30,0.07132272588907634,0.0015922615274330816,0.0021360364004599074,0.031024188847640837,0.08800499230715862,0.12182413916219072,0.0027401141384286415,0.02528263663620576,0.013560055711466713,0.01701295052273289,0.004326350918724362,0.0007300668666332,0.0011420536633236604,0.2378518822439837,0.023211421971414115
31,0.06845666519589469,0.0015983569303198056,0.0021388497766766414,0.03129332449527483,0.09034821461170113,0.12335971673562324,0.0027435723481414155,0.02480506903347499,0.013532959256091643,0.0167944075644091,0.004119815898549453,0.0007214725551582676,0.0010867953060394087,0.24125657272894077,0.02272249132415623
32,0.0656925134436539,0.0016050406954628473,0.0021418038623875566,0.03153349302499543,0.09276504770735905,0.12481167490268781,0.002742305437058962,0.024264577595420077,0.01349027978252808,0.01653561974773516,0.003912026934189951,0.0007109732093829986,0.0010311811106730468,0.2445836056425259,0.022189801001981157
33,0.0630288249475167,0.0016123084274766632,0.0021448865783947075,0.03174364579626316,0.09525823208666377,0.1261783839062957,0.002736239061511581,0.023665697386524666,0.013431949783303995,0.016238515244133906,0.0037042254217890774,0.000698664146518913,0.0009755626423391583,0.24783855244099579,0.021616967454781057
34,0.0604629697602663,0.0016201603399121002,0.0021480862878231906,0.031922919379151635,0.09783083142199242,0.12745902418794464,0.0027253139677686487,0.02301332859109706,0.013357908809445615,0.015905173244600595,0.0034975686614521872,0.0006846489915836463,0.0009202665502464183,0.25102849816880274,0.021007657447882848
35,0.057991618123675204,0.0016286027584056528,0.002151391983364687,0.03207060362066745,0.10048582493505155,0.1286535608967094,0.0027094664840864205,0.022312577303525465,0.013268075494025477,0.015537738425383982,0.0032931049019412307,0.0006690352454406541,0.000865587539460912,0.2541614296193728,0.02036546611222678
36,0.05561125740244095,0.0016376487981337696,0.002154793155392823,0.03218612796428412,0.10322528891979395,0.1297629394738869,0.002688607141247677,0.021568712431288814,0.01316233692177339,0.015138389881381577,0.003091766304532831,0.0006519323038386957,0.0008117862748635012,0.2572455479662173,0.019693874764616606
37,0.05331871030983658,0.001647318086892619,0.002158279250225828,0.03226910846409663,0.10604897804595448,0.13078961839008632,0.0026625959771948136,0.020787236378811542,0.01304056638028937,0.014709385703101752,0.002894379821014703,0.0006334528381941864,0.000759092139546834,0.2602884287920471,0.018996310501857475
38,0.051111835194155575,0.0016576338806983052,0.002161838551671163,0.032319426541070014,0.10895183440229593,0.13173865827599315,0.0026312177120696493,0.019974158922261717,0.012902686444649984,0.01425320589117119,0.0027016962403515472,0.0006137185014036857,0.0007077108372861993,0.26329586931262045,0.018276331470212622
39,0.04899016152014872,0.001668618721822228,0.0021654565802368053,0.03233744663954318,0.11192062349472325,0.13261928917582833,0.0025941650629872377,0.019136353808977397,0.012748780784812461,0.01377279538134226,0.0025144326606040893,0.0005928700050017936,0.0006578355618634362,0.26627043154251623,0.01753793360881158
40,0.04695500326888298,0.0016802893343772496,0.002169115455307895,0.03232409252960383,0.11493271367249809,0.13344553131337866,0.0025510925987899313,0.018281615035504923,0.012579183311415287,0.013271679878653906,0.0023332893686654945,0.000571072057697733,0.0006096519394291858,0.2692109526201716,0.016785693244446318
41,0.04500589700078539,0.0016926755300215239,0.0021728012255539885,0.0322801005267186,0.11797190551455537,0.13422877325898783,0.0025019006604993653,0.01741632445432417,0.012394049344575801,0.012752873583122312,0.0021587787964660985,0.00054846748978625,0.0005632957288464066,0.27211890388836674,0.01602341559822107
42,0.04313290397325725,0.0017058852219836674,0.0021765227558826557,0.03220366755508177,0.1210688546560622,0.13495852248995988,0.0024471472585433935,0.016540121563501813,0.012191969617190644,0.012215891260256498,0.0019908021110982975,0.0005250510769117954,0.000518746372056509,0.27501464596806724,0.015250490820323101
43,0.041350657863706015,0.0017198364532995218,0.0021802326514110773,0.032099902746319235,0.12424652739543993,0.1355646704788561,0.002391676343076177,0.015681619147978533,0.01197571415986795,0.01166940479770525,0.0018306199949827324,0.0005012071946530593,0.00047633004977051086,0.27788449336535076,0.014477562037111553
44,0.039700744306101106,0.0017341206178031446,0.002183809933235491,0.031984117485196056,0.12747102359770185,0.1359498244853068,0.002343714266107987,0.014898017398868145,0.01175455749126396,0.011134319931249725,0.0016810487985410361,0.0004778392518572393,0.0004367672573780536,0.2806625797479848,0.013729975239026053
45,0.0381360708945108,0.0017491471506102584,0.0021873508001570927,0.031844453903248526,0.1308178309690514,0.13615999447671207,0.0022984664013251336,0.014145304902330605,0.011520854667443865,0.010595916531316524,0.0015394976967242353,0.000454330956887654,0.00039939027315005315,0.28342159674941914,0.012989135458078465
46,0.03663786226045362,0.001765184004214653,0.002190902134172851,0.03167098099092068,0.1343521570671936,0.1361928245740949,0.0022547979886148274,0.013408753385566479,0.011269625431399857,0.010047032231320394,0.0014047188061906096,0.00043039027050749466,0.00036387655942124556,0.28620853301546983,0.012246017867439743
47,0.030285348892850197,0.0019388594923935322,0.0022051441907480437,0.0312728201106909,0.16300288691029532,0.12490482538769171,0.0021671711198095497,0.009944716403837008,0.008854864404113611,0.007807330583880719,0.0010796696519174873,0.000334600816828661,0.0002807586687593759,0.30001959982163356,0.009502359721386243
48,0.025430683614534398,0.0021035071239112317,0.002221590469486444,0.028744004463202726,0.19207245731756656,0.11438451215896968,0.0020928104460786593,0.00706919686282573,0.0067114441963582825,0.005016132873783853,0.0006739466279600282,0.00021524525632594263,0.00017571743023130478,0.31561897678544065,0.006081042188301127
49,0.02304189269801492,0.0022314372489607415,0.0022315496301967747,0.026766275523453863,0.21251964851772173,0.10537799899213295,0.0018958199857500877,0.005113253605475176,0.005328599104282023,0.0032752451160231837,0.00042541789978036787,0.00014031872892675363,0.00011093773302954548,0.32490672110108,0.00395191947775985
50,0.02104946037470081,0.002523109206387021,0.002244235783347957,0.022413419493280032,0.25319671582833675,0.08185329817349778,0.0016168839767284598,0.0027191941291415038,0.0027945750129912865,0.001022557207983301,0.00013009789730726972,4.391965335297614e-05,3.401494102355087e-05,0.33938609210770443,0.0012305896996670977
51,0.020184453329598426,0.0028588867001687846,0.0022490140488419194,0.020097932464952718,0.284498379805736,0.059977482498030615,0.0014192528114274365,0.001528223056391231,0.000716777902708287,0.00017528424324906073,2.134055375456056e-05,7.510951421166066e-06,5.5773124588250745e-06,0.34742333817158527,0.0002097130608836124
52,0.020014870577626732,0.0029649954684823876,0.0022497782889757075,0.019635571736520044,0.2919991624012831,0.05444785531599154,0.001393227920255638,0.0013239046206946006,0.00017112075842784332,3.947453086204647e-05,4.600921683417088e-06,1.6868253493948038e-06,1.2000095493067856e-06,0.3491641502582249,4.696228744416514e-05
53,0.01997628387827146,0.002991760469665861,0.002249949537677069,0.019528585332867242,0.2937636929157392,0.053139413325678446,0.0013868690703630257,0.001277918899173328,3.990797258797053e-05,8.992553105955992e-06,1.0050730977441797e-06,3.834547969686655e-07,2.615299693518602e-07,0.349567894210954,1.0642610970020699e-05
54,0.019967203061064503,0.002998230909553772,0.0022499893931076567,0.019503274517661227,0.2941829485357353,0.05282800263319653,0.0013853559319204867,0.0012671143792004323,8.549220398953119e-06,1.89155836086838e-06,2.0281252387694676e-07,8.050105797166834e-08,5.2646815279852035e-08,0.3496634214800528,2.2275187579968473e-06
55,0.019965219570352223,0.0029996574036776284,0.002249997983347184,0.01949772971032729,0.29427498193956547,0.052759577505401375,0.0013850267000949162,0.0012647508603629268,1.6547278928034347e-06,3.598761452802332e-07,3.701718533694931e-08,1.5286155986547173e-08,9.58575291308597e-09,0.3496843370054247,4.217652395168156e-07
56,0.01996482837306833,0.0029999401368707226,0.0022499996538180183,0.01949663365951795,0.294293203066006,0.052746019643285944,0.001384962295706329,0.001264283714911614,2.8909555508596266e-07,6.181625957553917e-08,6.099618082019423e-09,2.6206459009784004e-09,1.5756817425252988e-09,0.34968846871990983,7.211220530106228e-08
57,0.019964758921544583,0.0029999905302492543,0.0022499999461913283,0.01949643864993747,0.29429644930108334,0.052743602472691796,0.0013849509490325956,0.0012642005812904475,4.5729259225889465e-08,9.614258979761093e-09,9.099777228636179e-10,4.0679467685604755e-10,2.3449765855111885e-10,0.3496892033040982,1.1165529038031878e-08
58,0.019964747786935976,0.002999998638515415,0.002249999992398041,0.019496407323365564,0.29429697147311884,0.05274321338886576,0.0013849491446021442,0.0012641872227344903,6.574293690371388e-09,1.3590773570170114e-09,1.2337823272707998e-10,5.739186162252872e-11,3.1716657124460804e-11,0.3496893212293212,1.5715641084910807e-09
59,0.01996474616810212,0.002999999821409609,0.0022499999990200697,0.019496402760306772,0.29429704763252584,0.05274315660228031,0.0013849488843515557,0.0012641852762974978,8.623369766920551e-10,1.752908939297656e-10,1.5261533610842826e-11,7.387630174970864e-12,3.913699839954097e-12,0.3496893383954552,2.0185375755553336e-10
60,0.01996474595376446,0.0029999999785471827,0.002249999999884316,0.019496402155063885,0.29429705774719744,0.052743149055578815,0.0013849488501609737,0.0012641850180360452,1.035825685290737e-10,2.070490198441439e-11,1.7287109734611037e-12,8.708669616406446e-13,4.422335249593139e-13,0.3496893406709733,2.3746713444475454e-11
61,0.019964745927815213,0.0029999999976317486,0.0022499999999874482,0.019496402081667252,0.2942970589753352,0.05274314813866981,0.0013849488460524625,0.0012641849867053156,1.1434423412670583e-11,2.247631034977494e-12,1.799498380259731e-13,9.434739954535183e-14,4.5921939454573024e-14,0.34968934094676274,2.567850212003392e-12
62,0.01996474592493194,0.002999999999758925,0.0022499999999987443,0.019496402073498512,0.2942970591122107,0.052743148036412245,0.001384948845601007,0.001264184983218154,1.1639219848792417e-12,2.249997203686829e-13,1.7272426469774454e-14,9.425553136353579e-15,4.397048317016327e-15,0.3496893409774421,2.5609474829182724e-13
63,0.019964745924637265,0.002999999999977299,0.002249999999999884,0.01949640207265989,0.2942970591262289,0.0527431480259427,0.0013849488455525934,0.0012641849828589303,1.0959984136893027e-13,2.083729229112853e-14,1.5336494697001215e-15,8.711240782907947e-16,3.8946894638958454e-16,0.34968934098058313,2.363153478550903e-14
64,0.019964745924608333,0.002999999999998017,0.0022499999999999894,0.019496402072582745,0.29429705912759224,0.05274314802491296,0.0013849488455507455,0.0012641849828265593,9.576349379452377e-15,1.790742096161328e-15,1.2635737635725912e-16,7.471018123987593e-17,3.201002140911269e-17,0.3496893409808825,2.0238196751675756e-15
65,0.019964745924606068,0.0029999999999998396,0.0022499999999999977,0.019496402072575556,0.29429705912771115,0.05274314802482336,0.0013849488455507796,0.0012641849828239494,7.786772013870387e-16,1.4322637916401343e-16,9.688204582014396e-18,5.963100749605818e-18,2.4483143370760405e-18,0.34968934098090926,1.6132599883270968e-16
66,0.019964745924605946,0.002999999999999987,0.0022499999999999985,0.01949640207257472,0.2942970591277196,0.05274314802481789,0.0013849488455502173,0.0012641849828232078,5.90859708038082e-17,1.0690926559731561e-17,6.932007777867752e-19,4.441825216850564e-19,1.74751684378352e-19,0.34968934098091087,1.2003061543581745e-17
67,0.01996474592460712,0.002999999999999998,0.0022499999999999985,0.019496402072572295,0.29429705912768206,0.052743148024857675,0.0013849488455478516,0.001264184982821957,4.194923443166265e-18,7.4671571595039555e-19,4.640809114921132e-20,3.095944824832314e-20,1.1670635445748207e-20,0.34968934098090954,8.3575389079367835e-19
68,0.019964745924605596,0.0029999999999999983,0.0022499999999999985,0.01949640207257544,0.29429705912772514,0.05274314802481166,0.0013849488455509001,0.0012641849828236766,2.79359652060225e-19,4.892511315121069e-20,2.9143176113990327e-21,2.0242147722311978e-21,7.310990648215557e-22,0.34968934098091137,5.459474459966248e-20
69,0.019964745924606286,0.0029999999999999983,0.0022499999999999985,0.019496402072574113,0.2942970591277148,0.052743148024822946,0.0013849488455502212,0.0012641849828233468,1.7491901368158618e-20,3.0142571089150336e-21,1.7207763888800222e-22,1.2444776869601871e-22,4.306282143770731e-23,0.34968934098091137,3.3538453379367612e-21
70,0.01996474592460654,0.0029999999999999983,0.0022499999999999985,0.01949640207257344,0.29429705912769877,0.05274314802483997,0.0013849488455489373,0.0012641849828225564,1.0321118387647777e-21,1.7501883532448458e-22,9.575049818625427e-24,7.21056209694771e-24,2.3903306851409515e-24,0.3496893409809102,1.9419477792519865e-22
71,0.019964745924606578,0.0029999999999999983,0.0022499999999999985,0.019496402072573412,0.29429705912769843,0.05274314802484024,0.0013849488455489763,0.0012641849828225725,5.751313068843501e-23,9.597999270691677e-24,5.03179085395411e-25,3.945828424361294e-25,1.253079696318402e-25,0.3496893409809102,1.0621069168155058e-23
72,0.019964745924606418,0.0029999999999999983,0.0022499999999999985,0.01949640207257387,0.29429705912771004,0.052743148024827914,0.00138494884554997,0.0012641849828232178,3.0328128966690235e-24,4.981464656753392e-25,2.5024103087814104e-26,2.043541800719633e-26,6.216617143850733e-27,0.3496893409809111,5.498226039142003e-25
73,0.019964745924606068,0.0029999999999999983,0.0022499999999999985,0.019496402072574474,0.29429705912772675,0.05274314802481087,0.0013849488455505066,0.0012641849828232785,1.5163743754185206e-25,2.451651128200263e-26,1.1800330386150209e-27,1.00357574116921e-27,2.924351913109457e-28,0.3496893409809114,2.6992555253097804e-26
74,0.01996474592460617,0.0029999999999999983,0.0022499999999999985,0.019496402072574113,0.2942970591277043,0.05274314802483402,0.001384948845549104,0.0012641849828225209,7.201972881330186e-27,1.1462740664394177e-27,5.286069291885593e-29,4.682105275403343e-29,1.306798455972361e-29,0.34968934098091,1.2590237966720305e-27
75,0.019964745924606928,0.0029999999999999983,0.0022499999999999985,0.019496402072572708,0.2942970591276937,0.052743148024845525,0.001384948845548572,0.0012641849828223476,3.254940260158601e-28,5.100461684697099e-29,2.253398623396455e-30,2.078833991124688e-30,5.557181193377951e-31,0.34968934098091015,5.589256758082993e-29
76,0.01996474592460722,0.0029999999999999983,0.0022499999999999985,0.019496402072572225,0.29429705912768944,0.05274314802485,0.0013849488455484219,0.001264184982822293,1.4021858420424837e-29,2.163450324722813e-30,9.156621482641552e-32,8.798556474429413e-32,2.2526467422312865e-32,0.34968934098091015,2.3655285717158355e-30
77,0.019964745924606446,0.0029999999999999983,0.0022499999999999985,0.019496402072573776,0.2942970591277133,0.05274314802482483,0.00138494884554984,0.0012641849828229834,5.76670627124951e-31,8.761733476568235e-32,3.5523372249152837e-33,3.5555390416761954e-33,8.717940184732277e-34,0.3496893409809109,9.559700505074707e-32
78,0.019964745924606325,0.0029999999999999983,0.0022499999999999985,0.019496402072573995,0.2942970591277132,0.05274314802482475,0.00138494884554999,0.0012641849828231662,2.2675895958765512e-32,3.3930790536828145e-33,1.3177417601115445e-34,1.3739066043522923e-34,3.226060372852592e-35,0.3496893409809111,3.694504493857724e-33
79,0.019964745924606023,0.0029999999999999983,0.0022499999999999985,0.01949640207257469,0.2942970591277302,0.05274314802480697,0.0013849488455510033,0.0012641849828236406,8.537640444561573e-34,1.2582923537416308e-34,4.680656556014811e-36,5.083814280748287e-36,1.1431207215757797e-36,0.3496893409809118,1.3673682693250197e-34
80,0.01996474592460655,0.0029999999999999983,0.0022499999999999985,0.019496402072573613,0.29429705912771453,0.05274314802482356,0.001384948845550006,0.001264184982823132,3.0820512458198886e-35,4.47450408391839e-36,1.5941751790537608e-37,1.803828064077456e-37,3.883874623721254e-38,0.34968934098091126,4.853143154468723e-36
81,0.01996474592460662,0.0029999999999999983,0.0022499999999999985,0.019496402072573648,0.2942970591277187,0.05274314802481902,0.0013849488455506295,0.0012641849828236064,1.068152429147991e-36,1.5277316552182962e-37,5.21292489420072e-39,6.145210996153334e-39,1.2669375265667249e-39,0.349689340980912,1.653982389387504e-37
82,0.019964745924606692,0.0029999999999999983,0.0022499999999999985,0.019496402072573492,0.29429705912771176,0.05274314802482612,0.0013849488455503294,0.0012641849828235181,3.5583877993639966e-38,5.014452656650728e-39,1.6386221571735555e-40,2.0125666764164467e-40,3.9728109727804247e-41,0.34968934098091176,5.4192996497375326e-39
83,0.019964745924606727,0.0029999999999999983,0.0022499999999999985,0.019496402072573246,0.29429705912770865,0.05274314802482984,0.0013849488455496641,0.0012641849828229775,1.1407991729464787e-39,1.5841037387464544e-40,4.957214783734541e-42,6.34373536489821e-42,1.198955239998708e-42,0.3496893409809111,1.7091027926327687e-40
84,0.019964745924606366,0.0029999999999999983,0.0022499999999999985,0.01949640207257387,0.29429705912771154,0.052743148024826624,0.0013849488455498157,0.0012641849828230558,3.5235910081745104e-41,4.821830019663669e-42,1.4449175218094507e-43,1.9266634113694075e-43,3.486224011023343e-44,0.34968934098091103,5.1938503530917875e-42
85,0.01996474592460626,0.0029999999999999983,0.0022499999999999985,0.01949640207257429,0.29429705912772347,0.05274314802481387,0.00138494884555089,0.001264184982823741,1.0496469293143169e-42,1.4156942379912829e-43,4.062151887105463e-45,5.644089466841208e-45,9.777239742371743e-46,0.349689340980912,1.5225338912731214e-43
86,0.019964745924606595,0.0029999999999999983,0.0022499999999999985,0.019496402072573603,0.29429705912771936,0.05274314802481858,0.001384948845550374,0.0012641849828233418,3.018709493885853e-44,4.013240431962272e-45,1.102595359748347e-46,1.5964236999267543e-46,2.6474334321112585e-47,0.34968934098091164,4.3096166722508943e-45
87,0.019964745924606963,0.0029999999999999983,0.0022499999999999985,0.019496402072573076,0.294297059127712,0.05274314802482595,0.0013849488455505406,0.0012641849828237278,8.38952917531222e-46,1.0995293389194559e-46,2.892285149021984e-48,4.364018617769423e-48,6.92786978850625e-49,0.3496893409809122,1.1790202463758762e-46
88,0.019964745924606342,0.0029999999999999983,0.0022499999999999985,0.019496402072573915,0.29429705912771137,0.05274314802482682,0.0013849488455496984,0.0012641849828229105,2.2552254714927324e-47,2.9140849533407584e-48,7.338867868097026e-50,1.1540034718179948e-49,1.7536316103275237e-50,0.34968934098091076,3.120410295306803e-48
89,0.019964745924607015,0.0029999999999999983,0.0022499999999999985,0.019496402072572763,0.29429705912770665,0.05274314802483204,0.0013849488455495256,0.0012641849828228706,5.868910661244716e-49,7.477565598436258e-50,1.802848308039915e-51,2.954532327459054e-51,4.2975423724129765e-52,0.3496893409809111,7.996279085710285e-50
90,0.01996474592460563,0.0029999999999999983,0.0022499999999999985,0.019496402072575178,0.29429705912772414,0.05274314802481334,0.0013849488455501793,0.0012641849828230044,1.4797942145518166e-50,1.859267411994388e-51,4.29133750472657e-53,7.329807566106829e-53,1.0204843768649333e-53,0.34968934098091065,1.9856837064713713e-51
91,0.019964745924606897,0.0029999999999999983,0.0022499999999999985,0.01949640207257289,0.29429705912769893,0.05274314802483985,0.0013849488455492428,0.0012641849828228708,3.617975594306302e-52,4.4832304331556005e-53,9.905439324709103e-55,1.7634481249591365e-54,2.349855662709676e-55,0.34968934098091087,4.782128195525701e-53
92,0.01996474592460604,0.0029999999999999983,0.0022499999999999985,0.019496402072574484,0.29429705912772786,0.0527431480248098,0.0013849488455505048,0.0012641849828232703,8.583779132797e-54,1.0491454953138384e-54,2.2188631030995863e-56,4.117438130036255e-56,5.251130185309114e-57,0.3496893409809114,1.1177596378305061e-54
93,0.019964745924606484,0.0029999999999999983,0.0022499999999999985,0.019496402072573412,0.29429705912769705,0.052743148024842014,0.0013849488455484232,0.0012641849828220822,1.977665815083388e-55,2.3844512544261258e-56,4.826983566506867e-58,9.33680909026749e-58,1.1396041674974026e-58,0.3496893409809096,2.537485222668843e-56
94,0.019964745924605926,0.0029999999999999983,0.0022499999999999985,0.019496402072574547,0.2942970591277081,0.052743148024829996,0.0013849488455492708,0.0012641849828225779,4.427791730174012e-57,5.266806918988626e-58,1.0204883676696313e-59,2.057667209773421e-59,2.4034955479777673e-60,0.34968934098091,5.598657432212709e-58
95,0.01996474592460663,0.0029999999999999983,0.0022499999999999985,0.01949640207257318,0.2942970591277008,0.05274314802483833,0.0013849488455485851,0.001264184982822137,9.639757571018202e-59,1.131350062661428e-59,2.0980309442695177e-61,4.410030550420837e-61,4.929528182184674e-62,0.3496893409809099,1.2013602057905164e-59
96,0.019964745924606158,0.0029999999999999983,0.0022499999999999985,0.019496402072574578,0.29429705912772797,0.05274314802480893,0.0013849488455513824,0.0012641849828240923,2.0420268515535858e-60,2.3648778248345477e-61,4.197193333811871e-63,9.197491601919755e-63,9.83811303918108e-64,0.34968934098091237,2.5086627872310452e-61
97,0.019964745924606737,0.0029999999999999983,0.0022499999999999985,0.01949640207257305,0.2942970591276973,0.05274314802484177,0.0013849488455486725,0.0012641849828223207,4.21145963259802e-62,4.8132854345882945e-63,8.175393105074427e-65,1.867745712901164e-64,1.9117101124577465e-65,0.3496893409809101,5.100931038053732e-63
98,0.019964745924606838,0.0029999999999999983,0.0022499999999999985,0.01949640207257297,0.29429705912769544,0.05274314802484342,0.0013849488455489193,0.0012641849828226139,8.46111237323026e-64,9.544279377347442e-65,1.5513455162600678e-66,3.695167694384634e-66,3.6189592890884106e-67,0.3496893409809104,1.0105120291302795e-64
99,0.019964745924606106,0.0029999999999999983,0.0022499999999999985,0.0194964020725743,0.2942970591277129,0.05274314802482511,0.001384948845549616,0.001264184982822761,1.6568477473839348e-65,1.8448013670441335e-66,2.8694270423734857e-68,7.126151100762196e-68,6.677799112629487e-69,0.3496893409809104,1.9514349475881197e-66
100,0.019964745924606276,0.0029999999999999983,0.0022499999999999985,0.01949640207257391,0.2942970591277025,0.05274314802483604,0.0013849488455489592,0.0012641849828224198,3.1639108435815385e-67,3.4776576015565368e-68,5.176004153616992e-70,1.340313089527107e-69,1.2017026803157756e-70,0.3496893409809099,3.6754659788485757e-68
101,0.01996474592460731,0.0029999999999999983,0.0022499999999999985,0.019496402072572024,0.29429705912769016,0.05274314802484954,0.0013849488455482627,0.0012641849828221115,5.894793162665569e-69,6.396915023812466e-70,9.110093815743782e-72,2.4598223694274016e-71,2.1100404577433747e-72,0.34968934098091004,6.755098603490078e-70
102,0.01996474592460715,0.0029999999999999983,0.0022499999999999985,0.01949640207257252,0.2942970591277075,0.05274314802483127,0.0013849488455497019,0.0012641849828230645,1.0720680082869252e-70,1.1487016033472376e-71,1.5652598028591936e-73,4.4071101524112896e-73,3.616772336510575e-74,0.34968934098091153,1.2120420752364532e-71
103,0.019964745924606668,0.0029999999999999983,0.0022499999999999985,0.019496402072573193,0.2942970591276997,0.052743148024839225,0.0013849488455487953,0.0012641849828223658,1.9040715919455064e-72,2.014624404408342e-73,2.626533292767598e-75,7.711771433339609e-75,6.054604255931846e-76,0.3496893409809101,2.1240620559253456e-73
104,0.019964745924606737,0.0029999999999999983,0.0022499999999999985,0.01949640207257301,0.2942970591276998,0.05274314802483929,0.0013849488455486253,0.0012641849828222058,3.3040041552457388e-74,3.4523908645593893e-75,4.3062702389580605e-77,1.318540101813557e-76,9.903154766129162e-78,0.34968934098091,3.637210731896454e-75
105,0.019964745924606377,0.0029999999999999983,0.0022499999999999985,0.019496402072573613,0.2942970591276954,0.052743148024843596,0.00138494884554837,0.0012641849828220573,5.603706253918528e-76,5.7831639216387534e-77,6.901165186576968e-79,2.203698786456823e-78,1.583308275921454e-79,0.3496893409809094,6.08837853490942e-77
106,0.019964745924606866,0.0029999999999999983,0.0022499999999999985,0.019496402072572968,0.29429705912770565,0.05274314802483302,0.001384948845549419,0.0012641849828228203,9.293108094074042e-78,9.473352132516104e-79,1.0814825200977901e-80,3.6016694338478806e-80,2.4753390423741015e-81,0.3496893409809109,9.966420718334411e-79
107,0.019964745924606217,0.0029999999999999983,0.0022499999999999985,0.019496402072574276,0.2942970591277224,0.05274314802481515,0.0013849488455505248,0.001264184982823407,1.507521546439425e-79,1.518099107871487e-80,1.6579001195517673e-82,5.758560019734155e-82,3.785707450992701e-83,0.3496893409809115,1.596049416715339e-80
108,0.019964745924606564,0.0029999999999999983,0.0022499999999999985,0.019496402072573357,0.29429705912769816,0.0527431480248407,0.0013849488455486988,0.0012641849828223105,2.3929965873890683e-81,2.3807484026545975e-82,2.4871264698551506e-84,9.010338552535133e-84,5.665802642101745e-85,0.34968934098090987,2.5013888555206016e-82
109,0.01996474592460603,0.0029999999999999983,0.0022499999999999985,0.019496402072574644,0.29429705912772547,0.05274314802481178,0.00138494884555082,0.0012641849828236202,3.7183402057185104e-83,3.6550713089698996e-84,3.652500401608898e-86,1.3801859267611968e-85,8.30099462641342e-87,0.34968934098091164,3.8379159002885213e-84
110,0.01996474592460588,0.0029999999999999983,0.0022499999999999985,0.019496402072574803,0.29429705912772347,0.05274314802481394,0.001384948845550466,0.0012641849828233414,5.657581805645414e-85,5.495319265774198e-86,5.252686964212199e-88,2.0703757074955537e-87,1.1909652321468602e-88,0.34968934098091126,5.766793358487344e-86
111,0.019964745924605943,0.0029999999999999983,0.0022499999999999985,0.01949640207257469,0.29429705912772014,0.052743148024817374,0.0013849488455502446,0.0012641849828231772,8.431938558479251e-87,8.093651133586846e-88,7.399656633794581e-90,3.042395226990927e-89,1.673818118617248e-90,0.349689340980911,8.488625403810056e-88
112,0.019964745924606623,0.0029999999999999983,0.0022499999999999985,0.01949640207257341,0.29429705912770654,0.052743148024831925,0.0013849488455494631,0.0012641849828228164,1.2313269649915986e-88,1.168112210213627e-89,1.0214442558712185e-91,4.3809783940170815e-91,2.3051115388081428e-92,0.3496893409809107,1.2244415482513183e-89
113,0.01996474592460613,0.0029999999999999983,0.0022499999999999985,0.019496402072574304,0.29429705912770365,0.05274314802483433,0.0013849488455494093,0.0012641849828228095,1.762372804069119e-90,1.6525012844660514e-91,1.3820369518857312e-93,6.183641300367269e-93,3.111565615200413e-94,0.34968934098091015,1.7312696326037818e-91
114,0.019964745924606776,0.0029999999999999983,0.0022499999999999985,0.019496402072572996,0.29429705912770077,0.05274314802483825,0.001384948845548866,0.0012641849828224244,2.4730022572528678e-92,2.2921322369789563e-93,1.833370253834552e-95,8.557731996020696e-95,4.118063071316067e-96,0.3496893409809103,2.4001613225488246e-93
115,0.019964745924606727,0.0029999999999999983,0.0022499999999999985,0.019496402072573166,0.2942970591277032,0.05274314802483553,0.0013849488455491717,0.0012641849828226377,3.403083174802585e-94,3.118147795172727e-95,2.385201016138874e-97,1.1615365582423289e-96,5.3450624830967307e-98,0.34968934098091053,3.2634985236414454e-95
116,0.01996474592460737,0.0029999999999999983,0.0022499999999999985,0.019496402072572146,0.29429705912770066,0.05274314802483837,0.0013849488455494044,0.0012641849828229454,4.593632313613549e-96,4.161278110801287e-97,3.044094426236581e-99,1.5466099537508088e-98,6.805693767848156e-100,0.3496893409809113,4.3531857442065817e-97
117,0.01996474592460717,0.0029999999999999983,0.0022499999999999985,0.01949640207257258,0.29429705912771115,0.05274314802482738,0.0013849488455500874,0.001264184982823325,6.083945833645335e-98,5.449280899695017e-99,3.8120550665782405e-101,2.020746671425532e-100,8.502789730926324e-102,0.3496893409809119,5.69797890723428e-99
118,0.01996474592460592,0.0029999999999999983,0.0022499999999999985,0.01949640207257496,0.29429705912772863,0.05274314802480817,0.0013849488455512703,0.0012641849828239388,7.907978094946911e-100,7.003887932721837e-101,4.685257301875914e-103,2.591381032904213e-102,1.0426180260966429e-103,0.34968934098091203,7.320304789291984e-101
119,0.019964745924606505,0.0029999999999999983,0.0022499999999999985,0.01949640207257376,0.2942970591277123,0.05274314802482559,0.0013849488455501165,0.0012641849828232878,1.0090160938267122e-101,8.837466754957446e-103,5.653042160375913e-105,3.2624219416655796e-104,1.2550616154463108e-105,0.3496893409809113,9.232789986882225e-103
120,0.0199647459246067,0.0029999999999999983,0.0022499999999999985,0.019496402072573384,0.2942970591277147,0.05274314802482346,0.001384948845550107,0.0012641849828232208,1.2640983900779654e-103,1.0949699730791439e-104,6.697348368799262e-107,4.033069229632762e-106,1.4834683815956515e-107,0.34968934098091153,1.1434814821258664e-104
121,0.019964745924606928,0.0029999999999999983,0.0022499999999999985,0.019496402072573086,0.29429705912770987,0.052743148024828206,0.0013849488455503819,0.0012641849828236645,1.5552769954802225e-105,1.3324654142795582e-106,7.792721149561993e-109,4.896789855885636e-108,1.7221012207394335e-109,0.3496893409809121,1.3909481352087159e-106
122,0.01996474592460679,0.0029999999999999983,0.0022499999999999985,0.01949640207257341,0.29429705912772475,0.0527431480248129,0.0013849488455510914,0.0012641849828239184,1.8796159034983915e-107,1.5928650379189181e-108,8.906993385284315e-111,5.840600749830491e-110,1.9637959756554116e-111,0.3496893409809127,1.6621418347781626e-108
123,0.01996474592460705,0.0029999999999999983,0.0022499999999999985,0.019496402072572614,0.29429705912770177,0.052743148024837275,0.0013849488455490605,0.001264184982822541,2.2317832040590423e-109,1.8709316809051613e-110,1.0002663767585716e-112,6.844795692738991e-112,2.2002811455110624e-113,0.34968934098091065,1.9515825827456482e-110
124,0.019964745924607015,0.0029999999999999983,0.0022499999999999985,0.019496402072572885,0.29429705912770965,0.05274314802482867,0.0013849488455500842,0.0012641849828233338,2.6039956297536086e-111,2.159614292906807e-112,1.1038913788385769e-114,7.883223027125197e-114,2.42263341266411e-115,0.34968934098091176,2.2519080703791086e-112
125,0.01996474592460592,0.0029999999999999983,0.0022499999999999985,0.019496402072574918,0.2942970591277341,0.052743148024802816,0.001384948845551351,0.0012641849828238885,2.986170470165985e-113,2.4502708981748844e-114,1.1974121319431681e-116,8.924170455791368e-116,2.6218356403856052e-117,0.34968934098091214,2.5541085596926154e-114
126,0.01996474592460621,0.0029999999999999983,0.0022499999999999985,0.019496402072574116,0.29429705912771664,0.05274314802482145,0.0013849488455498571,0.0012641849828229372,3.3663002570549636e-115,2.733059277034378e-116,1.2768655883088875e-118,9.931847653524523e-118,2.7893887330982033e-119,0.34968934098091087,2.84793579818581e-116
127,0.019964745924606373,0.0029999999999999983,0.0022499999999999985,0.01949640207257374,0.2942970591277072,0.05274314802483129,0.0013849488455491955,0.0012641849828225493,3.731040925086631e-117,2.99747542532183e-118,1.3387691509813413e-120,1.086838497370991e-119,2.917918913200197e-121,0.3496893409809102,3.1224648854819427e-118
128,0.019964745924606078,0.0029999999999999983,0.0022499999999999985,0.019496402072574436,0.2942970591277195,0.05274314802481821,0.0013849488455502134,0.0012641849828232002,4.0664777312700284e-119,3.2330003414349306e-120,1.3803756169886247e-122,1.1696197380489817e-121,3.0017193603184836e-123,0.3496893409809111,3.366767790770033e-120
129,0.01996474592460646,0.0029999999999999983,0.0022499999999999985,0.019496402072573672,0.29429705912770676,0.05274314802483161,0.001384948845549393,0.0012641849828227399,4.359008861531833e-121,3.429799648766211e-122,1.3998756153407917e-124,1.2380507496589975e-123,3.0371704818697595e-125,0.34968934098091053,3.5706406503673885e-122
130,0.019964745924606685,0.0029999999999999983,0.0022499999999999985,0.01949640207257315,0.2942970591276962,0.052743148024842805,0.001384948845548667,0.0012641849828223487,4.596268164927269e-123,3.579410618909951e-124,1.3965267687789266e-126,1.289178950596812e-125,3.022995775039156e-127,0.34968934098091,3.7253167774324605e-124
131,0.01996474592460675,0.0029999999999999983,0.0022499999999999985,0.019496402072573155,0.29429705912770227,0.05274314802483645,0.0013849488455491827,0.0012641849828226638,4.767998965178964e-125,3.67534913298762e-126,1.3706969196719404e-128,1.3207892600953544e-127,2.9603285484450505e-129,0.3496893409809106,3.82409535674232e-126
132,0.01996474592460608,0.0029999999999999983,0.0022499999999999985,0.019496402072574467,0.29429705912771814,0.05274314802481944,0.0013849488455502995,0.0012641849828233182,4.8667922704217665e-127,3.7135756409299883e-128,1.323818427714038e-130,1.3315630351690162e-129,2.8525860596378486e-131,0.34968934098091126,3.862822714783668e-128
133,0.019964745924606325,0.0029999999999999983,0.0022499999999999985,0.01949640207257387,0.2942970591277029,0.052743148024835505,0.0013849488455491559,0.0012641849828226122,4.888615153972973e-129,3.692773559276141e-130,1.2582603801095215e-132,1.3211677641210492e-131,2.7051688348974178e-133,0.34968934098091015,3.840178108324239e-130
134,0.019964745924607417,0.0029999999999999983,0.0022499999999999985,0.019496402072571917,0.2942970591276901,0.052743148024849446,0.0013849488455485238,0.0012641849828223574,4.833077094314553e-131,3.6144138581019675e-132,1.177134179343141e-134,1.2902692151861725e-133,2.5250211228066907e-135,0.3496893409809104,3.757737142536823e-132
135,0.019964745924606425,0.0029999999999999983,0.0022499999999999985,0.019496402072573738,0.2942970591277082,0.05274314802483016,0.0013849488455494597,0.0012641849828227652,4.7034106268399e-133,3.4826029860259803e-134,1.0840542614508844e-136,1.2404662238745806e-135,2.320101245892206e-137,0.34968934098091053,3.619810252273839e-134
136,0.01996474592460647,0.0029999999999999983,0.0022499999999999985,0.019496402072573495,0.29429705912770526,0.05274314802483354,0.001384948845548912,0.0012641849828223404,4.506173769577689e-135,3.3037345009721884e-136,9.828789402730918e-139,1.1741565552519254e-137,2.0988166623292517e-139,0.34968934098091004,3.4330777625624413e-136
137,0.019964745924607057,0.0029999999999999983,0.0022499999999999985,0.019496402072572375,0.2942970591276838,0.05274314802485593,0.0013849488455478043,0.0012641849828218513,4.2507110323816143e-137,3.08598467146256e-138,8.774563682428922e-141,1.094349187959474e-139,1.8694775533006457e-141,0.3496893409809094,3.206063631494237e-138
138,0.01996474592460648,0.0029999999999999983,0.0022499999999999985,0.019496402072573624,0.29429705912769816,0.05274314802484032,0.0013849488455490988,0.0012641849828227021,3.948433510812255e-139,2.838706380944459e-140,7.71397646305977e-143,1.0044430769293859e-141,1.639815495400436e-143,0.3496893409809103,2.9485044805958577e-140
139,0.01996474592460727,0.0029999999999999983,0.0022499999999999985,0.019496402072571896,0.2942970591276803,0.052743148024859986,0.001384948845547426,0.0012641849828216136,3.611993738855373e-141,2.571782404132579e-142,6.678939002132893e-145,9.079944791695087e-144,1.4166018777080478e-145,0.3496893409809093,2.670677392929371e-142
